0 0.527019 0.790369 0.054622 0.230811
0 0.071940 0.917619 0.063251 0.164762
0 0.196921 0.734525 0.063867 0.224668
0 0.497665 0.704862 0.052298 0.169351
0 0.103802 0.387379 0.205561 0.467550
0 0.294836 0.700331 0.058481 0.159860
0 0.125675 0.847496 0.043319 0.236146
0 0.838991 0.810363 0.158373 0.379275
0 0.373791 0.707684 0.057840 0.177040
0 0.541408 0.341191 0.116863 0.389388
0 0.473246 0.335649 0.151931 0.273893
0 0.321161 0.321578 0.101911 0.197456
0 0.192072 0.357010 0.161596 0.286143
0 0.422812 0.328279 0.087059 0.247386
1 0.747970 0.309472 0.296055 0.618944
1 0.750768 0.219634 0.300351 0.437415
