0 0.045054 0.102743 0.036147 0.103337
0 0.848595 0.780369 0.301934 0.424009
0 0.181254 0.074948 0.038609 0.149708
0 0.135742 0.062743 0.032866 0.125486
0 0.659954 0.676058 0.107533 0.210010
0 0.264174 0.080829 0.046863 0.158571
0 0.192122 0.118886 0.038761 0.175844
0 0.773640 0.240902 0.067000 0.220973
0 0.364869 0.417625 0.057315 0.143526
0 0.229834 0.136110 0.041535 0.179153
0 0.283791 0.733109 0.066015 0.228739
0 0.704482 0.221738 0.059948 0.166421
0 0.009040 0.184622 0.018080 0.204771
0 0.356198 0.728124 0.048857 0.208689
0 0.549640 0.210019 0.047445 0.145506
0 0.885164 0.210173 0.095404 0.301242
0 0.603317 0.726701 0.158291 0.191288
0 0.218553 0.030878 0.035794 0.061756
0 0.010361 0.056549 0.020701 0.113098
0 0.964173 0.252341 0.070031 0.220969
0 0.486806 0.714019 0.174403 0.258869
0 0.637196 0.193609 0.079432 0.201142
0 0.202639 0.669224 0.063572 0.104868
0 0.818276 0.193181 0.029313 0.145881
0 0.011905 0.454452 0.023809 0.068387
0 0.967339 0.772839 0.065269 0.378615
0 0.276384 0.038156 0.041787 0.074705
0 0.257858 0.032949 0.032694 0.065899
1 0.882565 0.131716 0.234476 0.263432
