0 0.816035 0.793614 0.196399 0.412773
0 0.701882 0.897366 0.079319 0.202538
0 0.276268 0.204665 0.049246 0.221036
0 0.544098 0.058084 0.054302 0.116168
0 0.248677 0.320517 0.054415 0.240487
0 0.577824 0.046840 0.041553 0.093656
0 0.575778 0.350475 0.050886 0.233090
0 0.437282 0.441264 0.067661 0.079792
0 0.125449 0.044806 0.039741 0.089287
0 0.440998 0.055797 0.052377 0.110708
0 0.076122 0.165032 0.056072 0.234017
0 0.043409 0.141298 0.048958 0.236018
0 0.097951 0.038752 0.033487 0.076741
0 0.817912 0.369395 0.013525 0.063408
0 0.009250 0.192407 0.018403 0.191240
0 0.781584 0.296065 0.012310 0.053744
0 0.729694 0.411728 0.014440 0.064758
0 0.705805 0.436690 0.012878 0.070898
2 0.292747 0.113836 0.142473 0.221109
2 0.886218 0.032111 0.028886 0.058566
1 0.374393 0.715978 0.193317 0.412845
