0 0.710199 0.542738 0.047770 0.213027
0 0.736520 0.655769 0.052526 0.232153
0 0.417060 0.337018 0.039572 0.195040
0 0.449205 0.362668 0.052219 0.191236
0 0.331048 0.807456 0.049684 0.214782
0 0.651916 0.104775 0.041858 0.112708
0 0.653975 0.052296 0.040010 0.104593
0 0.370420 0.259917 0.035500 0.099791
0 0.544693 0.359551 0.052439 0.197499
0 0.555751 0.862426 0.067715 0.241495
0 0.711385 0.069090 0.035694 0.135923
0 0.772709 0.955242 0.054401 0.089517
0 0.059807 0.625047 0.055051 0.222774
0 0.751203 0.079415 0.039227 0.144881
0 0.421750 0.193226 0.048729 0.156304
0 0.554243 0.160521 0.049241 0.191359
0 0.919368 0.258921 0.036213 0.153118
0 0.851801 0.106290 0.038769 0.162905
0 0.227655 0.279070 0.038937 0.161313
0 0.476167 0.180302 0.038199 0.145951
0 0.880050 0.101558 0.029213 0.152924
0 0.288599 0.214982 0.037441 0.155585
0 0.833407 0.084571 0.035479 0.160380
0 0.533191 0.919729 0.059109 0.160543
0 0.631365 0.855977 0.060140 0.228716
0 0.239105 0.232405 0.037367 0.166588
0 0.416214 0.686072 0.054456 0.230299
0 0.189760 0.295161 0.038788 0.171341
0 0.274103 0.126870 0.040757 0.164279
0 0.979840 0.588098 0.039773 0.205708
0 0.792053 0.088377 0.037744 0.131676
0 0.842405 0.309583 0.038258 0.184530
0 0.443123 0.155983 0.033558 0.170685
0 0.892530 0.468215 0.049343 0.207617
0 0.695379 0.945249 0.054827 0.109501
0 0.921594 0.437674 0.038580 0.198708
0 0.983913 0.293203 0.031820 0.169380
0 0.154653 0.242267 0.039288 0.155832
0 0.954700 0.271160 0.037961 0.159214
0 0.202212 0.134290 0.033759 0.152563
0 0.871212 0.307621 0.033533 0.160165
0 0.137838 0.172132 0.036902 0.130216
0 0.234728 0.128092 0.037584 0.143737
0 0.979955 0.514678 0.040080 0.213830
0 0.171081 0.151935 0.036005 0.147473
0 0.876489 0.264073 0.031213 0.144395
0 0.640572 0.962569 0.057143 0.074862
0 0.905769 0.241520 0.028379 0.142344
2 0.692176 0.433505 0.139777 0.251534
