0 0.710004 0.542508 0.048276 0.213268
0 0.736381 0.655668 0.052840 0.231967
0 0.417144 0.336627 0.039688 0.194172
0 0.449509 0.362739 0.052873 0.191707
0 0.651788 0.102980 0.041488 0.112982
0 0.330716 0.806212 0.049548 0.210203
0 0.653765 0.052017 0.039925 0.104033
0 0.370439 0.260050 0.035348 0.099467
0 0.753129 0.076819 0.039106 0.142844
0 0.710809 0.068937 0.036580 0.137452
0 0.848422 0.099728 0.037220 0.160879
0 0.791187 0.086690 0.036883 0.130057
0 0.535695 0.376941 0.046066 0.195084
0 0.831638 0.084167 0.035944 0.160142
0 0.839112 0.308482 0.037676 0.180155
0 0.879394 0.095690 0.030583 0.147013
0 0.871319 0.299962 0.038371 0.150183
0 0.772044 0.955735 0.054143 0.088529
0 0.056370 0.639410 0.055293 0.219695
0 0.422265 0.192246 0.049442 0.158030
0 0.630672 0.850765 0.061267 0.220016
0 0.540267 0.923725 0.062436 0.152386
0 0.556522 0.867974 0.067761 0.213017
0 0.918476 0.250203 0.034789 0.149856
0 0.548942 0.152836 0.042379 0.188805
0 0.228530 0.275109 0.037222 0.171178
0 0.911694 0.419974 0.041242 0.198089
0 0.239407 0.231633 0.037779 0.176519
0 0.475079 0.172561 0.037125 0.146032
0 0.190465 0.296483 0.038948 0.178477
0 0.415028 0.690248 0.055795 0.227189
0 0.276725 0.130129 0.037717 0.159192
0 0.979897 0.588300 0.039272 0.197357
0 0.878154 0.257716 0.033286 0.141458
0 0.290115 0.223205 0.039757 0.161325
0 0.696034 0.941782 0.055726 0.113427
0 0.866628 0.437331 0.050098 0.191173
0 0.444366 0.153050 0.035899 0.172986
0 0.959661 0.266370 0.044023 0.161878
0 0.137191 0.176244 0.035941 0.132401
0 0.170835 0.155177 0.034486 0.142230
0 0.202574 0.135578 0.033422 0.153492
0 0.906904 0.238538 0.026871 0.142688
0 0.986422 0.293193 0.027156 0.173650
0 0.153387 0.249766 0.038308 0.169933
0 0.235895 0.130520 0.036175 0.140400
0 0.639038 0.957846 0.051298 0.084307
0 0.970588 0.483725 0.049715 0.172819
0 0.413994 0.964370 0.056409 0.071260
2 0.692185 0.434195 0.140733 0.254141
