0 0.144949 0.408931 0.041207 0.143737
0 0.357490 0.225276 0.041532 0.117866
0 0.163987 0.337132 0.037297 0.133410
0 0.381857 0.208310 0.030432 0.121037
0 0.256269 0.788424 0.322122 0.420534
0 0.447350 0.503461 0.039071 0.130042
0 0.802619 0.393036 0.110360 0.355000
0 0.417001 0.159336 0.026930 0.062122
0 0.378931 0.116769 0.038515 0.099483
0 0.903856 0.411204 0.095895 0.319626
0 0.646420 0.387102 0.040604 0.139691
0 0.207248 0.063227 0.032059 0.065443
0 0.287068 0.222052 0.040268 0.123108
0 0.205944 0.031067 0.030570 0.062135
0 0.932137 0.620058 0.030058 0.103565
0 0.279303 0.518104 0.050431 0.101677
0 0.382708 0.427229 0.040749 0.140103
0 0.278643 0.097243 0.038131 0.120426
0 0.886830 0.619769 0.032211 0.099628
0 0.216350 0.521742 0.051706 0.098025
0 0.552991 0.180421 0.030995 0.105334
0 0.523783 0.170841 0.029357 0.101937
0 0.057626 0.067630 0.029559 0.101785
0 0.779101 0.685003 0.035217 0.105525
0 0.163082 0.040905 0.027100 0.081811
0 0.478677 0.127378 0.027435 0.097915
0 0.295661 0.547730 0.041244 0.043894
0 0.588853 0.101620 0.028422 0.095581
0 0.565831 0.089479 0.027230 0.096107
0 0.069349 0.053132 0.025559 0.090253
0 0.025672 0.293615 0.037763 0.125298
0 0.487694 0.072879 0.032689 0.106853
0 0.363576 0.094475 0.027652 0.105785
0 0.037795 0.196395 0.028663 0.098949
0 0.035699 0.062892 0.023621 0.089533
0 0.061620 0.197343 0.032697 0.114506
0 0.515396 0.138173 0.027979 0.104140
0 0.339047 0.107634 0.029005 0.093506
0 0.036768 0.162443 0.023408 0.087021
0 0.539123 0.082643 0.028674 0.096981
0 0.576911 0.146430 0.035878 0.102300
0 0.010013 0.271701 0.019899 0.110129
0 0.097965 0.054340 0.024452 0.080309
0 0.134562 0.049086 0.029410 0.083997
0 0.010500 0.162394 0.021001 0.096140
0 0.539930 0.031679 0.030507 0.062920
0 0.015376 0.158694 0.022244 0.097504
2 0.176312 0.269340 0.102652 0.163244
