0 0.710191 0.542120 0.048082 0.213556
0 0.736237 0.656224 0.053057 0.233246
0 0.405859 0.663562 0.048363 0.228410
0 0.330002 0.805316 0.050773 0.215891
0 0.450351 0.361373 0.052981 0.193874
0 0.235801 0.225072 0.036888 0.172400
0 0.461726 0.881785 0.067939 0.236431
0 0.653775 0.052798 0.039767 0.105597
0 0.417491 0.336481 0.039935 0.196610
0 0.651813 0.104831 0.041523 0.111185
0 0.370633 0.259783 0.035073 0.099780
0 0.421898 0.193664 0.047916 0.151817
0 0.176820 0.227393 0.036794 0.165483
0 0.461821 0.199459 0.037751 0.168701
0 0.566526 0.924138 0.066982 0.151724
0 0.552108 0.799231 0.062717 0.259832
0 0.277265 0.188580 0.039371 0.159931
0 0.215775 0.328489 0.044565 0.179918
0 0.246365 0.183015 0.028068 0.149119
0 0.495054 0.209335 0.040321 0.146435
0 0.296125 0.051187 0.027625 0.099554
0 0.062611 0.538344 0.047418 0.224852
0 0.749710 0.052573 0.028723 0.102883
0 0.149643 0.202176 0.028240 0.166554
0 0.661178 0.914523 0.068839 0.170953
0 0.556656 0.229454 0.044543 0.202455
0 0.219450 0.153350 0.035800 0.154533
0 0.261894 0.066323 0.038805 0.115523
0 0.176291 0.145089 0.035463 0.135359
0 0.958584 0.323849 0.034166 0.168462
0 0.583507 0.323465 0.046445 0.192625
0 0.754458 0.138558 0.035062 0.136528
0 0.926114 0.305766 0.032950 0.176251
0 0.861002 0.137451 0.034086 0.138288
0 0.898767 0.366819 0.036847 0.169309
0 0.827283 0.106197 0.031632 0.119644
0 0.935839 0.547823 0.052800 0.216394
0 0.869197 0.364488 0.039693 0.190317
0 0.865837 0.230974 0.042087 0.147417
0 0.961792 0.524697 0.043674 0.231897
0 0.201185 0.053013 0.041583 0.105303
0 0.988645 0.314955 0.022710 0.178246
0 0.233213 0.050367 0.030776 0.099218
0 0.897914 0.285037 0.030692 0.107847
2 0.692137 0.435933 0.140117 0.256466
