0 0.736208 0.655441 0.052670 0.231664
0 0.710195 0.542686 0.048296 0.213132
0 0.417337 0.337101 0.040331 0.196175
0 0.450358 0.362916 0.053108 0.192670
0 0.329912 0.803685 0.050406 0.218743
0 0.405920 0.665859 0.047978 0.228488
0 0.651672 0.104998 0.041176 0.110005
0 0.653410 0.052654 0.039609 0.105308
0 0.370669 0.259886 0.035539 0.099699
0 0.551080 0.823881 0.069479 0.262736
0 0.563775 0.343417 0.053166 0.196107
0 0.061655 0.575701 0.049610 0.221319
0 0.421877 0.193374 0.049297 0.156295
0 0.277379 0.189393 0.036495 0.157745
0 0.556880 0.164077 0.050176 0.183541
0 0.235530 0.222884 0.038109 0.176123
0 0.640298 0.883223 0.065101 0.233553
0 0.496276 0.907831 0.062567 0.184338
0 0.175310 0.230471 0.032717 0.168595
0 0.213821 0.329486 0.047725 0.188429
0 0.148051 0.212401 0.027034 0.161644
0 0.926530 0.528986 0.045129 0.228404
0 0.751455 0.116860 0.036721 0.150230
0 0.859310 0.127044 0.036031 0.154697
0 0.267694 0.075681 0.035394 0.104895
0 0.246668 0.183367 0.026670 0.150142
0 0.220845 0.151817 0.034453 0.156245
0 0.857076 0.347108 0.038799 0.186904
0 0.950391 0.507827 0.041677 0.231304
0 0.237788 0.051412 0.034607 0.102824
0 0.589353 0.948476 0.064780 0.102834
0 0.474358 0.174595 0.032646 0.158506
0 0.202216 0.048969 0.039472 0.097937
0 0.174497 0.145870 0.032766 0.139272
0 0.296794 0.052253 0.025702 0.099009
0 0.888348 0.130064 0.028956 0.149839
0 0.842777 0.203138 0.038331 0.158371
0 0.933999 0.290329 0.030609 0.170910
0 0.953948 0.318359 0.031106 0.182834
0 0.445194 0.155184 0.037288 0.182855
0 0.988575 0.301207 0.022851 0.171531
0 0.711913 0.072945 0.034960 0.125284
0 0.880693 0.338998 0.034792 0.170278
0 0.807907 0.110460 0.031371 0.122501
0 0.884789 0.266672 0.029227 0.105113
0 0.829017 0.103476 0.031086 0.123703
2 0.691582 0.435938 0.141426 0.256626
