0 0.710076 0.542704 0.048011 0.213518
0 0.736429 0.656529 0.053280 0.233975
0 0.417235 0.336348 0.040178 0.195111
0 0.449516 0.362939 0.052217 0.190834
0 0.330323 0.806140 0.050476 0.210391
0 0.651738 0.104432 0.041927 0.112108
0 0.370446 0.259799 0.035510 0.100878
0 0.653689 0.052267 0.040299 0.104533
0 0.546773 0.356873 0.051976 0.200093
0 0.554951 0.864251 0.068132 0.231549
0 0.061600 0.609631 0.052140 0.210849
0 0.421933 0.192765 0.050049 0.156130
0 0.712458 0.069644 0.036526 0.136356
0 0.638113 0.875432 0.066399 0.231566
0 0.772410 0.955299 0.052288 0.089402
0 0.421204 0.681990 0.047819 0.226948
0 0.284342 0.211034 0.036363 0.153725
0 0.555334 0.161405 0.048464 0.191808
0 0.855099 0.112208 0.036066 0.161560
0 0.228725 0.276263 0.038162 0.164178
0 0.750183 0.091690 0.037448 0.137860
0 0.239081 0.228067 0.037153 0.159876
0 0.530631 0.918341 0.061381 0.162537
0 0.695438 0.949300 0.052673 0.101399
0 0.475821 0.181711 0.038135 0.146383
0 0.272958 0.121362 0.038025 0.154832
0 0.837225 0.085455 0.035181 0.157396
0 0.190961 0.294227 0.040700 0.168743
0 0.881922 0.104827 0.030037 0.156130
0 0.902112 0.492568 0.051263 0.221200
0 0.927289 0.459398 0.041449 0.215895
0 0.137479 0.178450 0.036168 0.134487
0 0.441953 0.156760 0.035202 0.169724
0 0.842819 0.196504 0.037793 0.158224
0 0.156307 0.238320 0.045584 0.161947
0 0.958656 0.276415 0.033407 0.163322
0 0.985257 0.291328 0.029486 0.169425
0 0.982455 0.521615 0.034997 0.203885
0 0.854432 0.333379 0.040108 0.193911
0 0.170339 0.158692 0.035650 0.141239
0 0.979948 0.585225 0.039338 0.208379
0 0.911292 0.269662 0.036360 0.166213
0 0.235685 0.121201 0.037043 0.135762
0 0.878575 0.249262 0.027109 0.102894
0 0.202982 0.133475 0.032817 0.150304
0 0.880035 0.329710 0.032126 0.173341
0 0.800288 0.099583 0.029814 0.133043
0 0.841283 0.313463 0.037052 0.187840
0 0.936231 0.283618 0.029632 0.178643
2 0.692361 0.436514 0.141213 0.257009
