0 0.710293 0.542759 0.048075 0.213007
0 0.736276 0.656935 0.052909 0.234296
0 0.417176 0.337533 0.040573 0.193215
0 0.330073 0.804147 0.051346 0.216760
0 0.450153 0.362389 0.052175 0.190213
0 0.651708 0.104920 0.042050 0.110781
0 0.653823 0.052748 0.039880 0.105496
0 0.641345 0.885259 0.067655 0.229483
0 0.554475 0.857853 0.068742 0.243677
0 0.370578 0.259748 0.035376 0.099892
0 0.418678 0.683852 0.048867 0.232698
0 0.063252 0.594162 0.050448 0.212835
0 0.421968 0.194362 0.049092 0.154240
0 0.557424 0.166458 0.050239 0.184976
0 0.712546 0.070280 0.035978 0.135188
0 0.855693 0.337240 0.043851 0.185711
0 0.547777 0.356641 0.052647 0.201853
0 0.230860 0.281171 0.037200 0.157783
0 0.527934 0.919499 0.060882 0.161001
0 0.882507 0.334256 0.029994 0.164168
0 0.750530 0.104541 0.040242 0.152721
0 0.858124 0.121334 0.039365 0.172601
0 0.281672 0.199924 0.031583 0.156201
0 0.239278 0.222235 0.038917 0.179365
0 0.808514 0.109888 0.031271 0.127496
0 0.845788 0.198277 0.038761 0.166406
0 0.884927 0.113824 0.028294 0.165857
0 0.269599 0.121040 0.037103 0.162295
0 0.909150 0.278379 0.036334 0.168995
0 0.443383 0.151192 0.035899 0.182450
0 0.170768 0.152097 0.035364 0.135080
0 0.904800 0.501794 0.049183 0.219098
0 0.960006 0.280648 0.029309 0.166499
0 0.842195 0.091351 0.034696 0.162105
0 0.936661 0.282880 0.031690 0.168225
0 0.932195 0.475920 0.041916 0.211016
0 0.195291 0.299297 0.040308 0.170672
0 0.139564 0.175579 0.038136 0.144795
0 0.983123 0.517955 0.033754 0.180239
0 0.771223 0.954577 0.056373 0.090845
0 0.166404 0.234163 0.039692 0.163587
0 0.984571 0.291466 0.030858 0.185076
0 0.881677 0.260903 0.025537 0.096704
0 0.696951 0.944851 0.057033 0.110298
0 0.234461 0.122642 0.036785 0.139939
0 0.474571 0.178573 0.039600 0.154129
0 0.205025 0.134752 0.031718 0.149003
2 0.691909 0.436878 0.141448 0.257604
