0 0.118628 0.148501 0.053924 0.223986
0 0.146129 0.074072 0.050131 0.148143
0 0.554982 0.258113 0.053798 0.106569
0 0.473236 0.170883 0.054084 0.238935
0 0.340784 0.725696 0.230635 0.548608
0 0.932222 0.742907 0.135556 0.514185
0 0.786120 0.763629 0.094985 0.472742
0 0.316162 0.235735 0.063293 0.149999
0 0.675032 0.765431 0.066838 0.469139
0 0.145134 0.817013 0.069468 0.365975
0 0.824631 0.159719 0.250504 0.304416
0 0.885289 0.748818 0.111090 0.502365
1 0.769631 0.655342 0.253142 0.686213
1 0.928646 0.053758 0.141451 0.103915
1 0.725201 0.058127 0.164189 0.112556
