0 0.495727 0.500487 0.057652 0.211569
0 0.210362 0.697526 0.053422 0.231185
0 0.180609 0.825833 0.058143 0.261718
0 0.531070 0.471799 0.045005 0.212479
0 0.628520 0.937070 0.056776 0.125860
0 0.585210 0.142620 0.039099 0.106282
0 0.582650 0.388580 0.038719 0.109164
0 0.390061 0.494771 0.056259 0.213138
0 0.534417 0.203564 0.043885 0.173152
0 0.526373 0.343658 0.052812 0.110368
0 0.681896 0.078767 0.033788 0.155948
0 0.379601 0.069725 0.054232 0.139411
0 0.053043 0.467867 0.045534 0.214555
0 0.529800 0.075064 0.053345 0.150127
0 0.527687 0.860620 0.054205 0.262718
0 0.498354 0.219707 0.055880 0.139074
0 0.677352 0.352291 0.039530 0.126561
0 0.053288 0.207570 0.045350 0.164872
0 0.381818 0.958017 0.076628 0.083966
0 0.024300 0.459874 0.033434 0.190743
0 0.377690 0.337309 0.055906 0.094449
0 0.385840 0.211980 0.058547 0.157885
0 0.978052 0.177095 0.043559 0.221250
0 0.021331 0.209827 0.037740 0.158854
0 0.829846 0.129626 0.078823 0.259252
0 0.469249 0.332941 0.041192 0.088358
0 0.739361 0.397426 0.039573 0.194228
0 0.024880 0.373108 0.031851 0.110968
0 0.724593 0.363283 0.037364 0.147797
0 0.727924 0.090326 0.038470 0.174034
0 0.064342 0.345920 0.046565 0.109985
0 0.170541 0.020207 0.041195 0.038576
0 0.022065 0.134721 0.030299 0.106773
0 0.739359 0.145566 0.037513 0.214757
0 0.060779 0.081377 0.043860 0.158301
0 0.935462 0.173436 0.053010 0.228275
0 0.276250 0.014516 0.046117 0.029033
0 0.019780 0.037127 0.035478 0.073571
0 0.734338 0.032235 0.039246 0.064469
0 0.506935 0.059775 0.036699 0.119550
0 0.006792 0.396220 0.013584 0.166097
0 0.048159 0.031205 0.036557 0.062194
0 0.295873 0.975114 0.054852 0.049772
2 0.229539 0.578336 0.158923 0.279305
