0 0.226848 0.775007 0.404622 0.449267
0 0.557674 0.767290 0.123780 0.351386
0 0.756599 0.812607 0.150012 0.272203
0 0.854005 0.799583 0.137604 0.266253
0 0.469940 0.777582 0.080434 0.444835
0 0.954542 0.777934 0.090393 0.316081
0 0.972821 0.873864 0.053952 0.252273
0 0.707737 0.671338 0.102776 0.226809
0 0.519662 0.636684 0.043726 0.085875
0 0.611091 0.651535 0.051591 0.106790
0 0.651814 0.662210 0.023284 0.031332
0 0.341945 0.392020 0.044349 0.259771
0 0.300257 0.316188 0.026263 0.128587
1 0.719916 0.499455 0.556786 0.998909
2 0.079432 0.422898 0.157746 0.240370
