0 0.913103 0.880405 0.054983 0.235159
0 0.469298 0.283360 0.053984 0.236546
0 0.318500 0.799897 0.287735 0.397932
0 0.942976 0.939034 0.061535 0.120625
0 0.175285 0.094629 0.058166 0.189259
0 0.531463 0.565126 0.039650 0.111758
0 0.484013 0.355936 0.030873 0.146477
0 0.097897 0.806860 0.190628 0.385445
0 0.584667 0.650607 0.047085 0.218432
0 0.588086 0.501853 0.055404 0.149216
0 0.139228 0.082118 0.044949 0.164237
0 0.620368 0.681784 0.059264 0.221060
0 0.739440 0.537878 0.052483 0.213673
0 0.574752 0.949853 0.054054 0.098501
0 0.128694 0.364885 0.053546 0.125788
0 0.976467 0.483501 0.045799 0.114405
0 0.633086 0.512226 0.044392 0.167240
0 0.670952 0.512403 0.047367 0.158130
0 0.086918 0.012575 0.037773 0.025151
0 0.797002 0.617459 0.055533 0.217063
0 0.292007 0.028618 0.048371 0.056811
0 0.353173 0.065059 0.047567 0.129581
0 0.847974 0.440501 0.045994 0.025867
1 0.249433 0.711136 0.498120 0.576566
2 0.892720 0.794457 0.156883 0.359149
2 0.435844 0.155490 0.130339 0.287346
