0 0.300709 0.415743 0.054632 0.242097
0 0.114597 0.204976 0.060796 0.228854
0 0.871670 0.415151 0.256660 0.251549
0 0.017562 0.210031 0.034939 0.215011
0 0.627168 0.392947 0.234084 0.291393
0 0.320267 0.475399 0.037643 0.128503
0 0.128295 0.045976 0.056956 0.091952
0 0.126603 0.821142 0.176048 0.357716
0 0.033195 0.042241 0.041277 0.083926
0 0.413471 0.235492 0.062349 0.095981
0 0.633203 0.798199 0.047579 0.141045
0 0.549054 0.723733 0.032029 0.055215
0 0.585076 0.720470 0.031410 0.052161
0 0.688418 0.400437 0.264069 0.280722
2 0.268445 0.291920 0.140447 0.296944
