0 0.048269 0.261877 0.050306 0.219233
0 0.317070 0.086651 0.054599 0.173302
0 0.804604 0.451996 0.052271 0.197956
0 0.680361 0.054918 0.054418 0.109724
0 0.024390 0.381521 0.048779 0.240827
0 0.349952 0.076389 0.041262 0.151893
0 0.725566 0.326438 0.049924 0.228834
0 0.418288 0.197293 0.037577 0.223445
0 0.713869 0.042426 0.041940 0.084253
0 0.574711 0.458260 0.068401 0.182172
0 0.227685 0.095916 0.051171 0.191831
0 0.348219 0.414891 0.054232 0.229627
0 0.565589 0.047217 0.055427 0.094434
0 0.128886 0.508764 0.065673 0.083135
0 0.475539 0.503118 0.077494 0.094719
0 0.207157 0.515983 0.073705 0.070929
0 0.625903 0.519786 0.053535 0.058834
0 0.926729 0.037528 0.041225 0.075056
2 0.069083 0.151583 0.138165 0.265094
2 0.925270 0.374824 0.061784 0.104184
3 0.243951 0.774923 0.310940 0.386045
3 0.455624 0.112043 0.100862 0.212886
