0 0.019458 0.726107 0.037314 0.166814
0 0.080769 0.245404 0.044295 0.183435
0 0.101944 0.156345 0.039838 0.167253
0 0.329507 0.924473 0.041014 0.151054
0 0.767699 0.727872 0.199463 0.533642
0 0.231429 0.586596 0.043530 0.149046
0 0.258086 0.564825 0.032257 0.150311
0 0.267230 0.820697 0.039948 0.179647
0 0.350995 0.250114 0.038948 0.173806
0 0.342864 0.036111 0.030026 0.072223
0 0.296211 0.507982 0.028415 0.076869
0 0.315773 0.045911 0.042229 0.091823
0 0.148017 0.923515 0.053707 0.147469
0 0.255350 0.453303 0.038971 0.122243
0 0.139085 0.572274 0.045531 0.152433
0 0.144084 0.437133 0.040325 0.133833
0 0.426109 0.560595 0.036802 0.145219
0 0.065383 0.388307 0.032418 0.077065
0 0.413005 0.311766 0.042343 0.068601
0 0.223104 0.457936 0.032263 0.134699
0 0.195206 0.467066 0.033282 0.118204
0 0.407552 0.480072 0.030523 0.129846
0 0.372159 0.445113 0.032858 0.136919
0 0.231746 0.309604 0.055817 0.078883
0 0.062898 0.366245 0.031939 0.035252
0 0.009722 0.819734 0.019300 0.182845
0 0.456262 0.475870 0.028704 0.144051
0 0.204650 0.964499 0.051710 0.065499
0 0.478173 0.454484 0.024893 0.139545
0 0.400161 0.444001 0.023273 0.118756
0 0.419971 0.428587 0.028128 0.116860
0 0.204700 0.031317 0.035049 0.062634
0 0.453774 0.420650 0.025369 0.097323
0 0.717274 0.294307 0.040264 0.107704
0 0.062367 0.967868 0.061771 0.061913
0 0.387741 0.373420 0.031125 0.053367
0 0.438741 0.370720 0.029962 0.043857
0 0.498892 0.451870 0.028263 0.130494
2 0.116591 0.090360 0.124437 0.180719
2 0.046949 0.644508 0.093898 0.210490
