0 0.225309 0.418026 0.053892 0.239525
0 0.252840 0.300731 0.050822 0.216175
0 0.086666 0.065027 0.040318 0.130053
0 0.119962 0.079577 0.040036 0.159155
0 0.613010 0.763193 0.182578 0.284631
0 0.738548 0.766432 0.124085 0.245027
0 0.091413 0.196006 0.047995 0.194447
0 0.053440 0.183382 0.042968 0.207591
0 0.064498 0.794707 0.072531 0.280705
0 0.037727 0.040926 0.037265 0.081274
0 0.067196 0.039652 0.037012 0.079304
1 0.650500 0.229243 0.690760 0.458093
1 0.908336 0.687370 0.182085 0.270020
2 0.253329 0.196362 0.118123 0.300031
