0 0.655011 0.766119 0.251638 0.463929
0 0.270223 0.193142 0.045261 0.214005
0 0.306931 0.221605 0.059135 0.206628
0 0.219682 0.108145 0.038485 0.107440
0 0.275944 0.059924 0.053578 0.119847
0 0.117104 0.060086 0.041972 0.120172
0 0.429042 0.197607 0.059157 0.209783
0 0.424693 0.052017 0.053554 0.104033
0 0.083241 0.053537 0.030264 0.107075
0 0.071928 0.082816 0.039585 0.165633
0 0.867678 0.329362 0.178241 0.342984
0 0.046036 0.185237 0.051190 0.212069
0 0.467955 0.819657 0.115745 0.335911
0 0.235581 0.787612 0.162796 0.272329
0 0.009889 0.085882 0.019778 0.166985
0 0.318599 0.063707 0.041379 0.127414
0 0.260510 0.468070 0.052695 0.065605
0 0.057045 0.042697 0.030942 0.085395
2 0.251572 0.764207 0.053078 0.145230
