0 0.170185 0.334727 0.062302 0.248254
0 0.200641 0.212193 0.056615 0.247031
0 0.658004 0.347175 0.058244 0.220546
0 0.847408 0.768040 0.110348 0.210154
0 0.685562 0.746616 0.114853 0.207441
0 0.593843 0.768109 0.121279 0.239442
0 0.945225 0.795658 0.109253 0.291372
0 0.614988 0.084554 0.062811 0.169107
0 0.500050 0.061838 0.058645 0.123062
0 0.769017 0.758944 0.088182 0.196449
0 0.385035 0.399497 0.069985 0.120611
0 0.733377 0.432221 0.061213 0.055228
0 0.584123 0.413445 0.068393 0.090205
0 0.858824 0.093232 0.065567 0.186464
0 0.186374 0.726957 0.030682 0.064522
0 0.627189 0.031403 0.051622 0.062805
1 0.767133 0.702789 0.464846 0.594422
1 0.267746 0.765911 0.525514 0.456517
2 0.215442 0.114886 0.158811 0.229771
