0 0.335144 0.338472 0.059980 0.219632
0 0.298757 0.309476 0.045766 0.220100
0 0.285535 0.651680 0.055238 0.197499
0 0.245399 0.223043 0.039069 0.112691
0 0.303967 0.148162 0.056305 0.172208
0 0.091941 0.187113 0.040469 0.185586
0 0.067277 0.301900 0.052531 0.213445
0 0.139023 0.144258 0.044440 0.180075
0 0.111305 0.888443 0.175051 0.223114
0 0.271867 0.896562 0.192936 0.206875
0 0.025322 0.182660 0.039408 0.207125
0 0.347449 0.158769 0.041305 0.186481
0 0.124073 0.038158 0.042003 0.076317
0 0.104407 0.132539 0.031164 0.182350
0 0.075597 0.101664 0.038953 0.179447
0 0.025266 0.091120 0.040588 0.157927
0 0.384294 0.164872 0.045800 0.168825
0 0.005770 0.158808 0.011477 0.201371
1 0.641194 0.412954 0.414422 0.346298
1 0.694583 0.316227 0.523751 0.632453
