0 0.264917 0.419991 0.048734 0.204195
0 0.088526 0.940447 0.047691 0.119106
0 0.850582 0.743028 0.298835 0.444553
0 0.239151 0.470817 0.053768 0.094954
0 0.146160 0.567085 0.044655 0.098095
0 0.427339 0.703052 0.049065 0.128504
0 0.381822 0.772524 0.043091 0.165290
0 0.527829 0.247587 0.054356 0.191153
0 0.364740 0.829361 0.052070 0.201198
0 0.514696 0.086517 0.041691 0.165444
0 0.481570 0.094946 0.038467 0.153060
0 0.549786 0.076313 0.038705 0.152626
0 0.186162 0.749599 0.048505 0.187931
0 0.360361 0.664887 0.046501 0.178446
0 0.326497 0.686539 0.043455 0.174182
0 0.554623 0.217904 0.031894 0.195906
0 0.146784 0.533566 0.045611 0.029875
0 0.244448 0.726913 0.049955 0.206312
0 0.418597 0.113249 0.045829 0.203597
0 0.323166 0.020079 0.042194 0.039093
0 0.296002 0.691284 0.040676 0.178521
0 0.018017 0.099996 0.033286 0.127943
0 0.026336 0.627492 0.043872 0.144098
0 0.369662 0.194149 0.042027 0.187917
0 0.030737 0.565643 0.046011 0.088685
0 0.549728 0.638565 0.032204 0.170823
0 0.076381 0.251126 0.036618 0.167878
0 0.319011 0.554724 0.044450 0.067346
0 0.105597 0.247595 0.041582 0.184805
0 0.112717 0.051443 0.033741 0.102886
0 0.018782 0.215517 0.036961 0.183622
0 0.283538 0.549646 0.039550 0.060060
0 0.557833 0.821196 0.023266 0.192377
0 0.210845 0.055120 0.040209 0.110240
0 0.253996 0.550631 0.039471 0.061998
0 0.046194 0.192187 0.033319 0.182288
0 0.081514 0.139497 0.036206 0.127043
0 0.024737 0.427638 0.047513 0.180081
0 0.541890 0.541344 0.039545 0.043892
0 0.216815 0.048187 0.039298 0.096374
1 0.784273 0.758515 0.427577 0.482970
2 0.106016 0.872739 0.143351 0.241456
1 0.785661 0.353573 0.427433 0.315145
2 0.280203 0.317054 0.146442 0.271095
