0 0.710144 0.542482 0.048265 0.212892
0 0.736093 0.655910 0.052915 0.233010
0 0.417391 0.337410 0.040488 0.195839
0 0.329876 0.803433 0.050749 0.220298
0 0.449823 0.363321 0.053753 0.189849
0 0.651804 0.105036 0.041650 0.111633
0 0.653937 0.052682 0.039769 0.105363
0 0.407007 0.670235 0.049362 0.229911
0 0.552214 0.831368 0.065811 0.250942
0 0.370747 0.259839 0.035438 0.099581
0 0.061605 0.586700 0.051425 0.219940
0 0.422496 0.193768 0.049834 0.155590
0 0.641933 0.884510 0.067274 0.230980
0 0.557641 0.170018 0.050019 0.177250
0 0.234193 0.225103 0.037749 0.173769
0 0.855161 0.340712 0.043333 0.182699
0 0.279171 0.194331 0.037739 0.155153
0 0.923646 0.523423 0.042923 0.230281
0 0.559201 0.346272 0.054834 0.200104
0 0.750390 0.106425 0.039709 0.157123
0 0.858505 0.122290 0.039171 0.167815
0 0.883160 0.334591 0.032613 0.169791
0 0.809021 0.107887 0.031833 0.129541
0 0.504086 0.911874 0.054446 0.176253
0 0.712941 0.069251 0.036423 0.135657
0 0.598178 0.947224 0.053573 0.105553
0 0.936239 0.282644 0.033383 0.164833
0 0.841796 0.092363 0.034295 0.160807
0 0.887402 0.124030 0.028473 0.153722
0 0.844022 0.197209 0.038073 0.166804
0 0.441683 0.154884 0.034965 0.171192
0 0.945728 0.494650 0.041751 0.222056
0 0.472707 0.178924 0.036410 0.151186
0 0.964870 0.283461 0.030007 0.167472
0 0.211532 0.322287 0.047823 0.200018
0 0.882557 0.260716 0.028619 0.104176
0 0.269181 0.113007 0.036035 0.158445
0 0.173764 0.227749 0.035648 0.164971
0 0.224626 0.148528 0.029127 0.144603
0 0.988900 0.286019 0.022201 0.174183
0 0.149184 0.169448 0.027106 0.133718
0 0.269099 0.088846 0.035850 0.113914
0 0.203791 0.052375 0.039009 0.102749
0 0.172960 0.150029 0.030940 0.133622
0 0.241624 0.055671 0.033356 0.108304
0 0.911340 0.274120 0.032140 0.155482
2 0.691941 0.435591 0.140719 0.257182
