0 0.248816 0.369278 0.042190 0.136487
0 0.178279 0.050433 0.032683 0.100866
0 0.186253 0.281361 0.040079 0.176475
0 0.151531 0.058182 0.042779 0.115939
0 0.554235 0.786474 0.106859 0.142220
0 0.068409 0.378297 0.054629 0.121750
0 0.612980 0.734706 0.102017 0.113947
0 0.064689 0.054964 0.042654 0.108560
0 0.344106 0.043144 0.033097 0.084043
0 0.279115 0.705297 0.091886 0.293640
0 0.629885 0.147639 0.011464 0.060880
0 0.593774 0.312482 0.014856 0.080421
0 0.568972 0.395712 0.021587 0.087792
0 0.618992 0.205172 0.012671 0.064418
0 0.767668 0.167508 0.011755 0.066772
0 0.709654 0.203365 0.010754 0.059164
0 0.730116 0.202209 0.011332 0.055092
0 0.563897 0.224115 0.009821 0.064294
0 0.669670 0.198207 0.010041 0.070584
0 0.593603 0.199225 0.012189 0.057361
0 0.764898 0.169099 0.012528 0.059904
0 0.584064 0.372182 0.015893 0.055378
0 0.737201 0.130221 0.009328 0.051928
0 0.846947 0.309052 0.014400 0.083419
0 0.565848 0.223714 0.010997 0.063860
