0 0.710309 0.542538 0.048197 0.213452
0 0.736330 0.658077 0.052806 0.236299
0 0.417122 0.337611 0.040441 0.194086
0 0.329957 0.803393 0.051689 0.216688
0 0.450117 0.362666 0.052680 0.190765
0 0.651613 0.104746 0.042066 0.110592
0 0.653778 0.052670 0.039968 0.105340
0 0.370489 0.259773 0.035284 0.099727
0 0.642111 0.884992 0.067014 0.230016
0 0.554766 0.856621 0.068716 0.244462
0 0.418356 0.682631 0.048621 0.232866
0 0.062119 0.591691 0.050459 0.211728
0 0.422066 0.193667 0.049780 0.155068
0 0.557403 0.165573 0.050549 0.185213
0 0.712450 0.070541 0.035840 0.134404
0 0.854896 0.338020 0.044086 0.185884
0 0.547988 0.355747 0.055467 0.199631
0 0.882096 0.334794 0.030734 0.165693
0 0.525803 0.919678 0.060006 0.160644
0 0.750511 0.105398 0.040241 0.151575
0 0.858787 0.122218 0.038745 0.171211
0 0.281395 0.198104 0.031962 0.158684
0 0.239003 0.222552 0.039132 0.183159
0 0.230582 0.279632 0.037648 0.159482
0 0.808905 0.112593 0.030524 0.124616
0 0.910329 0.280450 0.037188 0.170881
0 0.845917 0.199256 0.038889 0.164114
0 0.442872 0.153008 0.035653 0.179466
0 0.933759 0.479985 0.041571 0.209618
0 0.268906 0.120946 0.037001 0.162359
0 0.841340 0.091612 0.034990 0.161583
0 0.959551 0.281860 0.030536 0.163730
0 0.171671 0.149083 0.033960 0.134302
0 0.983615 0.517533 0.032759 0.181239
0 0.881115 0.260031 0.025517 0.097316
0 0.937310 0.285195 0.031785 0.169687
0 0.141068 0.175688 0.037650 0.145533
0 0.905689 0.502052 0.049046 0.216859
0 0.884926 0.116069 0.026356 0.163556
0 0.195242 0.300336 0.041639 0.175078
0 0.166842 0.229524 0.040253 0.160208
0 0.985279 0.291710 0.029443 0.181098
0 0.233918 0.124546 0.036632 0.139221
0 0.771015 0.954423 0.057716 0.091153
0 0.472659 0.175376 0.041521 0.155330
0 0.204878 0.132876 0.032618 0.142890
0 0.989433 0.295749 0.021134 0.181970
2 0.691793 0.436125 0.140568 0.255084
