0 0.531343 0.221832 0.049960 0.217977
0 0.558607 0.340246 0.054438 0.241803
0 0.218897 0.349212 0.049864 0.235405
0 0.141386 0.460296 0.051587 0.157009
0 0.369481 0.447284 0.063865 0.183699
0 0.467789 0.719922 0.308114 0.362071
0 0.262431 0.065690 0.053327 0.131038
0 0.842778 0.770231 0.314444 0.459537
0 0.230600 0.055276 0.040413 0.110266
0 0.273320 0.493391 0.064724 0.089584
0 0.402649 0.048184 0.051477 0.096048
0 0.027092 0.054546 0.049373 0.108347
0 0.781601 0.375632 0.028717 0.181684
0 0.411773 0.046299 0.054775 0.092556
0 0.828965 0.393566 0.041776 0.288670
2 0.513038 0.120817 0.147817 0.241634
