0 0.231052 0.280775 0.056338 0.199588
0 0.747214 0.765877 0.252261 0.468245
0 0.313717 0.176583 0.036306 0.100227
0 0.260815 0.109202 0.050876 0.156579
0 0.219618 0.117862 0.038326 0.164550
0 0.442580 0.102620 0.028734 0.142463
0 0.265617 0.255263 0.041212 0.202106
0 0.185490 0.125781 0.042206 0.155517
0 0.513518 0.143476 0.034700 0.167812
0 0.475343 0.249751 0.045974 0.194731
0 0.540595 0.114350 0.031519 0.169655
0 0.453871 0.138094 0.038473 0.183557
0 0.410003 0.102872 0.038831 0.162519
0 0.469992 0.073504 0.035250 0.143652
0 0.023061 0.035211 0.042509 0.069471
0 0.122093 0.150381 0.046403 0.202140
0 0.093531 0.244135 0.045152 0.196349
0 0.879182 0.245457 0.058745 0.270812
0 0.511629 0.063944 0.033746 0.126071
0 0.915655 0.218285 0.038935 0.138970
0 0.427350 0.019765 0.041972 0.039097
1 0.291139 0.765772 0.578983 0.439126
1 0.789142 0.500000 0.421715 1.000000
3 0.027043 0.351306 0.054086 0.247673
