0 0.246639 0.193353 0.052453 0.192418
0 0.279587 0.166786 0.041737 0.198652
0 0.327153 0.089477 0.035095 0.100496
0 0.368231 0.576259 0.053613 0.086915
0 0.275525 0.049739 0.050277 0.099477
0 0.138099 0.045328 0.049974 0.090108
0 0.275567 0.512681 0.052787 0.212454
0 0.866702 0.353775 0.090378 0.300420
0 0.469302 0.105490 0.038219 0.172278
0 0.637921 0.443587 0.050963 0.223254
0 0.149269 0.187022 0.052774 0.201532
0 0.415854 0.057260 0.034125 0.114519
0 0.293614 0.774444 0.121783 0.142590
0 0.732830 0.383129 0.073263 0.366539
0 0.459329 0.067117 0.036691 0.134234
0 0.507137 0.122452 0.040979 0.182894
0 0.219300 0.040355 0.043390 0.080709
0 0.537224 0.072087 0.046166 0.143811
0 0.130566 0.830986 0.127302 0.156517
0 0.778889 0.877338 0.043582 0.206930
0 0.559240 0.034998 0.042379 0.069104
0 0.004493 0.369127 0.008986 0.210325
0 0.961124 0.839799 0.021164 0.094582
0 0.354010 0.839535 0.158847 0.131528
0 0.498311 0.024125 0.034961 0.048055
0 0.203138 0.833308 0.113096 0.138298
0 0.214778 0.811356 0.097707 0.087234
3 0.037521 0.275034 0.073825 0.261486
1 0.339258 0.512811 0.678516 0.974378
