0 0.710079 0.542421 0.047934 0.213383
0 0.736171 0.655969 0.052817 0.232188
0 0.330339 0.805241 0.050699 0.214696
0 0.406106 0.665788 0.048887 0.226510
0 0.450026 0.358114 0.053466 0.195821
0 0.653764 0.052900 0.039383 0.105801
0 0.651912 0.104790 0.041214 0.110625
0 0.370659 0.259251 0.035192 0.099965
0 0.458524 0.878716 0.066431 0.242568
0 0.417397 0.337394 0.039751 0.196904
0 0.422085 0.191286 0.049445 0.158187
0 0.214755 0.332769 0.045435 0.184062
0 0.295955 0.050907 0.027879 0.100696
0 0.063008 0.530139 0.047929 0.220701
0 0.234027 0.229019 0.035909 0.176886
0 0.178025 0.225911 0.034203 0.161701
0 0.461447 0.202255 0.037711 0.161761
0 0.560193 0.917559 0.069288 0.164881
0 0.551677 0.787622 0.060647 0.240019
0 0.246382 0.184322 0.028162 0.162028
0 0.748970 0.050422 0.028400 0.099855
0 0.958661 0.326616 0.034865 0.176087
0 0.664345 0.915778 0.071826 0.168444
0 0.557316 0.229328 0.045645 0.197042
0 0.492139 0.207975 0.038625 0.143066
0 0.260791 0.063654 0.038006 0.122801
0 0.924541 0.311384 0.030440 0.179061
0 0.827001 0.105495 0.031324 0.117869
0 0.862475 0.140346 0.034110 0.136247
0 0.178302 0.144922 0.030778 0.128213
0 0.866605 0.364040 0.041042 0.194194
0 0.153410 0.200429 0.030735 0.170769
0 0.220664 0.158916 0.032216 0.150530
0 0.987875 0.311346 0.024249 0.172783
0 0.935785 0.543083 0.053016 0.229604
0 0.601324 0.311187 0.044634 0.193341
0 0.753652 0.138192 0.036428 0.138032
0 0.897775 0.364736 0.038407 0.172049
0 0.958174 0.524228 0.043808 0.254937
0 0.200870 0.050796 0.040855 0.101493
0 0.275364 0.189462 0.043572 0.163546
0 0.235759 0.051398 0.029894 0.102177
0 0.868908 0.237143 0.043127 0.148690
0 0.585352 0.322048 0.047213 0.198821
2 0.692398 0.436560 0.139758 0.259102
