0 0.326173 0.278145 0.055950 0.200977
0 0.049619 0.459397 0.051557 0.208272
0 0.360098 0.251430 0.042467 0.207994
0 0.024798 0.512245 0.049144 0.093803
0 0.409329 0.169859 0.037437 0.105843
0 0.774146 0.083198 0.042599 0.163910
0 0.211518 0.084986 0.052204 0.168337
0 0.926838 0.704070 0.057222 0.212391
0 0.875896 0.707944 0.054702 0.216920
0 0.354896 0.100317 0.051460 0.161049
0 0.109779 0.032118 0.045849 0.060390
0 0.780873 0.736009 0.053720 0.200862
0 0.829696 0.724518 0.054119 0.218347
0 0.733327 0.874245 0.089218 0.234627
0 0.223837 0.271635 0.056868 0.211453
0 0.737816 0.727836 0.058117 0.206533
0 0.841679 0.879147 0.131780 0.241419
0 0.502608 0.110834 0.035807 0.170900
0 0.690210 0.735216 0.055363 0.187208
0 0.549439 0.133933 0.038730 0.172412
0 0.925640 0.853494 0.148275 0.286580
0 0.971492 0.708437 0.057017 0.233086
0 0.013491 0.040298 0.026935 0.076052
0 0.801776 0.876367 0.060776 0.244279
0 0.675378 0.878121 0.078719 0.238376
0 0.641435 0.733308 0.061070 0.210343
0 0.560267 0.189092 0.038398 0.179440
0 0.334788 0.071469 0.040161 0.142937
0 0.298979 0.087373 0.043252 0.149522
0 0.362187 0.527182 0.055589 0.061596
0 0.552069 0.053174 0.039225 0.105810
0 0.898183 0.871256 0.098227 0.257067
0 0.592340 0.212049 0.033870 0.190326
0 0.047805 0.021756 0.037202 0.040811
0 0.519523 0.055264 0.036217 0.110209
0 0.679701 0.839383 0.071726 0.158029
2 0.073117 0.366727 0.146234 0.300381
2 0.038802 0.924854 0.075334 0.145764
