0 0.606508 0.853494 0.274222 0.292334
0 0.327860 0.445569 0.051050 0.216411
0 0.208896 0.049171 0.049413 0.098341
0 0.240386 0.038535 0.039619 0.077070
0 0.101426 0.515525 0.066455 0.160585
0 0.029789 0.496610 0.059420 0.238155
0 0.247191 0.343551 0.060927 0.222745
0 0.109378 0.563021 0.059365 0.111631
0 0.130222 0.060437 0.047779 0.120874
0 0.942234 0.480334 0.017942 0.138705
0 0.659842 0.425355 0.025671 0.120921
0 0.773532 0.273459 0.020556 0.107691
0 0.879169 0.267248 0.021092 0.110714
0 0.782796 0.777720 0.112623 0.189068
0 0.555045 0.252137 0.019757 0.090795
0 0.870391 0.205647 0.021319 0.087741
0 0.847778 0.271671 0.020654 0.121803
0 0.729374 0.223265 0.015434 0.098524
0 0.231198 0.586429 0.058939 0.064102
0 0.668343 0.205709 0.017287 0.091632
0 0.477455 0.241503 0.015039 0.093794
0 0.021426 0.588251 0.042488 0.060859
1 0.236623 0.909746 0.464766 0.175803
1 0.603043 0.802408 0.264286 0.366049
