0 0.163971 0.772487 0.061417 0.221205
0 0.253090 0.070236 0.044236 0.140115
0 0.126345 0.744649 0.046383 0.229570
0 0.396711 0.478442 0.048044 0.121412
0 0.290404 0.083238 0.058733 0.166116
0 0.462254 0.928104 0.052783 0.143792
0 0.073088 0.655058 0.039777 0.111943
0 0.403844 0.080390 0.057609 0.160780
0 0.132366 0.579440 0.057721 0.176946
0 0.318598 0.730553 0.051330 0.216649
0 0.398650 0.447027 0.049567 0.054205
0 0.286942 0.606419 0.052026 0.240431
0 0.179024 0.592181 0.042528 0.190855
0 0.214722 0.600759 0.044750 0.176357
0 0.013667 0.051322 0.027285 0.102643
0 0.256244 0.356916 0.058298 0.125198
1 0.246463 0.207155 0.492926 0.412946
1 0.424464 0.849184 0.131628 0.293542
2 0.578585 0.136756 0.177047 0.269551
1 0.889739 0.182816 0.220522 0.361895
