0 0.301681 0.127816 0.039032 0.106951
0 0.359459 0.069739 0.054860 0.139478
0 0.675376 0.369586 0.053067 0.100532
0 0.387418 0.237066 0.058134 0.207532
0 0.352786 0.211303 0.043837 0.215255
0 0.128658 0.208238 0.050013 0.201886
0 0.403593 0.078693 0.043097 0.157385
0 0.507278 0.100952 0.050170 0.199834
0 0.438645 0.076828 0.045938 0.153207
0 0.152558 0.096692 0.040094 0.192293
0 0.165925 0.066619 0.026170 0.133039
0 0.059279 0.077013 0.033057 0.151966
0 0.017959 0.738943 0.035917 0.403475
0 0.137761 0.049695 0.042750 0.099390
0 0.087727 0.092512 0.038548 0.185024
0 0.824485 0.153678 0.046467 0.120560
0 0.131305 0.050805 0.034555 0.100712
0 0.556691 0.183663 0.049854 0.203982
0 0.197810 0.071069 0.047889 0.142138
0 0.144486 0.059786 0.036713 0.118856
0 0.818577 0.705532 0.125778 0.499333
0 0.089022 0.036463 0.036783 0.072304
2 0.648354 0.296180 0.140634 0.230409
2 0.839355 0.186438 0.157746 0.366164
1 0.859428 0.708343 0.281145 0.583314
