0 0.625121 0.259103 0.044967 0.220181
0 0.588537 0.288583 0.061970 0.217013
0 0.744666 0.698005 0.161604 0.304022
0 0.048489 0.076795 0.063545 0.153591
0 0.098595 0.382396 0.055104 0.247483
0 0.677929 0.172777 0.038817 0.111562
0 0.085790 0.061639 0.044810 0.123012
0 0.184938 0.462036 0.056457 0.090520
0 0.480875 0.284358 0.054847 0.224288
0 0.469940 0.082147 0.054326 0.164294
0 0.619882 0.097199 0.056398 0.178391
0 0.839119 0.193903 0.042040 0.188720
0 0.875121 0.683849 0.100907 0.325850
0 0.773706 0.119304 0.039529 0.164966
0 0.536030 0.732327 0.135489 0.353919
0 0.825460 0.143920 0.042436 0.182021
0 0.561311 0.085214 0.044039 0.160551
0 0.938316 0.082715 0.045962 0.164604
0 0.881381 0.209463 0.046018 0.195785
0 0.867446 0.061882 0.038899 0.123764
0 0.315435 0.055517 0.049167 0.110184
0 0.829494 0.053081 0.043316 0.105880
0 0.788677 0.057779 0.043780 0.114505
0 0.905216 0.069016 0.038833 0.138033
0 0.594619 0.076025 0.038330 0.152050
0 0.916895 0.156549 0.050563 0.161558
1 0.715393 0.699530 0.559295 0.382535
1 0.219791 0.272659 0.439581 0.542280
1 0.220806 0.448042 0.441611 0.895843
