0 0.709849 0.542136 0.048315 0.212833
0 0.736266 0.655445 0.052917 0.231422
0 0.417288 0.336541 0.039823 0.194565
0 0.449438 0.363681 0.052648 0.192052
0 0.651899 0.103654 0.041502 0.111896
0 0.330682 0.806667 0.049378 0.210564
0 0.653995 0.052246 0.039794 0.104492
0 0.753600 0.075224 0.038119 0.140104
0 0.370443 0.259852 0.035258 0.099292
0 0.847923 0.098941 0.037357 0.161632
0 0.711552 0.068895 0.036761 0.137324
0 0.831064 0.084003 0.035198 0.160048
0 0.791025 0.087607 0.036537 0.129600
0 0.879309 0.095022 0.030469 0.145957
0 0.534999 0.380737 0.046109 0.195030
0 0.772152 0.955967 0.053865 0.088066
0 0.870829 0.297878 0.037914 0.151391
0 0.838995 0.305922 0.037523 0.181240
0 0.055847 0.639842 0.054705 0.219236
0 0.422696 0.191330 0.049652 0.158684
0 0.918201 0.250592 0.035120 0.149220
0 0.555579 0.859940 0.067467 0.177503
0 0.548553 0.151424 0.042685 0.188735
0 0.543226 0.926433 0.060500 0.147134
0 0.630121 0.850161 0.060703 0.223915
0 0.907380 0.418719 0.041510 0.193997
0 0.877102 0.256787 0.032883 0.141631
0 0.865764 0.435378 0.048869 0.189840
0 0.228144 0.276096 0.036821 0.168803
0 0.475019 0.172436 0.036731 0.144275
0 0.981218 0.592839 0.036880 0.187433
0 0.414666 0.690536 0.056340 0.226229
0 0.239458 0.233892 0.037332 0.167967
0 0.695024 0.944016 0.056982 0.110511
0 0.290756 0.222607 0.039217 0.161234
0 0.190980 0.295690 0.039173 0.176309
0 0.275998 0.133524 0.037214 0.158290
0 0.906425 0.239269 0.026627 0.141551
0 0.969585 0.482590 0.048947 0.172562
0 0.443411 0.152693 0.035714 0.172026
0 0.202856 0.133296 0.034253 0.155965
0 0.137344 0.175634 0.036806 0.133277
0 0.957393 0.262255 0.045978 0.160457
0 0.236613 0.132497 0.036902 0.141456
0 0.170217 0.154339 0.033220 0.145127
0 0.153060 0.252813 0.037525 0.165870
0 0.642058 0.962025 0.054442 0.075949
0 0.415179 0.962947 0.054013 0.074105
0 0.987003 0.305976 0.025994 0.174359
2 0.692409 0.434588 0.139457 0.252063
