0 0.736161 0.655226 0.052706 0.231802
0 0.710292 0.542430 0.048266 0.212772
0 0.417434 0.337372 0.040714 0.196602
0 0.450540 0.362682 0.053561 0.192830
0 0.329987 0.803530 0.050486 0.218330
0 0.406097 0.666325 0.048478 0.228540
0 0.653606 0.052882 0.039510 0.105765
0 0.651795 0.105186 0.041350 0.109716
0 0.370668 0.259926 0.035449 0.100119
0 0.550690 0.823159 0.069278 0.258130
0 0.421810 0.193585 0.049194 0.156078
0 0.061375 0.577577 0.049481 0.220112
0 0.562298 0.343201 0.054466 0.194843
0 0.276589 0.189389 0.037782 0.161699
0 0.640712 0.882579 0.065609 0.234842
0 0.235104 0.223609 0.038776 0.175389
0 0.557524 0.163107 0.049997 0.186285
0 0.174313 0.231206 0.034327 0.170024
0 0.924539 0.525946 0.042352 0.226933
0 0.497365 0.909253 0.060429 0.181494
0 0.213477 0.328904 0.047166 0.189273
0 0.751467 0.113537 0.036798 0.151802
0 0.267833 0.075389 0.034715 0.104296
0 0.855916 0.342058 0.040391 0.181851
0 0.860168 0.127426 0.035728 0.154360
0 0.148071 0.212100 0.026221 0.160541
0 0.590518 0.947673 0.063032 0.104655
0 0.246630 0.183347 0.026292 0.149528
0 0.237087 0.049720 0.035127 0.099440
0 0.949434 0.503395 0.040843 0.228080
0 0.220372 0.148529 0.035628 0.158706
0 0.473710 0.173878 0.033767 0.156374
0 0.888000 0.128946 0.028651 0.145232
0 0.202746 0.048477 0.039746 0.096954
0 0.842287 0.199376 0.037763 0.163342
0 0.174767 0.146807 0.032355 0.140187
0 0.988332 0.299728 0.023335 0.167487
0 0.297209 0.052327 0.026386 0.100945
0 0.712513 0.070245 0.035020 0.132733
0 0.444527 0.152290 0.036125 0.182283
0 0.807716 0.110778 0.031510 0.124415
0 0.933447 0.289561 0.029546 0.173628
0 0.882863 0.335699 0.033202 0.159680
0 0.844205 0.093023 0.034423 0.150020
0 0.148551 0.181768 0.027383 0.159288
0 0.953888 0.308934 0.032154 0.180816
0 0.911195 0.277553 0.030712 0.154891
0 0.881621 0.263793 0.029312 0.106601
0 0.924082 0.291116 0.032859 0.178380
2 0.691539 0.436545 0.141711 0.257153
