0 0.584941 0.345988 0.054270 0.205853
0 0.183457 0.097785 0.050837 0.192229
0 0.503674 0.212592 0.052404 0.243738
0 0.705805 0.093460 0.051998 0.186107
0 0.155727 0.201502 0.055667 0.245422
0 0.678873 0.197727 0.055383 0.245770
0 0.871444 0.363404 0.071002 0.172330
0 0.349147 0.340326 0.068998 0.217280
0 0.778462 0.384841 0.075031 0.128660
0 0.908389 0.831107 0.098111 0.335822
0 0.806321 0.812393 0.104514 0.371865
0 0.900003 0.418807 0.067021 0.062081
0 0.416457 0.408536 0.061838 0.081689
0 0.476518 0.576072 0.045871 0.240496
0 0.258760 0.378304 0.060062 0.140337
0 0.250001 0.389991 0.068678 0.119151
2 0.213224 0.611837 0.155538 0.243204
2 0.312895 0.546261 0.048606 0.111596
1 0.095770 0.458263 0.191475 0.916525
