0 0.209122 0.299129 0.057519 0.205512
0 0.617972 0.739620 0.043149 0.200468
0 0.244737 0.273545 0.043671 0.208037
0 0.583978 0.761461 0.056581 0.203205
0 0.294236 0.193148 0.037476 0.105532
0 0.667139 0.671569 0.037274 0.065771
0 0.091506 0.282686 0.058398 0.204870
0 0.256452 0.572112 0.053077 0.131810
0 0.983702 0.916433 0.032338 0.165424
0 0.097061 0.097757 0.054133 0.178688
0 0.832932 0.732810 0.049122 0.187256
0 0.239666 0.119593 0.054451 0.170987
0 0.393602 0.116789 0.043441 0.171562
0 0.570046 0.660275 0.040676 0.042233
0 0.809819 0.672957 0.036388 0.067819
0 0.875260 0.675755 0.038900 0.075611
0 0.460465 0.262663 0.050980 0.195998
0 0.438745 0.151679 0.038471 0.193628
0 0.425070 0.111861 0.029980 0.164661
0 0.457194 0.083619 0.036136 0.159569
0 0.216323 0.089733 0.036059 0.171469
0 0.534217 0.661279 0.045011 0.043920
0 0.185441 0.097740 0.036191 0.156940
0 0.411762 0.024372 0.050383 0.048744
0 0.008600 0.048197 0.017201 0.094998
0 0.631862 0.976017 0.048003 0.047966
1 0.243777 0.326495 0.487487 0.648893
1 0.687109 0.283263 0.379642 0.563925
1 0.745016 0.819784 0.509968 0.360433
