0 0.710090 0.542551 0.047992 0.214645
0 0.736203 0.656380 0.052718 0.232500
0 0.330405 0.805520 0.050487 0.215260
0 0.405936 0.667184 0.049594 0.224546
0 0.653912 0.053076 0.039606 0.106152
0 0.449480 0.360434 0.053939 0.194216
0 0.370507 0.259784 0.035340 0.100185
0 0.652138 0.104635 0.041619 0.110839
0 0.417297 0.338748 0.039906 0.199104
0 0.213847 0.335670 0.045077 0.188500
0 0.422174 0.192827 0.049747 0.157173
0 0.458945 0.877410 0.064325 0.245181
0 0.063353 0.523560 0.047462 0.217641
0 0.556280 0.915839 0.072053 0.168322
0 0.234419 0.228880 0.035867 0.178216
0 0.664818 0.915332 0.073102 0.169336
0 0.246943 0.188781 0.028373 0.149692
0 0.295533 0.049215 0.027675 0.098241
0 0.749370 0.049943 0.028000 0.098756
0 0.556863 0.231638 0.046593 0.198113
0 0.461688 0.205207 0.038367 0.161675
0 0.493707 0.208640 0.040782 0.146883
0 0.176934 0.226047 0.034313 0.159844
0 0.552039 0.771415 0.060678 0.227732
0 0.957949 0.330039 0.033628 0.178151
0 0.925657 0.311571 0.030743 0.174863
0 0.863083 0.141780 0.033203 0.139026
0 0.827014 0.105755 0.032691 0.118976
0 0.150320 0.203688 0.027399 0.161549
0 0.937002 0.550833 0.053523 0.222758
0 0.603904 0.308879 0.042960 0.188469
0 0.868679 0.367966 0.041582 0.192325
0 0.987742 0.310114 0.024515 0.171393
0 0.276393 0.187837 0.042013 0.163951
0 0.179014 0.136204 0.031309 0.130463
0 0.220084 0.155476 0.035250 0.159625
0 0.768884 0.161546 0.041002 0.147291
0 0.260508 0.062287 0.040422 0.121364
0 0.960138 0.514515 0.040464 0.256192
0 0.898397 0.362719 0.037640 0.180417
0 0.199374 0.051155 0.041491 0.102310
0 0.894376 0.251627 0.037289 0.142521
0 0.754651 0.136744 0.037825 0.140398
0 0.964771 0.529084 0.040066 0.212324
0 0.155453 0.194271 0.030816 0.181596
0 0.226725 0.051026 0.035771 0.099300
2 0.693118 0.437636 0.139062 0.257954
