0 0.652408 0.311121 0.225156 0.442712
0 0.291879 0.094281 0.035332 0.097978
0 0.818906 0.330834 0.236244 0.397565
0 0.343457 0.052818 0.048552 0.105636
0 0.339079 0.170780 0.041462 0.186015
0 0.348421 0.843456 0.068714 0.183249
0 0.078003 0.795190 0.052380 0.234882
0 0.124881 0.799425 0.052924 0.239262
0 0.173513 0.856400 0.055820 0.145682
0 0.408676 0.841556 0.060562 0.185816
0 0.490037 0.806995 0.050766 0.239084
0 0.479482 0.083415 0.047218 0.166831
0 0.293929 0.839927 0.052379 0.176471
0 0.415364 0.063262 0.038464 0.126523
0 0.522138 0.141929 0.032873 0.185549
0 0.370408 0.198592 0.052587 0.187693
0 0.314919 0.750932 0.041695 0.108015
0 0.384941 0.064255 0.039782 0.128510
0 0.196379 0.052786 0.040313 0.105571
0 0.192975 0.672606 0.036452 0.110131
0 0.329186 0.462147 0.050320 0.134358
0 0.168949 0.754085 0.049645 0.124975
0 0.167945 0.050388 0.026162 0.100776
0 0.156395 0.076398 0.032827 0.149903
0 0.252323 0.855894 0.052140 0.138204
0 0.206394 0.800620 0.052033 0.240547
0 0.226125 0.671755 0.031886 0.108827
0 0.134756 0.170858 0.044405 0.199184
0 0.016451 0.806865 0.032797 0.226438
0 0.443847 0.807565 0.058118 0.243888
0 0.360977 0.706916 0.047638 0.102380
0 0.044785 0.786199 0.043672 0.254327
0 0.455645 0.698284 0.035055 0.075265
0 0.278829 0.747293 0.036517 0.105050
0 0.096488 0.072332 0.032138 0.144169
0 0.388766 0.749708 0.042709 0.104948
0 0.242099 0.749988 0.043851 0.129780
0 0.315590 0.684559 0.040097 0.112823
0 0.104920 0.690886 0.033445 0.081370
0 0.068322 0.058895 0.027866 0.115632
0 0.078245 0.684067 0.030461 0.066405
0 0.399537 0.700185 0.040022 0.087669
0 0.137477 0.676608 0.035339 0.080272
0 0.432823 0.803132 0.053349 0.244130
0 0.273641 0.683203 0.031533 0.109504
0 0.292998 0.679300 0.024072 0.109391
0 0.168008 0.792928 0.049739 0.205931
0 0.252177 0.679489 0.032149 0.111037
0 0.044281 0.838137 0.035865 0.154435
0 0.466302 0.502452 0.077887 0.052498
0 0.206290 0.767495 0.049022 0.177116
0 0.155253 0.678505 0.033124 0.099460
1 0.750391 0.743420 0.413175 0.417687
1 0.269198 0.749259 0.538395 0.390255
1 0.734965 0.266299 0.395563 0.532598
1 0.271375 0.500000 0.542750 1.000000
