0 0.704004 0.283837 0.044275 0.211108
0 0.293181 0.404907 0.052223 0.228067
0 0.321472 0.527670 0.056372 0.248933
0 0.738258 0.312457 0.056953 0.204060
0 0.691938 0.617583 0.052345 0.205154
0 0.021794 0.211256 0.043588 0.203885
0 0.653637 0.201763 0.038176 0.106703
0 0.954240 0.046872 0.043713 0.093122
0 0.708432 0.130444 0.052365 0.167260
0 0.857554 0.295044 0.057347 0.210539
0 0.299985 0.856637 0.311981 0.276532
0 0.433526 0.155360 0.043612 0.198422
0 0.851716 0.103626 0.053971 0.187511
0 0.554781 0.123912 0.040905 0.173783
0 0.106120 0.231831 0.051687 0.208655
0 0.521530 0.118526 0.030260 0.165069
0 0.487956 0.277983 0.046899 0.206749
0 0.955867 0.017291 0.043569 0.034582
0 0.509516 0.161954 0.038683 0.189522
0 0.042211 0.043521 0.040637 0.086543
0 0.492459 0.100994 0.036758 0.168285
0 0.540038 0.032931 0.042789 0.065863
0 0.095385 0.858959 0.190672 0.281135
0 0.212319 0.670259 0.066589 0.095939
0 0.124367 0.042917 0.049847 0.085441
0 0.750091 0.144072 0.037732 0.168289
0 0.127052 0.687583 0.076113 0.064342
0 0.764060 0.111792 0.033028 0.166590
0 0.612605 0.691774 0.047355 0.054751
0 0.994913 0.506652 0.010174 0.220729
0 0.733423 0.091498 0.038336 0.174355
0 0.824153 0.783914 0.340576 0.132214
0 0.785123 0.148026 0.044622 0.160631
0 0.012401 0.040410 0.024802 0.080775
1 0.729885 0.859384 0.539620 0.281233
2 0.277854 0.289522 0.152650 0.278358
2 0.959049 0.387614 0.081902 0.283998
1 0.233057 0.860067 0.466113 0.279866
