0 0.710127 0.542692 0.048030 0.214242
0 0.736168 0.656090 0.052865 0.232276
0 0.330479 0.805427 0.050526 0.215409
0 0.406052 0.666564 0.049306 0.224932
0 0.653702 0.053039 0.039907 0.106079
0 0.449811 0.359327 0.053727 0.193933
0 0.652082 0.104249 0.041726 0.111849
0 0.370587 0.259767 0.035340 0.100222
0 0.417531 0.338170 0.040254 0.198099
0 0.458286 0.877966 0.065013 0.244068
0 0.214344 0.334832 0.045383 0.186408
0 0.422364 0.192251 0.049817 0.158567
0 0.063369 0.527180 0.046798 0.214753
0 0.234777 0.229646 0.036798 0.176116
0 0.557230 0.915905 0.073342 0.168190
0 0.247017 0.187572 0.028341 0.151711
0 0.296113 0.050209 0.027389 0.099978
0 0.664675 0.914816 0.075574 0.170368
0 0.748766 0.049781 0.027835 0.098220
0 0.958404 0.326980 0.034869 0.173519
0 0.176840 0.225415 0.034210 0.162766
0 0.552120 0.778513 0.060428 0.233230
0 0.557427 0.231200 0.046132 0.195945
0 0.461430 0.204451 0.038133 0.160483
0 0.492914 0.209366 0.039625 0.145540
0 0.925122 0.312984 0.030378 0.175471
0 0.862280 0.141261 0.033132 0.136031
0 0.868301 0.366707 0.041935 0.190790
0 0.826755 0.105607 0.032999 0.119639
0 0.936509 0.547115 0.052591 0.221881
0 0.603703 0.308269 0.044193 0.192506
0 0.987687 0.309440 0.024626 0.170007
0 0.178213 0.136517 0.032471 0.128901
0 0.150498 0.203366 0.028345 0.162326
0 0.220688 0.154546 0.033919 0.157615
0 0.260753 0.063200 0.041099 0.123144
0 0.276316 0.189095 0.042490 0.162397
0 0.898450 0.357462 0.037291 0.184669
0 0.958945 0.514854 0.041226 0.255957
0 0.768119 0.160830 0.040028 0.146159
0 0.753627 0.136379 0.037205 0.141962
0 0.200879 0.051190 0.041692 0.102380
0 0.964661 0.528922 0.040589 0.214326
0 0.156683 0.195834 0.031220 0.179573
0 0.897953 0.297050 0.036141 0.159468
0 0.894848 0.252639 0.038704 0.144545
2 0.692946 0.436606 0.139681 0.257283
