0 0.738619 0.402755 0.052638 0.230515
0 0.409425 0.336812 0.055867 0.201403
0 0.374909 0.309402 0.042102 0.206789
0 0.819377 0.262910 0.051314 0.239016
0 0.326162 0.229613 0.036940 0.103737
0 0.968043 0.437072 0.063727 0.251258
0 0.380116 0.157553 0.053278 0.163094
0 0.789489 0.799404 0.216602 0.335834
0 0.523257 0.322521 0.055086 0.204844
0 0.523038 0.129956 0.053474 0.196334
0 0.230143 0.159133 0.039469 0.165084
0 0.183842 0.194956 0.039338 0.180857
0 0.159032 0.298515 0.051145 0.205409
0 0.919213 0.495704 0.056421 0.145293
0 0.013972 0.506805 0.027944 0.124726
0 0.865179 0.021226 0.053369 0.040879
0 0.122737 0.111091 0.033418 0.144445
0 0.215362 0.046126 0.037616 0.091866
0 0.195394 0.146116 0.028405 0.155680
0 0.434177 0.144403 0.036071 0.158896
0 0.091011 0.138966 0.033292 0.153081
0 0.400872 0.126383 0.036453 0.171924
0 0.122899 0.195755 0.033431 0.181474
0 0.172496 0.116345 0.031366 0.167301
0 0.149312 0.027130 0.041759 0.053696
0 0.528445 0.926381 0.032928 0.064366
0 0.501509 0.919105 0.030104 0.058971
0 0.248373 0.035652 0.026216 0.071304
0 0.188068 0.034498 0.036764 0.067840
1 0.163387 0.779160 0.315102 0.408938
2 0.909351 0.917791 0.180276 0.164419
1 0.420643 0.757799 0.295900 0.382746
