0 0.286037 0.904506 0.055276 0.187997
0 0.257296 0.810726 0.052576 0.239017
0 0.124574 0.407993 0.052996 0.179817
0 0.689548 0.730472 0.278161 0.408466
0 0.054571 0.911738 0.067196 0.175708
0 0.178896 0.545898 0.053137 0.093458
0 0.098238 0.610870 0.055496 0.221945
0 0.830980 0.345352 0.192261 0.311207
0 0.039082 0.559316 0.043251 0.121204
0 0.013334 0.186789 0.026667 0.211279
0 0.298974 0.242106 0.045078 0.203769
0 0.156460 0.467369 0.057560 0.063515
0 0.188936 0.049701 0.045136 0.098608
0 0.322740 0.115340 0.032188 0.160021
0 0.010969 0.553876 0.021899 0.110688
0 0.091100 0.595787 0.052666 0.192597
0 0.291962 0.043746 0.041169 0.087291
0 0.327307 0.238491 0.026248 0.204333
0 0.009222 0.189713 0.018445 0.215843
2 0.104650 0.322722 0.152987 0.280579
2 0.235329 0.695011 0.148808 0.290022
1 0.534046 0.391254 0.389653 0.782508
