0 0.072993 0.167712 0.057755 0.212687
0 0.410071 0.647228 0.053571 0.236028
0 0.069985 0.783362 0.054609 0.262008
0 0.118355 0.455089 0.059944 0.203280
0 0.082356 0.438775 0.046128 0.174936
0 0.245137 0.443236 0.059849 0.184993
0 0.037162 0.137882 0.046050 0.221143
0 0.234887 0.911317 0.073394 0.177366
0 0.179127 0.165264 0.058476 0.216693
0 0.364344 0.299722 0.053931 0.101005
0 0.041052 0.031976 0.056069 0.063709
0 0.425193 0.773677 0.029961 0.252421
0 0.193460 0.021969 0.050676 0.043017
0 0.100098 0.020296 0.042155 0.040592
0 0.032472 0.369798 0.037839 0.037620
0 0.155663 0.970799 0.081563 0.058401
0 0.006328 0.906429 0.012655 0.187142
2 0.375163 0.523194 0.126976 0.279292
