0 0.743720 0.447066 0.051722 0.227965
0 0.111109 0.536229 0.051640 0.227082
0 0.083168 0.659678 0.055967 0.252042
0 0.715511 0.570234 0.056607 0.250421
0 0.435034 0.667696 0.051870 0.241505
0 0.423015 0.318283 0.043275 0.211415
0 0.472995 0.237188 0.037647 0.105721
0 0.387506 0.345588 0.057912 0.209411
0 0.516302 0.755789 0.054483 0.104440
0 0.172681 0.070103 0.044230 0.115325
0 0.376135 0.172097 0.040281 0.170464
0 0.170815 0.034951 0.042588 0.069902
0 0.418272 0.164168 0.052570 0.166297
0 0.828206 0.732230 0.068868 0.153561
0 0.604419 0.153333 0.029187 0.161469
0 0.908510 0.760587 0.071138 0.095607
0 0.571909 0.156135 0.040592 0.176551
0 0.806699 0.019376 0.047420 0.036305
0 0.341087 0.182712 0.044418 0.156781
0 0.617121 0.195994 0.038883 0.194033
0 0.274805 0.200815 0.047365 0.210021
0 0.278914 0.743067 0.069212 0.132428
0 0.632886 0.310431 0.034516 0.196017
0 0.630918 0.131189 0.035292 0.155368
0 0.986932 0.063193 0.026136 0.126023
0 0.939508 0.282926 0.048467 0.205518
0 0.245814 0.305112 0.048228 0.200741
0 0.918731 0.057528 0.045755 0.114477
0 0.063911 0.105241 0.035238 0.144264
0 0.551757 0.032853 0.030148 0.065131
0 0.852112 0.967408 0.063031 0.065184
0 0.768008 0.942567 0.025587 0.105416
0 0.590359 0.042806 0.037344 0.085611
0 0.068227 0.034426 0.031988 0.068852
2 0.128014 0.424188 0.158740 0.276105
2 0.759391 0.334172 0.151111 0.276677
