0 0.710074 0.542295 0.048082 0.214392
0 0.736211 0.656032 0.052862 0.232028
0 0.330402 0.804862 0.050450 0.214807
0 0.405913 0.667226 0.049934 0.225175
0 0.653952 0.053034 0.039879 0.106067
0 0.449323 0.360363 0.053527 0.194291
0 0.370548 0.259806 0.035230 0.100170
0 0.652293 0.104134 0.041816 0.111507
0 0.417310 0.338880 0.039515 0.198771
0 0.422373 0.193107 0.050653 0.157333
0 0.458944 0.878102 0.063964 0.243797
0 0.213859 0.335295 0.043574 0.191936
0 0.554989 0.914537 0.073595 0.170927
0 0.247027 0.189014 0.028795 0.151214
0 0.063426 0.522638 0.047200 0.217321
0 0.295971 0.049908 0.027500 0.099817
0 0.664526 0.915544 0.074582 0.168912
0 0.234295 0.229176 0.035777 0.179613
0 0.551596 0.767035 0.060872 0.224953
0 0.461650 0.206213 0.038785 0.161451
0 0.748514 0.049269 0.026880 0.098459
0 0.556983 0.232622 0.046624 0.195007
0 0.494283 0.208921 0.041465 0.147174
0 0.176768 0.223929 0.034288 0.155683
0 0.959141 0.332685 0.034333 0.183162
0 0.826855 0.107055 0.032695 0.120672
0 0.862894 0.140547 0.034061 0.140167
0 0.937961 0.550662 0.054011 0.224247
0 0.770112 0.163999 0.040138 0.147139
0 0.926859 0.309846 0.031301 0.176662
0 0.868769 0.368634 0.041777 0.190989
0 0.261414 0.061337 0.039545 0.120003
0 0.604840 0.307783 0.044709 0.185950
0 0.150508 0.203721 0.027029 0.163224
0 0.987786 0.310457 0.024429 0.174182
0 0.179225 0.136599 0.030589 0.128863
0 0.217960 0.152922 0.035511 0.165771
0 0.198490 0.050493 0.041760 0.100987
0 0.276581 0.187672 0.041523 0.166076
0 0.961476 0.515893 0.040979 0.252790
0 0.894037 0.254653 0.037711 0.139876
0 0.897987 0.367958 0.035642 0.169933
0 0.754609 0.137202 0.037790 0.140793
0 0.966509 0.526162 0.040670 0.212250
0 0.226921 0.050895 0.035667 0.099297
2 0.692854 0.436774 0.138895 0.254977
