0 0.225304 0.119090 0.055717 0.238180
0 0.660267 0.268039 0.053613 0.229135
0 0.578580 0.124455 0.051435 0.240992
0 0.157598 0.788939 0.269570 0.422122
0 0.252694 0.050616 0.049825 0.101231
0 0.423904 0.291956 0.072268 0.251712
0 0.877822 0.222668 0.142921 0.301343
0 0.542347 0.777705 0.164801 0.169171
0 0.788772 0.308037 0.162939 0.219777
0 0.483926 0.353247 0.063497 0.134661
0 0.019468 0.057407 0.038791 0.113183
0 0.320451 0.336731 0.069784 0.165179
2 0.248212 0.482119 0.069817 0.107123
2 0.359397 0.860094 0.104153 0.243120
2 0.365858 0.835094 0.087466 0.197157
