0 0.313376 0.353927 0.057935 0.190888
0 0.225816 0.254208 0.039544 0.111313
0 0.277787 0.336628 0.045381 0.218114
0 0.537309 0.077343 0.044690 0.126066
0 0.538700 0.039859 0.041911 0.079719
0 0.283722 0.176185 0.056058 0.178237
0 0.416609 0.355244 0.059019 0.190402
0 0.253844 0.738914 0.505838 0.462946
0 0.428325 0.140274 0.054019 0.208141
0 0.340346 0.161327 0.039161 0.161191
0 0.305189 0.138611 0.038609 0.183065
0 0.136621 0.211574 0.043004 0.173997
0 0.076983 0.234427 0.040343 0.175557
0 0.066015 0.262943 0.043660 0.201158
0 0.116549 0.108401 0.042230 0.172376
0 0.042844 0.118940 0.033253 0.162335
0 0.030115 0.300482 0.041217 0.197517
0 0.074133 0.097070 0.038346 0.145485
0 0.016170 0.143568 0.031295 0.167653
0 0.045358 0.094688 0.033355 0.149352
1 0.284477 0.724384 0.568955 0.551233
1 0.287346 0.216457 0.574691 0.432913
2 0.623861 0.793813 0.108345 0.406558
