0 0.211000 0.199968 0.045809 0.221161
0 0.175171 0.229396 0.058776 0.214145
0 0.262814 0.115346 0.039098 0.106802
0 0.057175 0.095394 0.051220 0.190789
0 0.205452 0.062882 0.054718 0.125765
0 0.027601 0.185454 0.050317 0.211093
0 0.124015 0.073749 0.046543 0.147497
0 0.366827 0.058599 0.044323 0.117198
0 0.161638 0.073449 0.042829 0.146898
0 0.430708 0.043574 0.035802 0.085834
0 0.413907 0.084510 0.038800 0.169021
0 0.401980 0.055442 0.029055 0.110746
0 0.435133 0.195103 0.043640 0.203460
0 0.485926 0.408164 0.036965 0.089942
1 0.724303 0.226475 0.543567 0.452243
1 0.725171 0.732215 0.538145 0.535570
