0 0.272546 0.044757 0.044613 0.089514
0 0.165134 0.062666 0.040810 0.125331
0 0.355503 0.286680 0.027770 0.204305
0 0.852747 0.195172 0.129418 0.240655
0 0.700780 0.152123 0.036697 0.082993
0 0.458665 0.179998 0.084150 0.229820
0 0.048271 0.071882 0.039094 0.143765
0 0.042080 0.309479 0.049884 0.207939
0 0.016936 0.069025 0.031282 0.137268
0 0.639988 0.148218 0.029107 0.097660
0 0.662975 0.149301 0.026475 0.091722
0 0.360045 0.106616 0.018578 0.168867
0 0.741931 0.152614 0.022961 0.078994
0 0.270896 0.014006 0.044989 0.028013
0 0.044655 0.158198 0.045509 0.163350
0 0.013890 0.214512 0.027655 0.095487
0 0.905101 0.138048 0.024261 0.059754
0 0.016771 0.303371 0.033489 0.206750
0 0.086679 0.051821 0.031906 0.103151
1 0.683729 0.744609 0.629106 0.510781
1 0.683999 0.825497 0.629682 0.349005
2 0.230126 0.341332 0.142618 0.174345
