0 0.303282 0.084586 0.057556 0.169061
0 0.024313 0.260156 0.048367 0.230568
0 0.469241 0.797353 0.218484 0.229999
0 0.337356 0.073260 0.040792 0.146520
0 0.192742 0.546264 0.070747 0.170445
0 0.623374 0.764961 0.143635 0.094948
0 0.341117 0.400719 0.037509 0.248175
0 0.093754 0.576725 0.075875 0.104470
0 0.011853 0.384331 0.023441 0.245405
0 0.187763 0.078037 0.057211 0.156074
0 0.151767 0.852559 0.301314 0.294882
0 0.236821 0.603305 0.060378 0.056906
2 0.059241 0.143122 0.118481 0.270843
1 0.867139 0.158358 0.265334 0.316715
1 0.695585 0.825258 0.600754 0.349484
