0 0.036040 0.141795 0.055663 0.201782
0 0.136597 0.140087 0.056944 0.209753
0 0.585885 0.240232 0.345129 0.476769
0 0.011480 0.113537 0.022916 0.213232
0 0.678744 0.730486 0.112310 0.467746
0 0.854443 0.755742 0.126114 0.415890
0 0.276628 0.746698 0.094532 0.395485
0 0.014415 0.418936 0.028829 0.119634
0 0.015848 0.022395 0.031696 0.044266
0 0.762411 0.740790 0.085474 0.412013
0 0.431826 0.739036 0.116691 0.409662
0 0.603460 0.730272 0.109676 0.449752
0 0.891388 0.240049 0.217224 0.477933
0 0.726519 0.241891 0.224944 0.478566
0 0.934061 0.756810 0.124009 0.424460
0 0.064016 0.012588 0.035282 0.025176
1 0.609347 0.247870 0.781306 0.495741
