0 0.417299 0.337251 0.040382 0.197085
0 0.736249 0.655401 0.052649 0.231453
0 0.710137 0.542649 0.048363 0.213450
0 0.450532 0.362920 0.053354 0.193897
0 0.329986 0.804235 0.050063 0.219562
0 0.406045 0.665538 0.048102 0.229283
0 0.653454 0.052923 0.040087 0.105846
0 0.651706 0.104872 0.041457 0.110843
0 0.370625 0.259828 0.035654 0.099668
0 0.561675 0.345823 0.054687 0.194462
0 0.062509 0.567937 0.049493 0.214464
0 0.551368 0.819003 0.070435 0.253699
0 0.421907 0.192508 0.048986 0.157139
0 0.490280 0.905667 0.067356 0.188667
0 0.276775 0.186452 0.039630 0.161772
0 0.235169 0.224731 0.038316 0.175730
0 0.177450 0.225797 0.032380 0.173817
0 0.556993 0.160784 0.051359 0.192949
0 0.214499 0.331190 0.047074 0.189069
0 0.933978 0.540267 0.050705 0.225362
0 0.148328 0.208771 0.028320 0.165126
0 0.640941 0.883105 0.069825 0.233791
0 0.861185 0.133141 0.036289 0.155377
0 0.751376 0.125355 0.036971 0.147560
0 0.956141 0.328387 0.031672 0.174083
0 0.246491 0.180309 0.026250 0.157939
0 0.219426 0.153782 0.034379 0.157603
0 0.578301 0.946815 0.066687 0.106204
0 0.265294 0.076658 0.036905 0.100994
0 0.175536 0.147388 0.031273 0.132165
0 0.494084 0.209369 0.040070 0.156526
0 0.296922 0.053445 0.026107 0.102486
0 0.461299 0.204257 0.036754 0.164984
0 0.201474 0.051903 0.040145 0.103327
0 0.952285 0.515078 0.040969 0.236834
0 0.929469 0.297895 0.034223 0.176340
0 0.987912 0.309444 0.024175 0.163613
0 0.865136 0.359840 0.042142 0.192705
0 0.897843 0.362471 0.035430 0.177260
0 0.889118 0.133084 0.028211 0.150910
0 0.235319 0.051705 0.035482 0.103308
0 0.473895 0.181253 0.031500 0.163392
0 0.711096 0.074475 0.034164 0.125802
0 0.850237 0.207082 0.040791 0.151530
0 0.446205 0.157100 0.034955 0.173346
0 0.810018 0.109192 0.030925 0.125964
2 0.691822 0.436095 0.141903 0.257082
