0 0.710112 0.542493 0.048091 0.214776
0 0.736205 0.656149 0.052716 0.232443
0 0.330607 0.803987 0.050478 0.213252
0 0.653791 0.053181 0.040032 0.106362
0 0.370576 0.259610 0.035406 0.100349
0 0.652334 0.104629 0.041446 0.111258
0 0.405663 0.667109 0.051318 0.223049
0 0.449494 0.361623 0.053081 0.192998
0 0.417633 0.339698 0.040486 0.203068
0 0.552501 0.761296 0.062713 0.223170
0 0.456271 0.875248 0.059789 0.244471
0 0.552657 0.911329 0.073248 0.177341
0 0.421984 0.192560 0.049978 0.158322
0 0.248569 0.184511 0.027783 0.153004
0 0.460753 0.205721 0.039382 0.163437
0 0.956812 0.210367 0.039992 0.140276
0 0.295224 0.050634 0.028123 0.101268
0 0.751056 0.049522 0.028964 0.099043
0 0.065907 0.523983 0.047558 0.213366
0 0.236544 0.226051 0.034186 0.182135
0 0.493992 0.211295 0.042888 0.144894
0 0.556627 0.229819 0.045023 0.196715
0 0.213403 0.334887 0.041686 0.199457
0 0.259668 0.062359 0.040075 0.123338
0 0.771209 0.165721 0.038234 0.147791
0 0.177982 0.223640 0.035162 0.157265
0 0.604700 0.306786 0.043616 0.188646
0 0.664855 0.916313 0.080514 0.167375
0 0.869593 0.367865 0.040355 0.186454
0 0.987596 0.308302 0.024808 0.171288
0 0.937866 0.547403 0.054194 0.225358
0 0.226237 0.154810 0.029487 0.149617
0 0.865062 0.146246 0.034348 0.146827
0 0.959835 0.340962 0.034419 0.190202
0 0.196153 0.053745 0.040755 0.107489
0 0.898852 0.256701 0.039535 0.136167
0 0.278287 0.188829 0.038605 0.161265
0 0.674595 0.926713 0.075363 0.146573
0 0.900681 0.369424 0.037162 0.169215
0 0.152459 0.195774 0.032334 0.173166
0 0.964807 0.523835 0.040301 0.233049
0 0.965427 0.589890 0.054276 0.205646
0 0.829899 0.110421 0.033041 0.127708
0 0.223230 0.049021 0.035696 0.094857
0 0.178857 0.139902 0.031682 0.123073
0 0.757234 0.141963 0.035541 0.138589
0 0.929332 0.308384 0.028197 0.177277
2 0.693450 0.436154 0.139007 0.254480
