0 0.710055 0.542500 0.048233 0.214519
0 0.736220 0.655985 0.052974 0.232017
0 0.330417 0.805066 0.050545 0.214820
0 0.406124 0.665741 0.049114 0.225204
0 0.653422 0.052925 0.040091 0.105851
0 0.449726 0.359570 0.054017 0.194593
0 0.370514 0.259925 0.035155 0.100260
0 0.652043 0.104085 0.041777 0.111667
0 0.458196 0.877459 0.066159 0.245083
0 0.417461 0.338031 0.039606 0.197094
0 0.422077 0.192443 0.049512 0.156950
0 0.214536 0.333865 0.045581 0.184982
0 0.063176 0.529191 0.047069 0.217646
0 0.234654 0.228802 0.036583 0.181584
0 0.295986 0.050437 0.027159 0.099776
0 0.558738 0.916287 0.071417 0.167425
0 0.178163 0.226062 0.034484 0.164980
0 0.246791 0.186068 0.028252 0.156591
0 0.958582 0.327044 0.035384 0.174744
0 0.461330 0.206298 0.037846 0.158072
0 0.664358 0.914787 0.073866 0.170426
0 0.748684 0.050551 0.027724 0.099463
0 0.551569 0.781568 0.060856 0.233335
0 0.557210 0.231287 0.046336 0.196248
0 0.492118 0.208601 0.039597 0.145469
0 0.924577 0.312481 0.030049 0.177927
0 0.179040 0.143107 0.030874 0.132386
0 0.862152 0.139722 0.033819 0.136945
0 0.827001 0.105549 0.032425 0.118408
0 0.867693 0.365927 0.041224 0.191286
0 0.261186 0.063597 0.039407 0.123439
0 0.935901 0.547816 0.052854 0.222931
0 0.151729 0.203374 0.030198 0.162433
0 0.987984 0.311058 0.024032 0.168919
0 0.602306 0.309255 0.044950 0.193763
0 0.221296 0.155149 0.033444 0.153431
0 0.754684 0.137449 0.035927 0.139012
0 0.898437 0.366285 0.037552 0.172078
0 0.275864 0.189907 0.042489 0.162580
0 0.956818 0.527279 0.043127 0.249047
0 0.200371 0.050365 0.041318 0.100729
0 0.235823 0.052241 0.031888 0.104071
0 0.894713 0.254034 0.038639 0.140390
0 0.768411 0.159440 0.040417 0.145976
2 0.692811 0.436853 0.139402 0.256144
