0 0.710134 0.542513 0.048114 0.213258
0 0.736257 0.655495 0.052827 0.231791
0 0.417550 0.336939 0.040602 0.196418
0 0.449772 0.361731 0.051770 0.190566
0 0.329681 0.805600 0.050728 0.217995
0 0.405935 0.662823 0.049146 0.229693
0 0.235221 0.228011 0.036568 0.165405
0 0.584139 0.323154 0.044728 0.190480
0 0.654091 0.052753 0.039590 0.105507
0 0.652027 0.104641 0.041512 0.111545
0 0.370679 0.260434 0.035109 0.098643
0 0.422483 0.192391 0.049264 0.153988
0 0.461930 0.203809 0.038009 0.168793
0 0.495283 0.209854 0.041380 0.156106
0 0.177044 0.227385 0.036971 0.162273
0 0.278210 0.187275 0.039009 0.163962
0 0.557136 0.221404 0.045885 0.208303
0 0.063506 0.553037 0.047586 0.221114
0 0.551669 0.805439 0.064638 0.250535
0 0.476473 0.896919 0.063373 0.206162
0 0.247711 0.181437 0.028494 0.154039
0 0.215422 0.329558 0.043313 0.179482
0 0.147834 0.197441 0.030363 0.163721
0 0.218825 0.162078 0.033674 0.140538
0 0.750264 0.052144 0.029772 0.103950
0 0.926841 0.311194 0.033521 0.181237
0 0.936365 0.546089 0.053483 0.224690
0 0.571026 0.938494 0.072607 0.123012
0 0.862741 0.139162 0.035465 0.146224
0 0.869137 0.366376 0.041902 0.192638
0 0.296267 0.054444 0.026852 0.096574
0 0.177241 0.144570 0.033293 0.137566
0 0.263760 0.072536 0.037052 0.110375
0 0.826958 0.101220 0.030035 0.127118
0 0.661918 0.912334 0.078044 0.175331
0 0.201655 0.053649 0.039472 0.106593
0 0.753790 0.137180 0.036140 0.141793
0 0.960772 0.525058 0.042783 0.227438
0 0.901472 0.364942 0.036166 0.181921
0 0.957274 0.328545 0.031714 0.181832
0 0.896916 0.283053 0.025617 0.107159
0 0.977562 0.317590 0.024759 0.157513
0 0.867077 0.227941 0.045444 0.153141
0 0.232399 0.051822 0.031652 0.100954
0 0.983076 0.314919 0.030531 0.159343
2 0.692309 0.435572 0.140520 0.253794
