0 0.342805 0.148125 0.045385 0.219712
0 0.379127 0.174035 0.059728 0.220140
0 0.289693 0.060688 0.039085 0.110719
0 0.348261 0.037662 0.056153 0.075324
0 0.141587 0.065110 0.040690 0.128997
0 0.472154 0.198831 0.053428 0.217202
0 0.201093 0.054396 0.042900 0.106811
0 0.602431 0.156497 0.091793 0.286812
0 0.406615 0.020763 0.037836 0.041526
0 0.130374 0.089838 0.039674 0.174812
0 0.087674 0.095540 0.043296 0.189559
0 0.044763 0.075918 0.042147 0.150385
0 0.033096 0.023610 0.044034 0.043380
1 0.910977 0.850889 0.178046 0.243627
