0 0.281450 0.165735 0.057973 0.210296
0 0.916753 0.766134 0.166104 0.467733
0 0.317452 0.138711 0.044434 0.212064
0 0.916357 0.261823 0.167161 0.416939
0 0.750366 0.256564 0.134007 0.425592
0 0.594500 0.277603 0.184067 0.385498
0 0.749496 0.761470 0.135802 0.477059
0 0.367589 0.056319 0.038739 0.110817
0 0.012147 0.357170 0.024233 0.225752
0 0.313417 0.033893 0.053648 0.067479
0 0.592647 0.781507 0.184189 0.436986
0 0.167594 0.157558 0.054217 0.210536
0 0.163404 0.026246 0.051463 0.051473
0 0.321006 0.428071 0.051492 0.085976
0 0.480806 0.818223 0.024915 0.131354
0 0.470469 0.036203 0.032689 0.072335
0 0.063986 0.897793 0.093636 0.204415
0 0.252769 0.028173 0.043942 0.056022
3 0.047907 0.252510 0.095236 0.295953
3 0.081318 0.858988 0.157382 0.266280
