0 0.635475 0.691963 0.058092 0.200623
0 0.671581 0.662674 0.045053 0.213298
0 0.353998 0.885122 0.052751 0.228860
0 0.722628 0.581642 0.037790 0.108587
0 0.416330 0.420090 0.044797 0.105650
0 0.336518 0.940231 0.035291 0.115348
0 0.681555 0.951380 0.055972 0.096567
0 0.515923 0.674262 0.060692 0.210251
0 0.665969 0.506202 0.054814 0.172320
0 0.519942 0.486187 0.051506 0.177503
0 0.821625 0.499697 0.045206 0.185134
0 0.011474 0.085745 0.022871 0.168242
0 0.051366 0.018998 0.039904 0.037719
0 0.221203 0.081383 0.049984 0.162766
0 0.413363 0.388969 0.045196 0.041138
0 0.019843 0.331785 0.039450 0.075577
0 0.935158 0.551104 0.036491 0.171501
0 0.894475 0.653577 0.051693 0.215783
0 0.884798 0.460541 0.038602 0.172338
0 0.929838 0.457425 0.035769 0.142958
0 0.868040 0.543709 0.042724 0.190169
0 0.837569 0.399018 0.044502 0.063900
0 0.964057 0.521613 0.029350 0.179814
0 0.644663 0.473133 0.038035 0.179441
0 0.349477 0.406422 0.039821 0.074064
0 0.611718 0.486283 0.038569 0.176646
0 0.519913 0.233007 0.400797 0.269940
0 0.195762 0.017610 0.034652 0.034926
2 0.386635 0.779428 0.133640 0.311867
