0 0.318573 0.078659 0.045829 0.156908
0 0.356010 0.091834 0.060288 0.183667
0 0.467034 0.089950 0.055458 0.179410
0 0.077299 0.064228 0.048900 0.127959
0 0.813415 0.831760 0.217985 0.336480
0 0.681665 0.837804 0.106867 0.321300
0 0.316206 0.369804 0.049111 0.120719
0 0.652563 0.892559 0.112993 0.214882
0 0.905155 0.306111 0.092090 0.101987
0 0.204577 0.833977 0.166851 0.327168
0 0.843845 0.286811 0.089929 0.114777
0 0.960648 0.825504 0.078704 0.348991
0 0.265072 0.007661 0.039007 0.015322
0 0.905787 0.843622 0.073362 0.308335
1 0.750174 0.500000 0.498431 1.000000
