0 0.118955 0.430959 0.057007 0.252205
0 0.147214 0.305665 0.051497 0.231828
0 0.558494 0.559490 0.053609 0.161249
0 0.477115 0.442369 0.053601 0.239241
0 0.464578 0.096149 0.043826 0.192298
0 0.515379 0.028050 0.038165 0.056099
0 0.319571 0.532835 0.069638 0.214727
0 0.429266 0.108332 0.057307 0.197816
0 0.419777 0.586002 0.071384 0.107812
0 0.260892 0.077950 0.047856 0.155900
0 0.315753 0.041418 0.045138 0.079700
1 0.300819 0.500000 0.601638 1.000000
1 0.798467 0.316698 0.402414 0.629359
2 0.163749 0.189948 0.166543 0.303564
