0 0.511787 0.824935 0.052878 0.235676
0 0.518730 0.436293 0.058341 0.130672
0 0.546873 0.373528 0.052766 0.231775
0 0.832082 0.177158 0.058569 0.207832
0 0.866924 0.149925 0.044069 0.214736
0 0.844758 0.918078 0.053222 0.163845
0 0.483554 0.911380 0.058386 0.177240
0 0.796414 0.631400 0.057163 0.208868
0 0.831982 0.606411 0.044214 0.206762
0 0.686122 0.135884 0.050029 0.208625
0 0.861861 0.038610 0.052869 0.077221
0 0.917318 0.067127 0.038460 0.106163
0 0.782461 0.047792 0.045004 0.095583
0 0.714353 0.069349 0.048179 0.138209
0 0.818204 0.047674 0.040500 0.095348
0 0.882957 0.536213 0.038963 0.072456
0 0.879458 0.441914 0.053573 0.119004
0 0.678298 0.547691 0.050820 0.094444
0 0.745103 0.524260 0.045382 0.046383
0 0.652122 0.595091 0.053971 0.195899
0 0.781642 0.524816 0.040449 0.048193
0 0.185941 0.793952 0.033060 0.174882
0 0.272313 0.817824 0.046706 0.217159
0 0.150231 0.110209 0.024934 0.131023
0 0.372784 0.807950 0.029178 0.140810
0 0.396438 0.850814 0.027022 0.201169
0 0.302067 0.774098 0.017677 0.091699
0 0.010933 0.910240 0.021795 0.177279
2 0.530703 0.711167 0.157865 0.282004
