0 0.311077 0.913714 0.051041 0.172573
0 0.251306 0.426023 0.053986 0.075153
0 0.249913 0.473141 0.051381 0.140345
0 0.080189 0.300882 0.054053 0.177003
0 0.128619 0.056561 0.058697 0.113122
0 0.064254 0.451383 0.049548 0.124837
0 0.093102 0.046977 0.045578 0.093955
0 0.052699 0.621876 0.053166 0.188274
0 0.085693 0.621217 0.042249 0.186220
0 0.019902 0.597409 0.039804 0.201426
0 0.337262 0.973438 0.044786 0.053124
0 0.226420 0.663879 0.054865 0.206556
0 0.101818 0.449943 0.042677 0.121326
0 0.276455 0.030127 0.046910 0.060255
0 0.145498 0.707976 0.049338 0.224321
0 0.132144 0.457521 0.039636 0.134764
0 0.823494 0.146771 0.121894 0.041044
0 0.010680 0.722420 0.021361 0.231155
0 0.657226 0.197498 0.067878 0.084775
2 0.288006 0.836126 0.148568 0.312718
1 0.780634 0.196149 0.437744 0.392299
