0 0.168983 0.237237 0.054568 0.192103
0 0.135698 0.211615 0.041338 0.196959
0 0.423700 0.421613 0.029937 0.218953
0 0.124708 0.543668 0.047897 0.226619
0 0.088301 0.133297 0.037049 0.100937
0 0.047730 0.616204 0.047135 0.082700
0 0.277975 0.063381 0.050022 0.126761
0 0.140085 0.072457 0.050238 0.144914
0 0.284979 0.215192 0.053845 0.193683
0 0.374709 0.014999 0.040093 0.029294
0 0.274394 0.621896 0.068338 0.075089
0 0.694117 0.156461 0.026361 0.113497
0 0.179699 0.077999 0.036546 0.153848
0 0.203362 0.803186 0.098917 0.203573
0 0.006201 0.074923 0.012393 0.148010
3 0.389552 0.309979 0.100466 0.269397
3 0.095267 0.839820 0.190533 0.320359
