0 0.158134 0.146776 0.043612 0.211770
0 0.122467 0.174892 0.057173 0.206000
0 0.208682 0.060943 0.038060 0.109674
0 0.169860 0.469668 0.052547 0.183521
0 0.153165 0.037353 0.053048 0.074706
0 0.375358 0.140925 0.048520 0.200090
0 0.354307 0.057494 0.037712 0.114274
0 0.109595 0.046567 0.039967 0.092883
0 0.308394 0.034904 0.041335 0.069809
0 0.122160 0.809979 0.103649 0.207743
0 0.446777 0.044421 0.031148 0.088842
0 0.417810 0.057488 0.038421 0.114976
0 0.341585 0.028706 0.029701 0.057411
0 0.075359 0.044687 0.042509 0.089374
0 0.016066 0.064148 0.032132 0.126729
0 0.371866 0.018883 0.034225 0.035993
0 0.031967 0.535369 0.057125 0.050867
1 0.749682 0.292463 0.498975 0.584925
