0 0.710373 0.543041 0.048148 0.213860
0 0.736246 0.656894 0.052828 0.234320
0 0.417209 0.337343 0.040495 0.194013
0 0.329960 0.803733 0.051282 0.216939
0 0.450275 0.362719 0.052693 0.190434
0 0.651829 0.104883 0.042143 0.110762
0 0.653871 0.052618 0.040149 0.105235
0 0.370525 0.259682 0.035246 0.099930
0 0.554334 0.853390 0.068131 0.241518
0 0.642630 0.885222 0.067711 0.229557
0 0.417792 0.682030 0.048841 0.233569
0 0.061545 0.589112 0.050562 0.211948
0 0.557390 0.165588 0.050685 0.183365
0 0.421849 0.193790 0.049606 0.154748
0 0.712499 0.070635 0.035762 0.134154
0 0.854472 0.337765 0.043929 0.187605
0 0.548772 0.357045 0.055117 0.200675
0 0.882889 0.335921 0.032202 0.168430
0 0.750834 0.103854 0.040240 0.148421
0 0.281491 0.197395 0.032702 0.158162
0 0.858460 0.122513 0.038435 0.170948
0 0.523426 0.919138 0.058048 0.161724
0 0.238507 0.221562 0.039195 0.180328
0 0.229894 0.281185 0.037910 0.160116
0 0.846471 0.201532 0.039393 0.157329
0 0.809205 0.111941 0.030394 0.125658
0 0.935553 0.483668 0.042761 0.214128
0 0.442705 0.153049 0.035829 0.176727
0 0.268632 0.120631 0.037391 0.164311
0 0.959759 0.278038 0.030981 0.161678
0 0.171804 0.146906 0.034177 0.137200
0 0.140515 0.181258 0.037857 0.157472
0 0.983924 0.519457 0.032093 0.177259
0 0.885298 0.116768 0.026346 0.162349
0 0.840834 0.091199 0.036306 0.160078
0 0.909288 0.281321 0.038739 0.173523
0 0.166288 0.229079 0.039836 0.157692
0 0.937109 0.285131 0.031072 0.171287
0 0.881855 0.258114 0.025399 0.101039
0 0.906866 0.504148 0.053094 0.216742
0 0.195099 0.300600 0.040771 0.176861
0 0.987425 0.293964 0.025151 0.182049
0 0.472421 0.176291 0.041316 0.154376
0 0.232867 0.124505 0.038152 0.142322
2 0.692170 0.436123 0.141096 0.256809
