0 0.710317 0.542422 0.048031 0.212568
0 0.736370 0.654317 0.053101 0.228926
0 0.417094 0.337666 0.040452 0.193679
0 0.329958 0.805133 0.051583 0.216610
0 0.449971 0.362807 0.052211 0.189239
0 0.651603 0.104501 0.041928 0.111730
0 0.554509 0.861664 0.069446 0.241121
0 0.653909 0.052726 0.039778 0.105453
0 0.370603 0.260013 0.035388 0.100156
0 0.641355 0.884610 0.067737 0.230270
0 0.419441 0.683079 0.048838 0.227652
0 0.062719 0.598903 0.050009 0.212574
0 0.546887 0.357447 0.053732 0.202875
0 0.712317 0.069516 0.035642 0.134206
0 0.557599 0.166042 0.049840 0.183322
0 0.422034 0.194629 0.048627 0.155350
0 0.855673 0.337198 0.042599 0.188819
0 0.230608 0.281397 0.037815 0.156381
0 0.238615 0.223751 0.038444 0.173743
0 0.908930 0.275167 0.036478 0.167920
0 0.883403 0.337816 0.032199 0.167897
0 0.281908 0.201791 0.032938 0.161277
0 0.858102 0.120974 0.040310 0.168592
0 0.960597 0.278288 0.028000 0.164234
0 0.529044 0.919694 0.057900 0.160612
0 0.751077 0.100671 0.039999 0.147270
0 0.806474 0.106861 0.030817 0.125837
0 0.137082 0.173302 0.035717 0.137570
0 0.170010 0.153034 0.035438 0.136508
0 0.844699 0.199407 0.039544 0.166624
0 0.271009 0.123362 0.036358 0.165286
0 0.883919 0.114122 0.027491 0.164455
0 0.193836 0.298163 0.041193 0.172441
0 0.442493 0.154665 0.036825 0.178788
0 0.907198 0.502259 0.048149 0.219611
0 0.937650 0.286625 0.032411 0.176086
0 0.931382 0.470390 0.041874 0.219584
0 0.841800 0.090192 0.034935 0.160837
0 0.769055 0.954874 0.059245 0.090252
0 0.880804 0.255518 0.025479 0.100341
0 0.982781 0.515660 0.034437 0.183399
0 0.162765 0.237190 0.042538 0.165565
0 0.695539 0.945717 0.062621 0.108566
0 0.984063 0.286203 0.031840 0.174786
0 0.205495 0.133720 0.032255 0.145195
0 0.476855 0.174202 0.039203 0.161131
0 0.236960 0.122776 0.037121 0.138217
0 0.726371 0.850248 0.083646 0.281248
2 0.691990 0.436733 0.141104 0.256440
