0 0.710169 0.542125 0.048018 0.212016
0 0.736394 0.656094 0.052944 0.232680
0 0.417244 0.336617 0.040074 0.195581
0 0.449783 0.362869 0.052337 0.192082
0 0.330292 0.806351 0.050627 0.211195
0 0.651819 0.104225 0.041687 0.112312
0 0.370517 0.259853 0.035428 0.100315
0 0.653558 0.052437 0.040148 0.104873
0 0.546244 0.356993 0.052654 0.200357
0 0.061599 0.613620 0.052378 0.215560
0 0.554879 0.861668 0.067813 0.248632
0 0.772981 0.955476 0.051100 0.089048
0 0.712175 0.070188 0.036816 0.137711
0 0.421760 0.192126 0.049498 0.157114
0 0.228592 0.277451 0.038749 0.161753
0 0.555120 0.160341 0.049103 0.192970
0 0.750408 0.090568 0.038153 0.138993
0 0.285012 0.211953 0.035763 0.147689
0 0.854309 0.112796 0.037378 0.165382
0 0.636975 0.870581 0.064691 0.227241
0 0.419068 0.681491 0.047718 0.228894
0 0.239381 0.229417 0.037650 0.158479
0 0.475611 0.182088 0.037295 0.145519
0 0.926303 0.448020 0.041286 0.214416
0 0.190429 0.294055 0.040052 0.170134
0 0.529361 0.918799 0.059027 0.162401
0 0.900144 0.485791 0.050408 0.226694
0 0.881603 0.104602 0.030736 0.158349
0 0.137126 0.175186 0.036827 0.134604
0 0.836246 0.085357 0.035602 0.159281
0 0.272454 0.123120 0.039638 0.159844
0 0.695679 0.948119 0.051936 0.103762
0 0.442363 0.157293 0.034489 0.166894
0 0.984038 0.291286 0.031800 0.167936
0 0.157685 0.234528 0.044420 0.169863
0 0.979963 0.590168 0.039515 0.201902
0 0.843129 0.196185 0.037734 0.155288
0 0.201958 0.134969 0.033995 0.150643
0 0.170243 0.153836 0.033922 0.146486
0 0.982361 0.521703 0.035098 0.206536
0 0.957397 0.278077 0.034186 0.164999
0 0.235028 0.123162 0.036885 0.135353
0 0.919420 0.265236 0.034119 0.155351
0 0.841763 0.313284 0.036784 0.188757
0 0.796520 0.097253 0.034842 0.134149
0 0.855021 0.328867 0.040049 0.192444
0 0.878720 0.251014 0.028262 0.109732
0 0.880368 0.327307 0.032084 0.173067
0 0.642286 0.965599 0.055490 0.068801
0 0.790633 0.089025 0.040064 0.132609
2 0.692219 0.433976 0.140245 0.252673
