0 0.710143 0.542845 0.048287 0.213738
0 0.736312 0.655507 0.052670 0.231591
0 0.417104 0.336738 0.039778 0.193937
0 0.449425 0.362859 0.052335 0.190997
0 0.651854 0.104290 0.041519 0.112535
0 0.330676 0.805444 0.049903 0.211548
0 0.370410 0.260019 0.035461 0.099643
0 0.653842 0.052139 0.039399 0.104278
0 0.540723 0.363231 0.050533 0.195962
0 0.751895 0.077363 0.039334 0.144616
0 0.711419 0.068778 0.036776 0.136203
0 0.772272 0.955115 0.053110 0.089771
0 0.791270 0.084998 0.038359 0.132427
0 0.850372 0.102427 0.037586 0.159679
0 0.058261 0.633363 0.055940 0.219813
0 0.556366 0.865666 0.068419 0.231745
0 0.833131 0.084463 0.034816 0.160459
0 0.421989 0.193259 0.049054 0.156557
0 0.552966 0.157074 0.047500 0.190854
0 0.879957 0.102441 0.029391 0.147679
0 0.475983 0.176862 0.038008 0.148569
0 0.239395 0.232672 0.037446 0.165615
0 0.980159 0.586957 0.039314 0.205067
0 0.227537 0.280796 0.038473 0.168479
0 0.535930 0.921051 0.063840 0.157897
0 0.918558 0.251835 0.035508 0.150748
0 0.871100 0.302754 0.036690 0.150211
0 0.840433 0.308977 0.037416 0.180890
0 0.289621 0.219007 0.039331 0.157543
0 0.416707 0.687130 0.054458 0.228169
0 0.275175 0.127562 0.038651 0.160300
0 0.190134 0.295477 0.038226 0.173989
0 0.695244 0.940666 0.055161 0.114820
0 0.628345 0.852170 0.056733 0.226822
0 0.138905 0.174312 0.037728 0.130460
0 0.443601 0.157068 0.034427 0.169793
0 0.878793 0.259407 0.032392 0.139972
0 0.202067 0.132469 0.034731 0.158673
0 0.918434 0.425177 0.041072 0.198081
0 0.959294 0.266500 0.039968 0.156784
0 0.236309 0.127508 0.037325 0.143415
0 0.152172 0.244942 0.039322 0.164754
0 0.172350 0.152159 0.035170 0.144073
0 0.890542 0.462658 0.047704 0.215780
0 0.984828 0.293633 0.030270 0.170860
0 0.974463 0.480424 0.046663 0.176228
0 0.640475 0.960967 0.057502 0.077704
0 0.906591 0.239253 0.027185 0.141333
2 0.692211 0.433917 0.139811 0.252768
