0 0.247282 0.398833 0.050196 0.220771
0 0.274471 0.487839 0.054469 0.184132
0 0.744358 0.366592 0.174651 0.429468
0 0.089304 0.052397 0.053042 0.104678
0 0.094996 0.809879 0.068375 0.354034
0 0.144573 0.810859 0.060384 0.324380
0 0.028417 0.796631 0.056571 0.361319
0 0.426720 0.186625 0.033661 0.177770
0 0.765465 0.778164 0.459029 0.360568
0 0.398146 0.181036 0.046288 0.191366
0 0.209987 0.800897 0.074919 0.278418
0 0.019017 0.056577 0.037926 0.113154
0 0.081812 0.202624 0.050109 0.203501
0 0.388286 0.060420 0.042723 0.120840
0 0.426282 0.101880 0.030814 0.102105
0 0.424481 0.019351 0.032183 0.038702
0 0.268132 0.722901 0.088167 0.164327
0 0.441478 0.136855 0.021043 0.182251
2 0.229120 0.292660 0.141259 0.251829
1 0.724649 0.790288 0.541972 0.419423
