0 0.710092 0.542240 0.048184 0.214597
0 0.736236 0.656150 0.052706 0.232105
0 0.330626 0.804259 0.050452 0.213356
0 0.653742 0.053269 0.039884 0.106537
0 0.370531 0.259522 0.035281 0.100352
0 0.405864 0.666756 0.050679 0.222009
0 0.450026 0.361126 0.053629 0.193323
0 0.652412 0.104632 0.041361 0.111691
0 0.417731 0.339584 0.040463 0.199442
0 0.456482 0.875683 0.061043 0.244569
0 0.552971 0.763876 0.062515 0.224655
0 0.421497 0.191982 0.049091 0.158856
0 0.553296 0.912678 0.072765 0.174645
0 0.750615 0.049990 0.028858 0.099980
0 0.248639 0.185313 0.027672 0.152867
0 0.065374 0.522616 0.048169 0.214236
0 0.460408 0.203826 0.039863 0.165644
0 0.295479 0.050283 0.028291 0.100567
0 0.957570 0.210890 0.039933 0.144125
0 0.236825 0.224902 0.035769 0.180091
0 0.213768 0.335269 0.041901 0.199377
0 0.557250 0.229672 0.045701 0.198339
0 0.494006 0.210615 0.042508 0.145599
0 0.665002 0.916760 0.079037 0.166480
0 0.260209 0.062980 0.039800 0.124072
0 0.177276 0.224029 0.035063 0.157245
0 0.864743 0.144226 0.034007 0.144173
0 0.605030 0.307945 0.044416 0.190290
0 0.769821 0.164944 0.039331 0.146224
0 0.277884 0.187959 0.039766 0.163421
0 0.987539 0.308486 0.024922 0.170746
0 0.937584 0.547850 0.053946 0.221785
0 0.869161 0.368063 0.041059 0.192675
0 0.897630 0.256069 0.039284 0.136915
0 0.196056 0.052967 0.041139 0.105934
0 0.152610 0.195048 0.032748 0.174489
0 0.900439 0.368588 0.037612 0.165638
0 0.963861 0.520352 0.041036 0.234046
0 0.829519 0.109712 0.033241 0.127328
0 0.228655 0.154013 0.026285 0.155248
0 0.959485 0.338801 0.035327 0.190515
0 0.675216 0.931979 0.072121 0.136042
0 0.964996 0.590313 0.053941 0.200024
0 0.927562 0.308166 0.028212 0.173805
0 0.225280 0.050117 0.033894 0.099142
0 0.757037 0.141037 0.035581 0.139112
0 0.179140 0.138497 0.031789 0.124482
0 0.159727 0.187753 0.034073 0.187766
2 0.692978 0.434904 0.138492 0.252934
