0 0.264225 0.260399 0.044859 0.219939
0 0.228103 0.288122 0.059664 0.215788
0 0.214261 0.882915 0.428521 0.234170
0 0.316732 0.174967 0.039688 0.114285
0 0.119895 0.284881 0.058694 0.222512
0 0.259780 0.098894 0.055523 0.173121
0 0.108953 0.086378 0.053952 0.172756
0 0.412143 0.118593 0.039748 0.168291
0 0.476505 0.192961 0.040135 0.183523
0 0.260679 0.622483 0.055142 0.195869
0 0.511602 0.211235 0.035837 0.198554
0 0.199529 0.082774 0.043185 0.160817
0 0.666039 0.971233 0.093553 0.057534
0 0.463630 0.137132 0.041426 0.192559
0 0.426565 0.052479 0.041297 0.103766
0 0.236809 0.074931 0.037250 0.149862
0 0.468167 0.054937 0.042977 0.109039
0 0.506768 0.059244 0.040763 0.116279
0 0.012924 0.032716 0.025521 0.060703
0 0.362645 0.693874 0.057793 0.053423
0 0.481086 0.936017 0.097053 0.127967
1 0.265729 0.500000 0.527786 1.000000
2 0.016918 0.376082 0.033701 0.294521
1 0.766485 0.859241 0.464853 0.281518
