0 0.710225 0.542561 0.047847 0.212813
0 0.736554 0.655446 0.052393 0.231855
0 0.417068 0.336711 0.039643 0.195216
0 0.449319 0.362577 0.052309 0.191666
0 0.330712 0.807468 0.050294 0.215668
0 0.651842 0.104579 0.041971 0.112168
0 0.653794 0.052527 0.039768 0.105054
0 0.370540 0.259530 0.035259 0.101556
0 0.545190 0.358690 0.052380 0.197998
0 0.421438 0.192957 0.048464 0.155657
0 0.555618 0.864029 0.067290 0.247334
0 0.711555 0.069806 0.036019 0.137782
0 0.772785 0.954966 0.053203 0.090067
0 0.060268 0.622321 0.054872 0.223118
0 0.750590 0.082968 0.039259 0.150639
0 0.554592 0.159254 0.050080 0.190453
0 0.919338 0.260630 0.035913 0.154802
0 0.476450 0.180462 0.038312 0.146266
0 0.227533 0.279569 0.038070 0.159912
0 0.288213 0.213569 0.037379 0.153683
0 0.238984 0.232984 0.037681 0.166353
0 0.852920 0.108623 0.038410 0.166309
0 0.880178 0.102773 0.029344 0.152295
0 0.273911 0.125723 0.041046 0.163304
0 0.834995 0.085078 0.035365 0.160910
0 0.631430 0.857263 0.059135 0.229062
0 0.190073 0.294353 0.039422 0.169638
0 0.416753 0.684935 0.052945 0.230480
0 0.532133 0.918976 0.058253 0.161697
0 0.979817 0.588999 0.039778 0.201550
0 0.922321 0.438734 0.037313 0.198901
0 0.695160 0.945101 0.055087 0.109797
0 0.442787 0.157187 0.033795 0.167859
0 0.137058 0.172981 0.036724 0.131807
0 0.893540 0.470743 0.049895 0.205106
0 0.841010 0.308263 0.036852 0.183639
0 0.792360 0.090222 0.038088 0.133144
0 0.984009 0.292550 0.031695 0.170010
0 0.155346 0.238558 0.040082 0.161693
0 0.954641 0.271494 0.037301 0.159499
0 0.202441 0.133187 0.033625 0.151259
0 0.235378 0.127769 0.037731 0.138634
0 0.170812 0.153583 0.035908 0.146789
0 0.980908 0.516928 0.038184 0.213599
0 0.877200 0.266008 0.030998 0.148340
0 0.870534 0.310205 0.035464 0.163751
0 0.640592 0.965957 0.055026 0.068086
0 0.905105 0.241648 0.026999 0.135451
2 0.692260 0.433610 0.139651 0.252592
