0 0.743274 0.272531 0.287449 0.370043
0 0.116361 0.865257 0.051357 0.223210
0 0.389373 0.676767 0.054301 0.200049
0 0.089011 0.930696 0.055033 0.136104
0 0.096648 0.102321 0.050409 0.204641
0 0.423379 0.650563 0.042065 0.205424
0 0.069236 0.215011 0.054743 0.247567
0 0.569233 0.367805 0.120096 0.179845
0 0.178412 0.378618 0.069089 0.159944
0 0.412733 0.260212 0.063158 0.235608
0 0.416453 0.519748 0.054321 0.121325
0 0.300423 0.690169 0.050336 0.206593
0 0.259402 0.404813 0.071104 0.105506
0 0.364400 0.506350 0.037969 0.096754
0 0.466446 0.572627 0.024729 0.100873
0 0.280695 0.507177 0.049145 0.097597
0 0.425732 0.951563 0.068094 0.096392
0 0.393467 0.505233 0.031818 0.095477
1 0.737891 0.230983 0.523555 0.459068
2 0.131216 0.765028 0.156118 0.293328
2 0.138127 0.057873 0.058522 0.107247
