0 0.844592 0.283484 0.272004 0.519708
0 0.211761 0.442358 0.051313 0.227985
0 0.238978 0.520622 0.056136 0.159505
0 0.047016 0.070418 0.054023 0.140836
0 0.558340 0.848303 0.184770 0.264520
0 0.037487 0.244355 0.051802 0.212169
0 0.366247 0.221065 0.048190 0.203329
0 0.149518 0.016306 0.043180 0.031433
0 0.890834 0.802256 0.173380 0.209047
0 0.252784 0.025729 0.039689 0.050875
0 0.355079 0.080931 0.042497 0.158861
0 0.394945 0.221987 0.030506 0.180626
0 0.805521 0.699245 0.086853 0.146982
0 0.369708 0.040034 0.033748 0.079877
0 0.395015 0.034468 0.024210 0.068935
0 0.395055 0.130865 0.029345 0.109859
1 0.200662 0.754345 0.155812 0.266976
2 0.191878 0.328952 0.151981 0.265620
1 0.065171 0.734691 0.130343 0.276918
