0 0.710378 0.542692 0.048057 0.212913
0 0.736462 0.658105 0.053074 0.236692
0 0.417090 0.337505 0.040345 0.194074
0 0.330330 0.804453 0.051178 0.211521
0 0.449704 0.362600 0.052308 0.190754
0 0.652001 0.104300 0.041810 0.111244
0 0.554744 0.864880 0.070060 0.237629
0 0.654022 0.052481 0.040535 0.104962
0 0.370401 0.259932 0.035344 0.100492
0 0.639966 0.884230 0.068687 0.230062
0 0.420728 0.683324 0.048883 0.225670
0 0.063494 0.606385 0.050594 0.211996
0 0.545349 0.356753 0.052043 0.199824
0 0.557036 0.164611 0.048518 0.189753
0 0.712394 0.069938 0.036465 0.135420
0 0.773122 0.955091 0.052164 0.089817
0 0.282550 0.206270 0.035041 0.162858
0 0.421726 0.193322 0.048611 0.155490
0 0.239413 0.226237 0.036162 0.163718
0 0.857893 0.120752 0.037127 0.165028
0 0.229446 0.277559 0.039381 0.164051
0 0.528123 0.919902 0.060098 0.160195
0 0.750352 0.095664 0.038094 0.140870
0 0.904353 0.497545 0.049743 0.215000
0 0.855864 0.338878 0.041045 0.189594
0 0.272588 0.123997 0.036424 0.164537
0 0.884489 0.114333 0.028943 0.165994
0 0.839746 0.089765 0.034192 0.161154
0 0.694916 0.948892 0.058684 0.102216
0 0.883019 0.335821 0.031721 0.172426
0 0.137781 0.176340 0.038346 0.143322
0 0.191771 0.294197 0.042540 0.171908
0 0.844233 0.198928 0.038619 0.163182
0 0.442106 0.155178 0.036581 0.173835
0 0.881365 0.253186 0.027331 0.099356
0 0.933452 0.470190 0.043817 0.224839
0 0.806565 0.105640 0.028241 0.130553
0 0.984231 0.283834 0.031051 0.165348
0 0.959461 0.275920 0.028815 0.157679
0 0.171266 0.153228 0.036451 0.144500
0 0.984044 0.519043 0.031880 0.197579
0 0.160352 0.237386 0.043984 0.165236
0 0.908210 0.274836 0.034819 0.167065
0 0.477307 0.171264 0.038733 0.161536
0 0.979991 0.586683 0.039714 0.209512
0 0.233118 0.122580 0.035098 0.138004
0 0.204077 0.135644 0.031715 0.140304
0 0.936480 0.285083 0.030790 0.180124
2 0.692410 0.437882 0.141296 0.260313
