0 0.246867 0.388298 0.054403 0.163380
0 0.198563 0.099861 0.062459 0.197736
0 0.235291 0.088162 0.043100 0.175294
0 0.286628 0.017905 0.039181 0.034876
0 0.858966 0.792643 0.077708 0.149840
0 0.079873 0.732737 0.159599 0.520663
0 0.681550 0.254985 0.385092 0.425674
0 0.082390 0.031026 0.043084 0.062053
0 0.088724 0.441849 0.076016 0.056125
0 0.031660 0.070625 0.046055 0.139363
1 0.204333 0.731551 0.408666 0.531760
1 0.700524 0.733407 0.597852 0.530751
1 0.699556 0.232833 0.576446 0.462867
1 0.205014 0.230706 0.410029 0.455601
