0 0.205522 0.305527 0.048366 0.213803
0 0.179033 0.424028 0.052995 0.236825
0 0.424576 0.295573 0.053830 0.236794
0 0.832831 0.441010 0.050301 0.212429
0 0.451187 0.179230 0.048694 0.214567
0 0.756225 0.301529 0.049560 0.231449
0 0.712449 0.047063 0.053037 0.094126
0 0.609846 0.445914 0.068044 0.209330
0 0.744896 0.036175 0.039423 0.072350
0 0.059429 0.099735 0.044065 0.186866
0 0.032263 0.098726 0.034060 0.177856
0 0.012548 0.068671 0.025095 0.137341
0 0.304532 0.049313 0.032801 0.098626
0 0.017823 0.254573 0.035646 0.225135
0 0.599457 0.039677 0.061726 0.078573
0 0.511984 0.487840 0.068231 0.119984
0 0.075028 0.022259 0.045491 0.044517
0 0.672670 0.503028 0.063365 0.094013
0 0.032742 0.031307 0.022272 0.062615
0 0.947067 0.034589 0.041469 0.069178
2 0.212807 0.203614 0.136766 0.276227
