0 0.736199 0.655379 0.052477 0.232532
0 0.710459 0.541271 0.049048 0.213789
0 0.416968 0.337120 0.039917 0.194665
0 0.449408 0.362062 0.052747 0.193166
0 0.652098 0.103764 0.041519 0.112936
0 0.330112 0.803878 0.050605 0.214590
0 0.653968 0.051770 0.040205 0.103539
0 0.753277 0.070575 0.036564 0.135531
0 0.370531 0.260352 0.035333 0.099212
0 0.712622 0.069550 0.035639 0.137764
0 0.773529 0.955360 0.053027 0.088644
0 0.847843 0.096016 0.035772 0.157998
0 0.630088 0.847904 0.064776 0.227413
0 0.555795 0.868828 0.066150 0.161641
0 0.879288 0.093386 0.030925 0.144663
0 0.791466 0.087024 0.036343 0.132135
0 0.548158 0.932620 0.054403 0.134760
0 0.831469 0.082105 0.031109 0.160635
0 0.052979 0.660166 0.051349 0.222210
0 0.840142 0.304870 0.039601 0.192123
0 0.695739 0.945976 0.058457 0.107260
0 0.544266 0.143401 0.043204 0.181390
0 0.530749 0.381676 0.046175 0.192395
0 0.979980 0.584194 0.040011 0.202055
0 0.920190 0.247759 0.038789 0.157424
0 0.422131 0.191138 0.048718 0.158247
0 0.638673 0.959832 0.053037 0.080335
0 0.474798 0.166738 0.038220 0.146476
0 0.421005 0.953852 0.049706 0.092296
0 0.289412 0.229180 0.039572 0.157606
0 0.410481 0.698791 0.059579 0.222498
0 0.274611 0.136717 0.038524 0.151101
0 0.876170 0.249785 0.034162 0.141451
0 0.959734 0.272921 0.045578 0.177876
0 0.863107 0.431080 0.049147 0.207988
0 0.442685 0.150531 0.035133 0.171457
0 0.873662 0.292253 0.034940 0.149882
0 0.228799 0.275864 0.036166 0.177618
0 0.965200 0.476646 0.046751 0.185925
0 0.137657 0.179704 0.038169 0.130256
0 0.236538 0.126746 0.036444 0.145950
0 0.189517 0.290466 0.041016 0.186458
0 0.239504 0.234138 0.037583 0.162230
0 0.166790 0.157801 0.036913 0.148366
0 0.905262 0.418313 0.043140 0.200757
0 0.204407 0.130732 0.035221 0.144096
0 0.147279 0.257542 0.043055 0.172145
0 0.902807 0.234107 0.026677 0.147352
2 0.692168 0.435740 0.138611 0.254751
