0 0.710108 0.542425 0.048214 0.213301
0 0.736129 0.656002 0.052727 0.232662
0 0.417044 0.336245 0.039716 0.196382
0 0.449718 0.362639 0.053013 0.194128
0 0.329612 0.804980 0.050699 0.218042
0 0.405961 0.663382 0.048593 0.229938
0 0.653957 0.052802 0.039541 0.105603
0 0.651716 0.104455 0.041507 0.111087
0 0.235340 0.225874 0.037417 0.171546
0 0.561598 0.344777 0.055620 0.194376
0 0.370709 0.260445 0.035412 0.099019
0 0.494565 0.210202 0.042406 0.152161
0 0.460501 0.202871 0.038625 0.164834
0 0.063493 0.558385 0.048084 0.215841
0 0.176932 0.227320 0.035083 0.164552
0 0.277498 0.186354 0.039768 0.163816
0 0.421326 0.193921 0.048363 0.153040
0 0.214720 0.330522 0.044982 0.185336
0 0.551814 0.817798 0.065767 0.257077
0 0.148730 0.198714 0.029702 0.169530
0 0.484767 0.899269 0.064137 0.201462
0 0.557252 0.167597 0.050230 0.181910
0 0.937806 0.546096 0.049987 0.224053
0 0.926115 0.309439 0.032955 0.179883
0 0.176583 0.146858 0.033524 0.131433
0 0.867690 0.368257 0.040394 0.196099
0 0.219184 0.152486 0.036591 0.156361
0 0.572427 0.945522 0.071529 0.108462
0 0.246377 0.185234 0.026543 0.149467
0 0.864251 0.139101 0.038038 0.156942
0 0.753138 0.129120 0.036802 0.149938
0 0.957265 0.324745 0.031959 0.179803
0 0.201512 0.052152 0.040174 0.103398
0 0.265685 0.076349 0.035848 0.100458
0 0.867063 0.230784 0.039143 0.151608
0 0.900553 0.364368 0.036164 0.179778
0 0.750010 0.048393 0.028357 0.096786
0 0.961959 0.523655 0.039851 0.229257
0 0.296677 0.053330 0.027170 0.099668
0 0.896411 0.279883 0.028296 0.108474
0 0.828096 0.103597 0.029785 0.125657
0 0.651025 0.897098 0.066116 0.205803
0 0.231943 0.050142 0.034869 0.100111
0 0.983451 0.308026 0.028863 0.156886
0 0.711682 0.073648 0.034317 0.123865
2 0.691541 0.434784 0.141238 0.253098
