0 0.036106 0.538950 0.061252 0.204535
0 0.066463 0.440338 0.054814 0.244296
0 0.362208 0.233479 0.062267 0.220306
0 0.400079 0.205520 0.046659 0.224593
0 0.453255 0.119511 0.040133 0.112016
0 0.412504 0.547473 0.056535 0.185575
0 0.395209 0.065290 0.055731 0.130580
0 0.234357 0.214588 0.060292 0.223869
0 0.240223 0.056009 0.056174 0.112006
0 0.559066 0.064040 0.045107 0.128080
0 0.018838 0.024971 0.037146 0.048195
0 0.767600 0.363059 0.045976 0.214378
0 0.614085 0.381802 0.038950 0.236608
0 0.737383 0.348658 0.043039 0.241594
0 0.317929 0.067976 0.047749 0.135952
1 0.294509 0.812144 0.580462 0.346213
1 0.793443 0.829419 0.409616 0.341161
2 0.085852 0.311887 0.163284 0.289565
1 0.297298 0.370285 0.590264 0.740570
1 0.751383 0.320984 0.324210 0.639717
