0 0.735949 0.647972 0.049073 0.205485
0 0.709569 0.540030 0.046813 0.218405
0 0.328963 0.792192 0.055779 0.213342
0 0.653805 0.049991 0.050516 0.099981
0 0.652251 0.110201 0.047626 0.129463
0 0.372251 0.257126 0.048829 0.124429
0 0.393038 0.663480 0.047365 0.231379
0 0.538323 0.705043 0.057116 0.204198
0 0.481242 0.067848 0.046668 0.134683
0 0.418459 0.323095 0.042078 0.161909
0 0.455712 0.808639 0.057148 0.255448
0 0.767938 0.088201 0.044417 0.145780
0 0.433941 0.382669 0.048183 0.198092
0 0.514582 0.061464 0.038722 0.122415
0 0.541855 0.065658 0.033715 0.131315
0 0.250834 0.057619 0.032133 0.115237
0 0.474309 0.234671 0.045596 0.175950
0 0.251879 0.191547 0.033038 0.172995
0 0.969441 0.605602 0.059991 0.206347
0 0.952783 0.199921 0.039717 0.156020
0 0.438573 0.218371 0.051288 0.173007
0 0.772553 0.171974 0.040423 0.136423
0 0.835713 0.141941 0.037578 0.150922
0 0.214935 0.237566 0.040920 0.156543
0 0.524828 0.878822 0.070402 0.242357
0 0.161907 0.186378 0.045322 0.166074
0 0.688704 0.942892 0.069691 0.114217
0 0.938420 0.433145 0.039333 0.176234
0 0.191738 0.070991 0.037962 0.107772
0 0.552226 0.292076 0.044421 0.199235
0 0.503573 0.242891 0.039463 0.176358
0 0.897800 0.428839 0.045163 0.214481
0 0.952870 0.354345 0.040227 0.205787
0 0.908971 0.171672 0.034457 0.133706
0 0.223682 0.387319 0.056522 0.198057
0 0.618610 0.294399 0.052340 0.185457
0 0.875308 0.202778 0.041932 0.171687
0 0.062702 0.499126 0.055523 0.219025
0 0.908538 0.269029 0.042448 0.144843
0 0.227589 0.064467 0.028561 0.090891
0 0.876598 0.152644 0.039188 0.156668
0 0.625831 0.285272 0.049481 0.169342
0 0.986397 0.382201 0.027205 0.207904
2 0.692414 0.434404 0.139271 0.253578
