0 0.084569 0.263661 0.046579 0.217371
0 0.058703 0.370386 0.050135 0.206487
0 0.792372 0.838958 0.089767 0.301817
0 0.703408 0.208658 0.329493 0.176046
0 0.709995 0.839356 0.087573 0.309584
0 0.223525 0.103379 0.059239 0.206757
0 0.874393 0.838069 0.086263 0.311265
0 0.464814 0.771096 0.086616 0.280472
0 0.633358 0.837769 0.097819 0.313119
0 0.269136 0.361849 0.059835 0.230781
0 0.365522 0.085485 0.027885 0.169928
0 0.546003 0.832744 0.096416 0.319020
0 0.928321 0.777510 0.078630 0.279552
0 0.337002 0.404299 0.052790 0.207527
0 0.281113 0.054986 0.040163 0.109971
0 0.324921 0.475867 0.068436 0.207578
0 0.548744 0.642156 0.085297 0.110519
0 0.154007 0.031347 0.048680 0.061285
0 0.836462 0.692282 0.058552 0.109703
0 0.318097 0.051687 0.038061 0.103374
0 0.605488 0.686563 0.069686 0.113543
0 0.653297 0.655815 0.061072 0.113909
0 0.771067 0.691232 0.066309 0.102940
0 0.694196 0.697089 0.078484 0.111859
0 0.822636 0.637851 0.085064 0.106782
0 0.732396 0.656036 0.046871 0.084382
0 0.531712 0.690945 0.062563 0.099237
0 0.314650 0.801455 0.015423 0.061534
0 0.541015 0.682368 0.078272 0.095862
0 0.733442 0.672001 0.048818 0.113142
0 0.299015 0.801993 0.016525 0.061861
2 0.101175 0.154550 0.142407 0.269314
1 0.690559 0.209912 0.617010 0.419824
1 0.193591 0.289654 0.369609 0.568912
