0 0.272621 0.478642 0.048823 0.204035
0 0.245578 0.370604 0.047143 0.214847
0 0.067857 0.492047 0.056505 0.175755
0 0.415837 0.074101 0.042192 0.148202
0 0.042004 0.088342 0.041603 0.172524
0 0.376024 0.046545 0.036957 0.091212
0 0.170603 0.104325 0.049356 0.168434
0 0.093808 0.149124 0.043730 0.204656
0 0.017633 0.082730 0.035266 0.165459
0 0.315338 0.062573 0.043580 0.125146
0 0.010117 0.526999 0.020228 0.107389
0 0.541672 0.862042 0.021891 0.027903
2 0.230347 0.267780 0.135237 0.253367
1 0.716486 0.500000 0.567029 1.000000
1 0.221032 0.790282 0.439354 0.415397
