0 0.329214 0.791926 0.055352 0.213050
0 0.735742 0.647874 0.048808 0.207027
0 0.709734 0.539999 0.046523 0.217961
0 0.652276 0.109871 0.047231 0.130078
0 0.653933 0.049934 0.050056 0.099868
0 0.420182 0.334181 0.044295 0.222369
0 0.422929 0.209508 0.042213 0.128289
0 0.371975 0.257609 0.048771 0.123774
0 0.393790 0.663448 0.047283 0.236800
0 0.524851 0.647285 0.058940 0.226299
0 0.459205 0.689088 0.053902 0.197416
0 0.473894 0.802615 0.062339 0.276083
0 0.639230 0.252741 0.046516 0.175215
0 0.761293 0.055794 0.036550 0.111588
0 0.571624 0.381771 0.053069 0.219947
0 0.388544 0.398481 0.041570 0.192268
0 0.489957 0.113891 0.034921 0.160902
0 0.514740 0.308197 0.037913 0.165132
0 0.553878 0.116856 0.037665 0.150255
0 0.894226 0.250781 0.038095 0.168430
0 0.776133 0.142895 0.046928 0.164653
0 0.854641 0.199197 0.035422 0.147968
0 0.259310 0.150461 0.035099 0.179371
0 0.159316 0.191948 0.030407 0.160191
0 0.205405 0.247778 0.033292 0.151246
0 0.787089 0.052334 0.027515 0.104667
0 0.517953 0.105531 0.031125 0.150026
0 0.476652 0.298788 0.037189 0.179655
0 0.915622 0.150890 0.033067 0.126428
0 0.790323 0.239527 0.033537 0.117899
0 0.929283 0.242594 0.037715 0.150045
0 0.229615 0.148730 0.032361 0.144057
0 0.899346 0.170877 0.031768 0.106910
0 0.962090 0.473971 0.049560 0.193577
0 0.962043 0.325921 0.030377 0.108456
0 0.985136 0.420101 0.029728 0.184868
0 0.084020 0.393656 0.042638 0.189736
0 0.922089 0.462741 0.041022 0.204358
0 0.224097 0.305252 0.032716 0.167710
0 0.226847 0.051727 0.031543 0.101691
0 0.188469 0.077961 0.031639 0.077338
0 0.212533 0.445527 0.060974 0.205453
0 0.180561 0.230609 0.026635 0.158665
0 0.949637 0.369703 0.043080 0.071708
2 0.692145 0.435121 0.138412 0.253172
