0 0.165616 0.497021 0.055984 0.236666
0 0.195991 0.370290 0.055133 0.250039
0 0.804140 0.854876 0.098647 0.288764
0 0.741777 0.854760 0.083592 0.289466
0 0.021841 0.928233 0.043517 0.143534
0 0.866490 0.854856 0.098792 0.289278
0 0.667792 0.854913 0.075621 0.289743
0 0.943132 0.854736 0.111098 0.289116
0 0.583031 0.058489 0.057745 0.116978
0 0.559644 0.512113 0.057517 0.270319
0 0.486382 0.607724 0.065807 0.203119
0 0.399685 0.561115 0.064259 0.273562
0 0.523121 0.193457 0.056921 0.236680
0 0.284143 0.079588 0.057349 0.159167
0 0.347485 0.785125 0.057436 0.152359
0 0.527100 0.129186 0.056990 0.212655
0 0.507083 0.049646 0.049557 0.099293
0 0.468472 0.059308 0.054634 0.118615
0 0.615939 0.624328 0.029187 0.171012
0 0.355756 0.820505 0.062424 0.220394
0 0.371611 0.122616 0.051417 0.230257
0 0.195381 0.779157 0.049770 0.137651
0 0.422289 0.642294 0.077312 0.135372
0 0.101125 0.736606 0.054969 0.052745
0 0.011366 0.061971 0.022714 0.123942
0 0.699832 0.746033 0.067688 0.073179
0 0.429989 0.073642 0.048388 0.147284
0 0.572918 0.811933 0.059203 0.192172
0 0.585380 0.739509 0.048133 0.058159
0 0.435659 0.058696 0.049025 0.117391
2 0.211990 0.258494 0.154969 0.293209
