0 0.709666 0.540381 0.046878 0.217941
0 0.735661 0.647852 0.048565 0.206713
0 0.329351 0.792320 0.054678 0.211221
0 0.652341 0.109306 0.047254 0.128930
0 0.654148 0.050155 0.049560 0.100286
0 0.419761 0.334768 0.042886 0.223923
0 0.423802 0.211485 0.041756 0.127048
0 0.372587 0.257598 0.049489 0.124182
0 0.445214 0.768140 0.053284 0.253344
0 0.524497 0.624091 0.057926 0.217537
0 0.571736 0.380318 0.057570 0.207378
0 0.639545 0.252266 0.048147 0.175236
0 0.390606 0.398916 0.040873 0.186774
0 0.489920 0.119766 0.034916 0.158530
0 0.223889 0.150062 0.032806 0.128843
0 0.801394 0.260131 0.041890 0.146276
0 0.455822 0.653583 0.050934 0.181667
0 0.761983 0.061176 0.035269 0.121359
0 0.389231 0.067523 0.037111 0.134077
0 0.517177 0.112694 0.032077 0.148193
0 0.833324 0.067194 0.033178 0.133673
0 0.554972 0.128581 0.037819 0.149105
0 0.938302 0.516010 0.049964 0.219808
0 0.422868 0.068509 0.038912 0.134675
0 0.257741 0.148056 0.033829 0.167729
0 0.159307 0.196693 0.027232 0.165075
0 0.789620 0.055522 0.027824 0.110747
0 0.514884 0.313408 0.040047 0.157630
0 0.228902 0.311063 0.035382 0.175631
0 0.862755 0.212666 0.034894 0.144748
0 0.477072 0.298420 0.037186 0.173128
0 0.205647 0.258357 0.034048 0.156098
0 0.917592 0.153131 0.031261 0.127275
0 0.908357 0.275344 0.042863 0.179230
0 0.211144 0.448118 0.054553 0.207762
0 0.189653 0.072644 0.029360 0.088215
0 0.793521 0.124511 0.032007 0.116685
0 0.977352 0.528079 0.043670 0.209241
0 0.086805 0.379864 0.045491 0.198166
0 0.226219 0.042190 0.026857 0.084163
0 0.942035 0.260463 0.035376 0.155872
0 0.180976 0.227709 0.031088 0.165438
0 0.972215 0.419525 0.036741 0.108765
0 0.902124 0.169048 0.030342 0.121731
0 0.968370 0.402175 0.038895 0.095811
2 0.692026 0.434521 0.139117 0.258374
