0 0.321054 0.227330 0.051977 0.131476
0 0.370252 0.295676 0.045659 0.171731
0 0.341586 0.585735 0.051561 0.105649
0 0.190746 0.153489 0.034053 0.192005
0 0.387612 0.359002 0.049435 0.207655
0 0.388793 0.180773 0.050845 0.175997
0 0.151922 0.206996 0.041620 0.165059
0 0.431641 0.050949 0.040948 0.101897
0 0.427867 0.189012 0.046306 0.184457
0 0.468294 0.516996 0.036750 0.214004
0 0.157407 0.366544 0.057337 0.209235
0 0.189331 0.033990 0.030992 0.067980
0 0.818084 0.859839 0.026749 0.061250
0 0.380630 0.821455 0.025107 0.121972
0 0.130742 0.043006 0.036778 0.086012
0 0.165665 0.035723 0.032458 0.071447
0 0.092226 0.149684 0.041856 0.190807
