0 0.236762 0.440845 0.059882 0.095986
0 0.348639 0.091020 0.054457 0.178614
0 0.464441 0.411653 0.063432 0.156004
0 0.534230 0.044937 0.051774 0.089874
0 0.325666 0.376343 0.059422 0.223390
0 0.329886 0.048859 0.043808 0.097719
0 0.471857 0.033673 0.052409 0.066236
0 0.341227 0.878372 0.038296 0.115131
0 0.439120 0.871394 0.047984 0.121289
0 0.128149 0.082347 0.055846 0.163848
0 0.282313 0.959890 0.048333 0.079131
0 0.614777 0.244756 0.011803 0.240889
1 0.809879 0.500000 0.379380 1.000000
1 0.336376 0.242618 0.563521 0.483981
1 0.428328 0.241687 0.374410 0.482156
