0 0.735744 0.647579 0.048612 0.206116
0 0.709761 0.540216 0.046769 0.218597
0 0.329123 0.792208 0.055394 0.213037
0 0.653996 0.050303 0.049549 0.100277
0 0.652753 0.110533 0.047765 0.130587
0 0.434610 0.384684 0.050768 0.196504
0 0.968423 0.603441 0.062411 0.205689
0 0.372356 0.256884 0.049463 0.127674
0 0.482075 0.070205 0.044310 0.139772
0 0.419102 0.325074 0.043300 0.168964
0 0.544390 0.728771 0.059905 0.219506
0 0.514636 0.062614 0.038285 0.125228
0 0.614681 0.301257 0.050034 0.182756
0 0.543201 0.894164 0.061861 0.211672
0 0.953281 0.204059 0.038527 0.153567
0 0.542000 0.066797 0.033443 0.132128
0 0.161441 0.189365 0.044214 0.171176
0 0.767524 0.088364 0.045000 0.147584
0 0.835804 0.142447 0.036511 0.154051
0 0.252372 0.192921 0.033920 0.183122
0 0.251605 0.059246 0.032428 0.115058
0 0.472037 0.233439 0.044521 0.176968
0 0.451448 0.833583 0.051828 0.241298
0 0.553738 0.276408 0.050617 0.200975
0 0.909748 0.265059 0.045572 0.148961
0 0.773231 0.172151 0.042035 0.140358
0 0.214282 0.241605 0.038384 0.154076
0 0.869422 0.171897 0.039497 0.173204
0 0.502655 0.241304 0.039762 0.172832
0 0.438962 0.217044 0.045999 0.165289
0 0.889126 0.399716 0.045465 0.206231
0 0.060844 0.501248 0.054548 0.207529
0 0.688980 0.943113 0.061911 0.113773
0 0.954760 0.351668 0.038041 0.188929
0 0.906610 0.164229 0.037399 0.138499
0 0.227938 0.373835 0.050502 0.189428
0 0.193633 0.065472 0.041447 0.124182
0 0.408859 0.668857 0.054932 0.221661
0 0.921119 0.404392 0.034531 0.181448
0 0.980940 0.365228 0.036341 0.197364
0 0.224512 0.053341 0.029901 0.096097
2 0.692593 0.435108 0.138798 0.254602
