0 0.736104 0.647839 0.049275 0.207478
0 0.709311 0.539415 0.047095 0.217841
0 0.328664 0.791520 0.055843 0.212607
0 0.654166 0.050133 0.050472 0.100266
0 0.392522 0.664319 0.048853 0.233675
0 0.652409 0.110432 0.048100 0.131320
0 0.511079 0.859167 0.067323 0.281599
0 0.372257 0.256605 0.048891 0.124502
0 0.458029 0.781105 0.058400 0.246536
0 0.482861 0.070800 0.045708 0.140134
0 0.532551 0.703834 0.056338 0.237435
0 0.420813 0.324904 0.044276 0.175139
0 0.516956 0.064728 0.041730 0.128391
0 0.437750 0.219490 0.047499 0.165924
0 0.472865 0.236822 0.048570 0.163260
0 0.162201 0.193272 0.044915 0.162332
0 0.251810 0.055630 0.031065 0.109706
0 0.768077 0.085365 0.044996 0.143558
0 0.950653 0.197421 0.042908 0.154921
0 0.881454 0.224045 0.044197 0.185816
0 0.544621 0.065700 0.033972 0.131400
0 0.915552 0.220460 0.034056 0.172785
0 0.251921 0.189748 0.031885 0.179113
0 0.774197 0.170577 0.044316 0.140307
0 0.630551 0.279431 0.049278 0.168804
0 0.435784 0.379495 0.051911 0.209384
0 0.884216 0.152412 0.039400 0.137940
0 0.214147 0.238847 0.042513 0.161178
0 0.905297 0.436584 0.048721 0.205084
0 0.943864 0.442566 0.041347 0.180412
0 0.191153 0.073405 0.036495 0.099165
0 0.836621 0.138046 0.035526 0.156152
0 0.556350 0.321844 0.045437 0.199931
0 0.969641 0.388559 0.039171 0.188329
0 0.501477 0.240820 0.037424 0.168093
0 0.941821 0.305907 0.040829 0.120252
0 0.224408 0.061885 0.032813 0.088481
0 0.225264 0.374946 0.050720 0.187064
0 0.066040 0.487432 0.056808 0.201169
0 0.989966 0.390678 0.020068 0.189816
0 0.948204 0.309875 0.040129 0.121779
2 0.692074 0.434144 0.138715 0.255147
