0 0.329289 0.791841 0.055105 0.211020
0 0.735657 0.647555 0.048657 0.206038
0 0.709691 0.540072 0.046620 0.218183
0 0.652371 0.109936 0.047652 0.128777
0 0.654186 0.049962 0.050311 0.099925
0 0.420251 0.333361 0.043959 0.219779
0 0.392103 0.663877 0.048339 0.238894
0 0.372118 0.257198 0.049365 0.125051
0 0.423848 0.210182 0.042413 0.129793
0 0.525375 0.652469 0.058253 0.229152
0 0.639285 0.256059 0.047040 0.170042
0 0.760807 0.055982 0.037521 0.111964
0 0.459516 0.731331 0.052573 0.263853
0 0.476617 0.802209 0.060588 0.288671
0 0.389975 0.397662 0.040489 0.194098
0 0.488667 0.107103 0.035365 0.156747
0 0.893830 0.251323 0.039338 0.161547
0 0.571513 0.379701 0.052788 0.216267
0 0.554372 0.115269 0.036537 0.148643
0 0.513826 0.303669 0.038885 0.167217
0 0.774278 0.143062 0.046532 0.161007
0 0.917262 0.144282 0.032654 0.129605
0 0.158367 0.192599 0.030816 0.167532
0 0.963410 0.476602 0.049812 0.194807
0 0.206323 0.245546 0.034541 0.155037
0 0.516946 0.101126 0.030371 0.148521
0 0.928957 0.242176 0.035952 0.153529
0 0.787634 0.050295 0.027742 0.100589
0 0.259335 0.151765 0.036140 0.169801
0 0.851721 0.196217 0.037056 0.151115
0 0.790937 0.236997 0.036182 0.126892
0 0.228538 0.144553 0.033526 0.138473
0 0.924609 0.469341 0.040080 0.201561
0 0.476831 0.295006 0.036209 0.179894
0 0.083240 0.401488 0.044056 0.201199
0 0.181431 0.224966 0.026393 0.148720
0 0.899234 0.167726 0.033689 0.103090
0 0.964260 0.326710 0.032108 0.104853
0 0.213211 0.437901 0.060528 0.200242
0 0.223815 0.298356 0.031413 0.163234
0 0.982198 0.412390 0.035570 0.188243
0 0.189594 0.078256 0.031088 0.081423
0 0.231637 0.051496 0.026881 0.099388
0 0.949421 0.361909 0.044887 0.066908
2 0.692400 0.435356 0.138630 0.253063
