0 0.735749 0.647948 0.048815 0.205970
0 0.329220 0.792227 0.055201 0.212594
0 0.709663 0.540139 0.047006 0.218373
0 0.654102 0.050431 0.049638 0.100765
0 0.652298 0.110290 0.047363 0.130822
0 0.968900 0.601764 0.061333 0.215809
0 0.481772 0.069439 0.046037 0.137764
0 0.372450 0.257524 0.049502 0.125129
0 0.540315 0.708472 0.058495 0.202820
0 0.433568 0.383961 0.047110 0.196431
0 0.418850 0.324848 0.042558 0.164702
0 0.392789 0.661893 0.047853 0.228436
0 0.541844 0.065343 0.034996 0.130650
0 0.452339 0.819899 0.052380 0.253188
0 0.835671 0.141240 0.036993 0.153539
0 0.953045 0.201950 0.038752 0.152039
0 0.161531 0.188666 0.043588 0.168930
0 0.514646 0.062297 0.037855 0.124594
0 0.252713 0.190075 0.032940 0.178035
0 0.768269 0.090244 0.044385 0.149141
0 0.535835 0.885541 0.068124 0.228917
0 0.437950 0.218638 0.048647 0.170814
0 0.908260 0.171519 0.036478 0.135556
0 0.871729 0.171296 0.042372 0.174397
0 0.473039 0.239058 0.045882 0.172921
0 0.213766 0.245147 0.041134 0.162843
0 0.773025 0.174511 0.041285 0.133748
0 0.250870 0.056194 0.031393 0.112387
0 0.554587 0.281515 0.049336 0.201194
0 0.686254 0.942226 0.063148 0.115548
0 0.503984 0.247351 0.039926 0.175761
0 0.191440 0.069088 0.038843 0.114227
0 0.907581 0.270592 0.045819 0.144616
0 0.610593 0.303731 0.051355 0.187134
0 0.952547 0.351667 0.037919 0.191306
0 0.061984 0.502118 0.054004 0.218595
0 0.920227 0.402123 0.034021 0.171280
0 0.890203 0.404684 0.046705 0.207398
0 0.227976 0.371622 0.052630 0.187959
0 0.980710 0.362745 0.036346 0.204966
0 0.224969 0.057890 0.031142 0.091476
2 0.692032 0.434494 0.138471 0.253038
