0 0.286612 0.069834 0.054687 0.136356
0 0.216137 0.207932 0.058937 0.229618
0 0.746564 0.807808 0.099968 0.384385
0 0.233739 0.142003 0.047834 0.182236
0 0.425357 0.801810 0.157560 0.365066
0 0.209500 0.056665 0.049333 0.113330
0 0.668578 0.800128 0.097514 0.398640
0 0.606454 0.824339 0.054009 0.351322
0 0.172250 0.069085 0.048748 0.138169
0 0.190055 0.797501 0.156924 0.325761
0 0.080323 0.105901 0.056506 0.203394
0 0.466660 0.071917 0.042676 0.143833
0 0.137955 0.073033 0.047610 0.146065
0 0.056927 0.806118 0.104821 0.341963
0 0.907311 0.790911 0.128426 0.418177
0 0.245480 0.481031 0.058485 0.138647
0 0.423364 0.047064 0.032503 0.093895
0 0.020733 0.113582 0.041466 0.219376
0 0.454336 0.208564 0.062578 0.226331
0 0.529880 0.042514 0.048436 0.084171
0 0.830938 0.780929 0.084114 0.438142
0 0.855365 0.785708 0.128954 0.428583
0 0.094163 0.517096 0.080088 0.068129
1 0.790822 0.497842 0.417582 0.995683
