0 0.368646 0.912481 0.058685 0.175038
0 0.322503 0.204383 0.059238 0.225073
0 0.322077 0.381360 0.052693 0.102902
0 0.270647 0.452580 0.045707 0.232962
0 0.299035 0.802749 0.053870 0.257313
0 0.157316 0.791983 0.064077 0.244275
0 0.107604 0.492100 0.059112 0.230509
0 0.303439 0.518375 0.043664 0.208853
0 0.032047 0.389706 0.057691 0.121209
0 0.114538 0.073493 0.054239 0.146985
0 0.270362 0.356292 0.043170 0.050710
0 0.803174 0.181812 0.245198 0.291732
0 0.199017 0.177804 0.058655 0.270625
0 0.170203 0.417832 0.040509 0.171077
0 0.188493 0.080058 0.055978 0.158556
0 0.213481 0.899231 0.069493 0.201537
0 0.797305 0.691317 0.401513 0.617365
0 0.211235 0.416024 0.040723 0.170594
0 0.228205 0.866433 0.058912 0.267135
0 0.483456 0.416922 0.032550 0.177612
0 0.479942 0.548801 0.038929 0.224939
1 0.748115 0.663746 0.494996 0.672508
