0 0.820555 0.349559 0.050868 0.186034
0 0.218705 0.180451 0.048364 0.241668
0 0.449880 0.067948 0.055036 0.131798
0 0.504172 0.149454 0.047194 0.247485
0 0.166289 0.097942 0.054090 0.135777
0 0.745392 0.078578 0.053764 0.157157
0 0.669007 0.199385 0.058570 0.236956
0 0.503539 0.042165 0.043020 0.084331
0 0.566173 0.722300 0.411651 0.555400
0 0.606526 0.118252 0.043937 0.187198
0 0.469028 0.225276 0.044453 0.215540
0 0.184526 0.251838 0.045064 0.215222
0 0.848596 0.411076 0.053362 0.060015
0 0.222238 0.058510 0.046784 0.117021
0 0.322154 0.154279 0.041993 0.178760
0 0.565656 0.111166 0.039667 0.192467
0 0.980646 0.044665 0.035928 0.087388
0 0.281092 0.141122 0.040879 0.195347
0 0.616328 0.406056 0.062130 0.068863
0 0.911760 0.057204 0.044284 0.114408
0 0.010987 0.150864 0.021892 0.192367
0 0.015698 0.275959 0.031208 0.192822
0 0.473934 0.413534 0.047694 0.052372
2 0.802452 0.274848 0.154412 0.306044
