0 0.168890 0.271925 0.052716 0.218503
0 0.197231 0.156887 0.050201 0.227888
0 0.642916 0.280074 0.139429 0.374901
0 0.424868 0.294215 0.130079 0.351747
0 0.462430 0.761138 0.296905 0.471916
0 0.889987 0.834208 0.166832 0.331203
0 0.540096 0.274946 0.126949 0.388330
0 0.146141 0.768984 0.095185 0.299937
0 0.866460 0.263004 0.177547 0.410759
0 0.766846 0.255630 0.130743 0.425320
0 0.068543 0.797258 0.137086 0.404038
1 0.634652 0.728810 0.727587 0.542380
1 0.628057 0.060142 0.068796 0.113568
1 0.634188 0.517062 0.731053 0.965877
