0 0.376767 0.285226 0.051717 0.206644
0 0.349462 0.177642 0.048334 0.223224
0 0.167266 0.303033 0.056456 0.172807
0 0.025879 0.290162 0.049229 0.203177
0 0.089837 0.336826 0.058260 0.107586
0 0.560470 0.091740 0.042366 0.183480
0 0.053600 0.067743 0.052757 0.134713
0 0.192549 0.032107 0.046236 0.063229
0 0.586807 0.095139 0.025875 0.169770
0 0.482301 0.665465 0.072313 0.169326
1 0.799207 0.490956 0.399142 0.981912
1 0.578213 0.559369 0.043778 0.285108
1 0.316092 0.707475 0.524109 0.548597
1 0.222305 0.715515 0.328075 0.564357
