0 0.410191 0.176439 0.053972 0.239297
0 0.290044 0.675401 0.574838 0.649198
0 0.439661 0.263672 0.057935 0.172392
0 0.052771 0.266024 0.059369 0.169217
0 0.834455 0.104301 0.061197 0.208603
0 0.097875 0.054447 0.057974 0.108051
0 0.214568 0.301757 0.068408 0.098589
0 0.601268 0.098989 0.043251 0.195631
0 0.814943 0.056841 0.051279 0.113683
0 0.970771 0.063311 0.054478 0.126411
0 0.786753 0.316711 0.057498 0.067661
0 0.760512 0.900259 0.017753 0.096135
1 0.291557 0.685898 0.582106 0.612501
1 0.786822 0.176027 0.425732 0.346348
