0 0.709374 0.540008 0.047137 0.218812
0 0.736058 0.647499 0.049013 0.206117
0 0.328896 0.792526 0.055749 0.214805
0 0.652314 0.109752 0.047493 0.128382
0 0.654528 0.050486 0.049400 0.100972
0 0.372198 0.256339 0.048976 0.124313
0 0.394003 0.664960 0.047350 0.234429
0 0.422313 0.336420 0.048572 0.208555
0 0.456632 0.743488 0.051591 0.228225
0 0.482454 0.071216 0.043853 0.136919
0 0.529211 0.685075 0.057882 0.245373
0 0.253810 0.056612 0.031625 0.112868
0 0.514797 0.062781 0.038284 0.125471
0 0.543096 0.064344 0.034549 0.127111
0 0.640113 0.260866 0.046006 0.161281
0 0.882940 0.237748 0.041959 0.182273
0 0.500868 0.236439 0.037335 0.161829
0 0.439563 0.220182 0.049831 0.171496
0 0.920920 0.460370 0.040486 0.208585
0 0.955409 0.464857 0.043094 0.189803
0 0.887515 0.146566 0.035870 0.106374
0 0.251693 0.186645 0.030730 0.177941
0 0.475154 0.231908 0.046746 0.170536
0 0.980520 0.406617 0.037989 0.193314
0 0.413229 0.392124 0.056929 0.210411
0 0.780335 0.221059 0.041793 0.148290
0 0.919165 0.223861 0.033455 0.163227
0 0.768560 0.089866 0.044998 0.137203
0 0.213370 0.238735 0.038757 0.161253
0 0.162367 0.194680 0.045007 0.171633
0 0.557744 0.324808 0.044490 0.197410
0 0.510606 0.850324 0.067985 0.277105
0 0.193682 0.076397 0.035293 0.102196
0 0.839475 0.184490 0.038192 0.157835
0 0.955743 0.325236 0.034351 0.126808
0 0.223201 0.054869 0.033820 0.097748
0 0.924746 0.167263 0.034414 0.146634
0 0.223665 0.385124 0.049058 0.204693
0 0.215710 0.421742 0.058107 0.207002
0 0.758648 0.055676 0.039315 0.109829
0 0.169279 0.197080 0.038432 0.173716
2 0.692487 0.434334 0.138191 0.255921
