0 0.217543 0.755478 0.050161 0.208031
0 0.114169 0.362757 0.051402 0.180769
0 0.190571 0.649458 0.047432 0.217067
0 0.700676 0.735269 0.575832 0.529463
0 0.190384 0.247107 0.051080 0.223942
0 0.334185 0.335526 0.063183 0.227360
0 0.019868 0.799493 0.039635 0.239178
0 0.238943 0.391164 0.063113 0.119249
0 0.387975 0.555602 0.022687 0.204592
0 0.329284 0.420269 0.064031 0.059057
0 0.038629 0.494342 0.047097 0.087015
2 0.775085 0.245678 0.180772 0.334206
2 0.174476 0.560895 0.140731 0.224582
2 0.964858 0.238200 0.070284 0.183161
