0 0.244723 0.065873 0.055121 0.131746
0 0.465174 0.334223 0.152516 0.273833
0 0.315753 0.202539 0.053548 0.224351
0 0.297226 0.129201 0.046694 0.185002
0 0.725761 0.232956 0.125123 0.214440
0 0.945448 0.326311 0.108579 0.288470
0 0.318556 0.056485 0.047906 0.111599
0 0.067655 0.067784 0.044108 0.135292
0 0.549984 0.276277 0.182757 0.210589
0 0.782398 0.249544 0.133291 0.231435
0 0.235668 0.732752 0.265221 0.527746
0 0.356757 0.065225 0.046569 0.130128
0 0.055923 0.833528 0.111845 0.329536
0 0.933319 0.261371 0.092788 0.208001
0 0.113015 0.044339 0.033901 0.088546
0 0.291435 0.436808 0.049551 0.066476
0 0.080275 0.189467 0.058528 0.227452
0 0.635703 0.243827 0.112049 0.209481
0 0.859401 0.245240 0.082800 0.222428
0 0.382136 0.064196 0.016285 0.126821
2 0.566828 0.236921 0.078286 0.139007
