0 0.709050 0.539481 0.047594 0.217898
0 0.736031 0.647819 0.049097 0.206656
0 0.328605 0.791665 0.056018 0.213884
0 0.654034 0.049920 0.049886 0.099840
0 0.652392 0.109398 0.048128 0.130095
0 0.392804 0.665392 0.047925 0.235689
0 0.372526 0.256693 0.048766 0.124292
0 0.513504 0.855667 0.062834 0.280109
0 0.456456 0.761461 0.053282 0.227759
0 0.423136 0.334290 0.049021 0.196427
0 0.482203 0.069642 0.045052 0.134937
0 0.531717 0.701450 0.055386 0.251336
0 0.437679 0.221423 0.044872 0.163643
0 0.162059 0.194288 0.044999 0.163944
0 0.515822 0.061895 0.040504 0.122718
0 0.253600 0.055769 0.029862 0.111221
0 0.544166 0.065991 0.033657 0.131982
0 0.768319 0.084445 0.045184 0.141167
0 0.881749 0.235445 0.043599 0.184079
0 0.913916 0.448906 0.038862 0.201878
0 0.917531 0.221464 0.035453 0.169740
0 0.473065 0.234202 0.047794 0.165974
0 0.251420 0.194029 0.032465 0.181362
0 0.214890 0.238510 0.039667 0.162621
0 0.558280 0.327626 0.045390 0.203180
0 0.500495 0.234279 0.037296 0.165062
0 0.886697 0.143836 0.037301 0.112443
0 0.634741 0.270685 0.050476 0.163954
0 0.951701 0.455859 0.042279 0.176292
0 0.977512 0.403402 0.042915 0.200238
0 0.191027 0.076413 0.034769 0.098094
0 0.416448 0.393184 0.049918 0.219191
0 0.952746 0.313674 0.036851 0.131415
0 0.223600 0.378079 0.052740 0.206716
0 0.224436 0.059993 0.033428 0.092706
0 0.774459 0.169451 0.042365 0.132993
0 0.934683 0.187794 0.033647 0.167584
0 0.838170 0.181521 0.037391 0.149887
0 0.777246 0.214193 0.043704 0.153081
0 0.218467 0.409417 0.054737 0.211074
0 0.944093 0.313152 0.041994 0.121429
2 0.692461 0.433920 0.139163 0.256938
