0 0.735992 0.648059 0.048934 0.205450
0 0.709497 0.540119 0.046821 0.218508
0 0.328967 0.791878 0.055779 0.213621
0 0.653693 0.050202 0.050541 0.100404
0 0.652399 0.110708 0.047559 0.129179
0 0.392893 0.663371 0.047327 0.229894
0 0.372194 0.257106 0.048819 0.124555
0 0.538346 0.704815 0.057512 0.209105
0 0.418177 0.322265 0.041791 0.162568
0 0.481272 0.068022 0.046508 0.135106
0 0.767994 0.086349 0.044530 0.142656
0 0.456368 0.807702 0.057711 0.258624
0 0.434588 0.382002 0.048981 0.198284
0 0.541433 0.065303 0.034161 0.130605
0 0.514673 0.062415 0.038896 0.123228
0 0.251118 0.057153 0.031246 0.114306
0 0.439027 0.218728 0.050579 0.171485
0 0.474266 0.233795 0.045340 0.172299
0 0.969602 0.607382 0.059964 0.204344
0 0.952713 0.199576 0.040374 0.157666
0 0.251625 0.192754 0.032592 0.174854
0 0.772089 0.169073 0.040984 0.138369
0 0.938656 0.434434 0.040348 0.176129
0 0.835616 0.142568 0.036904 0.152960
0 0.521822 0.878308 0.069281 0.243384
0 0.214389 0.232997 0.040833 0.170589
0 0.162441 0.186534 0.046545 0.168130
0 0.898151 0.429532 0.045064 0.212309
0 0.689846 0.944682 0.070341 0.110636
0 0.503272 0.241321 0.038699 0.175556
0 0.626512 0.287021 0.049739 0.172983
0 0.552196 0.292472 0.043745 0.200330
0 0.191224 0.067663 0.037438 0.113199
0 0.875611 0.208551 0.041663 0.177286
0 0.063412 0.499151 0.054931 0.214978
0 0.877845 0.152250 0.038402 0.153211
0 0.224779 0.378145 0.053202 0.197125
0 0.951938 0.354086 0.040037 0.201841
0 0.227246 0.061452 0.029318 0.100667
0 0.908411 0.217351 0.037100 0.190416
0 0.973169 0.380541 0.037365 0.204064
0 0.989673 0.386925 0.020654 0.206244
2 0.692407 0.435278 0.139694 0.252884
