0 0.735690 0.647744 0.048596 0.206451
0 0.709727 0.540316 0.046827 0.218645
0 0.329184 0.792741 0.055354 0.213779
0 0.654166 0.050471 0.049585 0.100802
0 0.652614 0.110271 0.047685 0.130182
0 0.968371 0.604233 0.062383 0.212370
0 0.434570 0.385155 0.051072 0.197187
0 0.481998 0.070351 0.044457 0.139956
0 0.372185 0.257632 0.049121 0.125695
0 0.418925 0.325293 0.043564 0.168896
0 0.543551 0.724071 0.059648 0.216071
0 0.514546 0.062520 0.037950 0.125039
0 0.543260 0.892856 0.063886 0.214287
0 0.614655 0.300590 0.050308 0.183179
0 0.953617 0.203541 0.038465 0.154039
0 0.541886 0.066722 0.033283 0.132485
0 0.835781 0.142987 0.036724 0.154765
0 0.908818 0.264995 0.043708 0.147770
0 0.161700 0.190549 0.043849 0.170670
0 0.252076 0.190889 0.033524 0.181261
0 0.767770 0.087882 0.045240 0.147751
0 0.471995 0.233753 0.044334 0.175695
0 0.251531 0.059160 0.032339 0.115808
0 0.553285 0.276785 0.050588 0.201918
0 0.450888 0.831601 0.051068 0.238040
0 0.869428 0.172414 0.039711 0.168699
0 0.214072 0.240418 0.038349 0.155982
0 0.438999 0.216947 0.046269 0.166762
0 0.773527 0.171326 0.043302 0.139190
0 0.502585 0.242633 0.039830 0.171348
0 0.060494 0.501351 0.055633 0.209232
0 0.890145 0.405393 0.045515 0.200907
0 0.689644 0.943184 0.061054 0.113632
0 0.906346 0.163616 0.036770 0.139458
0 0.954919 0.351925 0.039467 0.189529
0 0.404857 0.669729 0.051133 0.222700
0 0.227461 0.372178 0.051583 0.187971
0 0.192668 0.065796 0.040603 0.119355
0 0.920838 0.406158 0.032346 0.175894
0 0.224748 0.050948 0.030034 0.098476
0 0.978795 0.358367 0.036238 0.193009
0 0.984157 0.378214 0.031451 0.212614
2 0.692267 0.435759 0.138979 0.256787
