0 0.377676 0.119747 0.045171 0.181127
0 0.327472 0.057473 0.053039 0.114946
0 0.395940 0.182495 0.053479 0.214616
0 0.281126 0.551946 0.059980 0.084543
0 0.506992 0.509158 0.060627 0.166343
0 0.468834 0.064853 0.041479 0.129706
0 0.435932 0.059606 0.048811 0.119213
0 0.522274 0.084930 0.056098 0.169859
0 0.156403 0.059068 0.038882 0.118135
0 0.399274 0.048645 0.047491 0.097291
0 0.353001 0.478544 0.049791 0.225741
0 0.172972 0.163258 0.053679 0.197516
0 0.416319 0.551968 0.064492 0.079206
0 0.202434 0.034773 0.035248 0.069546
0 0.765838 0.299449 0.405517 0.581792
0 0.012765 0.298667 0.025531 0.205202
0 0.095558 0.031074 0.038782 0.061632
1 0.782424 0.292590 0.434812 0.585180
