0 0.709060 0.539490 0.047674 0.217906
0 0.736070 0.647345 0.049034 0.207075
0 0.328651 0.791300 0.055890 0.212841
0 0.654186 0.050000 0.050599 0.100000
0 0.652425 0.109629 0.048191 0.130857
0 0.392595 0.664881 0.048267 0.235971
0 0.512646 0.856013 0.062575 0.284076
0 0.372577 0.256601 0.048958 0.124715
0 0.456717 0.768353 0.054372 0.235303
0 0.482580 0.069656 0.044745 0.136145
0 0.531706 0.700490 0.055240 0.245155
0 0.423076 0.332172 0.048704 0.191237
0 0.437805 0.219865 0.045219 0.164784
0 0.162718 0.195434 0.045028 0.164103
0 0.516235 0.062267 0.040713 0.123056
0 0.253466 0.056191 0.029483 0.111649
0 0.544186 0.066485 0.034085 0.132783
0 0.881480 0.233252 0.044528 0.185562
0 0.768324 0.084430 0.044746 0.139710
0 0.472946 0.234039 0.047349 0.167945
0 0.913279 0.446877 0.039782 0.205257
0 0.251108 0.193296 0.032235 0.179592
0 0.916882 0.219760 0.034817 0.168991
0 0.214680 0.239032 0.039914 0.161395
0 0.558164 0.327068 0.045388 0.203173
0 0.500796 0.235586 0.038167 0.166687
0 0.885971 0.144625 0.037669 0.114429
0 0.633852 0.272731 0.050314 0.164658
0 0.190874 0.075010 0.036191 0.099960
0 0.774468 0.170588 0.043369 0.137455
0 0.417180 0.393075 0.047787 0.215702
0 0.974154 0.398911 0.041959 0.198122
0 0.223977 0.380322 0.050880 0.204119
0 0.225149 0.062381 0.033249 0.093789
0 0.935031 0.187512 0.032500 0.162939
0 0.953015 0.313649 0.037374 0.133743
0 0.950218 0.451942 0.041748 0.183632
0 0.942695 0.310484 0.043476 0.121800
0 0.219460 0.409266 0.053344 0.209186
0 0.837582 0.179011 0.036866 0.145235
2 0.692546 0.434765 0.139148 0.260936
