0 0.735718 0.647924 0.048359 0.206912
0 0.709698 0.540549 0.046874 0.218001
0 0.329255 0.792516 0.054750 0.211307
0 0.652402 0.109472 0.047005 0.128650
0 0.654377 0.050255 0.049407 0.100510
0 0.419931 0.334608 0.043000 0.223443
0 0.423829 0.211663 0.041604 0.127722
0 0.372639 0.257299 0.049492 0.124044
0 0.444466 0.767873 0.052242 0.251451
0 0.524414 0.622543 0.057759 0.217033
0 0.390582 0.398729 0.041030 0.187587
0 0.571893 0.379132 0.056518 0.212149
0 0.489798 0.121408 0.035304 0.160528
0 0.639528 0.256899 0.047756 0.164333
0 0.389089 0.067428 0.037184 0.133859
0 0.801487 0.260397 0.042052 0.146561
0 0.455082 0.653876 0.050678 0.183843
0 0.833327 0.066808 0.033438 0.133468
0 0.223696 0.149264 0.033158 0.130591
0 0.517346 0.115494 0.032818 0.147912
0 0.422934 0.069138 0.038900 0.135948
0 0.762388 0.060575 0.035148 0.120337
0 0.937416 0.516043 0.048777 0.218702
0 0.555214 0.128045 0.037872 0.149386
0 0.514750 0.313452 0.039651 0.157076
0 0.257304 0.148835 0.034053 0.169590
0 0.477091 0.296827 0.037364 0.177026
0 0.158997 0.199247 0.027224 0.164431
0 0.790206 0.056014 0.027789 0.111907
0 0.863348 0.213424 0.034415 0.143956
0 0.228749 0.311588 0.035197 0.174439
0 0.205166 0.258176 0.034601 0.155899
0 0.977149 0.530069 0.043590 0.210824
0 0.212023 0.454513 0.054734 0.208461
0 0.918466 0.152342 0.030116 0.119837
0 0.908627 0.277028 0.042339 0.178058
0 0.189925 0.073331 0.029122 0.089629
0 0.226840 0.041647 0.026426 0.082907
0 0.795225 0.126144 0.030294 0.113502
0 0.973511 0.421381 0.034573 0.100584
0 0.086968 0.380039 0.045461 0.196777
0 0.181122 0.224647 0.030857 0.169835
0 0.942314 0.260608 0.034570 0.151228
0 0.193325 0.062259 0.033370 0.100180
0 0.541961 0.051844 0.029658 0.103688
0 0.901702 0.167798 0.029674 0.118870
2 0.692013 0.435884 0.138282 0.259865
