0 0.526575 0.255853 0.045881 0.241137
0 0.375965 0.097660 0.064110 0.195320
0 0.204453 0.076511 0.045494 0.152348
0 0.101924 0.524382 0.062248 0.207346
0 0.321961 0.351508 0.064681 0.239582
0 0.311460 0.045434 0.044399 0.090867
0 0.228822 0.502999 0.061087 0.261226
0 0.776387 0.702009 0.054538 0.057910
0 0.243496 0.384566 0.055131 0.206608
0 0.169313 0.107449 0.044808 0.204027
0 0.269955 0.046813 0.040590 0.093429
0 0.664713 0.383655 0.073877 0.463745
0 0.938165 0.376949 0.087794 0.300072
0 0.540391 0.372802 0.020045 0.204355
0 0.734377 0.787376 0.072078 0.047783
0 0.776856 0.430987 0.077709 0.329741
0 0.727641 0.349907 0.064057 0.397636
0 0.922528 0.771906 0.036221 0.072428
0 0.827448 0.473592 0.152898 0.272781
0 0.010554 0.877568 0.014715 0.069081
0 0.257702 0.928761 0.016744 0.072084
0 0.086013 0.885515 0.015168 0.069622
0 0.056369 0.910291 0.015929 0.069129
