0 0.735797 0.647635 0.048610 0.206923
0 0.329192 0.792491 0.055106 0.211619
0 0.709644 0.540155 0.046954 0.217380
0 0.652043 0.109721 0.047185 0.128601
0 0.420037 0.334997 0.043678 0.222843
0 0.654163 0.050265 0.049353 0.100530
0 0.423463 0.209393 0.041929 0.129000
0 0.372398 0.258033 0.049586 0.123697
0 0.524948 0.634332 0.058484 0.230837
0 0.458372 0.676649 0.051722 0.204335
0 0.638740 0.254819 0.046235 0.170355
0 0.389862 0.401022 0.040318 0.188289
0 0.572069 0.385369 0.054458 0.206966
0 0.515289 0.310739 0.038830 0.158435
0 0.761789 0.057141 0.035947 0.114212
0 0.393117 0.664215 0.048173 0.239870
0 0.787585 0.052808 0.028389 0.105616
0 0.258651 0.153792 0.034988 0.174134
0 0.491044 0.116857 0.032466 0.159480
0 0.555334 0.124314 0.037754 0.153391
0 0.797298 0.252733 0.041551 0.139850
0 0.085187 0.385151 0.046518 0.197607
0 0.858771 0.205520 0.034592 0.152819
0 0.516718 0.110719 0.030518 0.150326
0 0.160127 0.194668 0.025925 0.153525
0 0.207089 0.254600 0.034733 0.154850
0 0.898294 0.266836 0.042896 0.176294
0 0.935981 0.508884 0.049096 0.224080
0 0.478031 0.298404 0.035962 0.176309
0 0.831751 0.068106 0.032441 0.135393
0 0.226684 0.312091 0.034311 0.176322
0 0.471049 0.786564 0.066665 0.269422
0 0.916587 0.147818 0.033404 0.121743
0 0.934540 0.243680 0.035578 0.149178
0 0.975905 0.515532 0.046299 0.217994
0 0.223976 0.148084 0.031650 0.132932
0 0.224647 0.051563 0.028383 0.101350
0 0.210453 0.444222 0.057890 0.203230
0 0.189416 0.079443 0.033216 0.077666
0 0.386330 0.064257 0.034172 0.128256
0 0.904176 0.169849 0.034334 0.111897
0 0.180425 0.232702 0.030591 0.153637
0 0.991328 0.426623 0.017345 0.200373
0 0.419788 0.064930 0.039409 0.128653
2 0.692119 0.433444 0.138826 0.256267
