0 0.708068 0.419759 0.050599 0.233518
0 0.158877 0.784363 0.317754 0.431274
0 0.729798 0.769131 0.540405 0.461737
0 0.679769 0.483177 0.052829 0.113461
0 0.782386 0.119429 0.051687 0.177551
0 0.346042 0.235769 0.093891 0.418670
0 0.075788 0.234222 0.081300 0.360482
0 0.515824 0.106125 0.042739 0.189955
0 0.481531 0.341211 0.044339 0.227291
0 0.193960 0.265754 0.155758 0.474786
0 0.568601 0.060363 0.040146 0.120226
0 0.422898 0.225221 0.068117 0.308237
0 0.477797 0.096424 0.034873 0.179338
0 0.956559 0.139018 0.046986 0.191616
0 0.905275 0.490288 0.064299 0.098931
0 0.918820 0.146833 0.041796 0.174726
0 0.870658 0.193521 0.046791 0.213233
0 0.517601 0.030349 0.039935 0.060578
0 0.943147 0.016080 0.036916 0.032159
0 0.878094 0.017463 0.037319 0.034677
2 0.722480 0.307073 0.151428 0.267241
1 0.235707 0.687074 0.440497 0.618886
