0 0.329177 0.792140 0.055414 0.213033
0 0.735818 0.647193 0.048659 0.206647
0 0.709534 0.540155 0.047029 0.218145
0 0.652533 0.109184 0.047662 0.128785
0 0.654108 0.049749 0.049968 0.099497
0 0.420159 0.332615 0.044609 0.220451
0 0.372283 0.257004 0.049494 0.125229
0 0.392124 0.664421 0.047235 0.232318
0 0.639197 0.257023 0.048648 0.168141
0 0.526726 0.661735 0.058754 0.230093
0 0.482617 0.814941 0.061582 0.272088
0 0.462227 0.734620 0.053457 0.242924
0 0.488123 0.093335 0.038308 0.154198
0 0.425497 0.210055 0.042649 0.130532
0 0.924828 0.470153 0.041956 0.206418
0 0.960280 0.475473 0.045558 0.197159
0 0.760311 0.058501 0.039674 0.117003
0 0.256867 0.164082 0.034727 0.171730
0 0.889081 0.245089 0.042095 0.174909
0 0.162083 0.194947 0.033122 0.170538
0 0.208039 0.241194 0.033829 0.151483
0 0.392188 0.398921 0.038830 0.197424
0 0.926050 0.241785 0.035172 0.152188
0 0.516807 0.073482 0.033362 0.141959
0 0.553446 0.108579 0.038607 0.147712
0 0.570312 0.366293 0.051744 0.211093
0 0.785036 0.048273 0.027841 0.096545
0 0.775338 0.133671 0.045774 0.184124
0 0.191275 0.078452 0.031170 0.086860
0 0.788320 0.233743 0.035967 0.123709
0 0.212597 0.437421 0.060462 0.203847
0 0.513974 0.300576 0.039082 0.176284
0 0.896853 0.162469 0.034767 0.108440
0 0.477471 0.295877 0.035688 0.180174
0 0.919979 0.151812 0.033445 0.141940
0 0.963629 0.329896 0.034839 0.110507
0 0.254423 0.051111 0.032455 0.102221
0 0.984745 0.406179 0.030510 0.188697
0 0.848516 0.197039 0.036555 0.153552
0 0.978539 0.399693 0.041120 0.185150
0 0.219585 0.291342 0.037699 0.175218
0 0.546384 0.064302 0.031322 0.122236
0 0.080749 0.414494 0.043073 0.193952
0 0.843323 0.187450 0.037342 0.142806
0 0.226462 0.144682 0.033060 0.130776
0 0.224071 0.053515 0.033842 0.104095
0 0.948397 0.357157 0.047075 0.069378
0 0.475719 0.238867 0.040764 0.154863
2 0.691702 0.435068 0.138981 0.256634
