0 0.736101 0.647949 0.049121 0.206784
0 0.709395 0.539769 0.047181 0.218399
0 0.328723 0.791240 0.055823 0.211874
0 0.653889 0.050370 0.050465 0.100740
0 0.652386 0.110272 0.047769 0.129856
0 0.392497 0.665580 0.048453 0.231940
0 0.372179 0.256496 0.048439 0.124569
0 0.458227 0.787509 0.058651 0.249255
0 0.512112 0.862001 0.065418 0.271972
0 0.482358 0.070725 0.045874 0.138842
0 0.903699 0.433695 0.049590 0.207969
0 0.516359 0.063243 0.041747 0.125944
0 0.473345 0.237368 0.048625 0.163304
0 0.420409 0.323110 0.044301 0.170244
0 0.533328 0.705993 0.057558 0.239631
0 0.768153 0.086260 0.045173 0.142754
0 0.438579 0.221026 0.046989 0.167144
0 0.436487 0.384151 0.049750 0.201242
0 0.544224 0.066344 0.034542 0.132688
0 0.252389 0.053648 0.030338 0.106612
0 0.162777 0.193335 0.045701 0.164905
0 0.952246 0.199218 0.041007 0.155075
0 0.913674 0.220475 0.031671 0.172605
0 0.880946 0.220259 0.043876 0.180904
0 0.772992 0.168157 0.042434 0.139600
0 0.941414 0.440772 0.039626 0.177891
0 0.835709 0.139131 0.035818 0.156191
0 0.214312 0.239146 0.042327 0.159602
0 0.252198 0.190637 0.031837 0.171531
0 0.555525 0.314536 0.045329 0.203032
0 0.630669 0.280258 0.049282 0.169414
0 0.883652 0.152238 0.039839 0.141843
0 0.502076 0.242056 0.037585 0.168815
0 0.971053 0.385273 0.039267 0.189754
0 0.190641 0.069049 0.035796 0.102384
0 0.225269 0.372998 0.049493 0.184891
0 0.941050 0.304951 0.040240 0.115614
0 0.223092 0.060959 0.033739 0.084073
0 0.065014 0.498855 0.057439 0.194113
0 0.990062 0.391779 0.019876 0.197818
2 0.692462 0.434182 0.138949 0.253444
