0 0.331753 0.420588 0.051745 0.139909
0 0.020543 0.241793 0.041085 0.241968
0 0.270652 0.033582 0.052536 0.067164
0 0.256102 0.162043 0.052164 0.180645
0 0.474415 0.083006 0.041235 0.150836
0 0.075788 0.134305 0.046183 0.174855
0 0.680500 0.070505 0.025721 0.141009
0 0.415395 0.130846 0.039445 0.144423
0 0.090270 0.028274 0.042352 0.056547
0 0.158324 0.035200 0.040123 0.070333
0 0.122152 0.023789 0.039092 0.046754
0 0.021280 0.103025 0.042487 0.156686
0 0.396793 0.066973 0.046565 0.133528
0 0.036404 0.113100 0.060413 0.187539
0 0.105803 0.149104 0.041209 0.184424
0 0.545320 0.161828 0.035065 0.177411
0 0.168199 0.233788 0.049667 0.213740
0 0.507891 0.148147 0.025507 0.186222
0 0.395573 0.027224 0.048244 0.054321
2 0.317444 0.350648 0.162518 0.276114
1 0.258887 0.702052 0.517113 0.399448
2 0.241608 0.759466 0.097900 0.109875
