0 0.646506 0.683661 0.052298 0.215330
0 0.672980 0.572924 0.049296 0.225389
0 0.595720 0.224207 0.270305 0.260232
0 0.849426 0.747949 0.059425 0.212789
0 0.120544 0.256084 0.048446 0.208721
0 0.050186 0.290744 0.057999 0.134046
0 0.187628 0.327340 0.054270 0.065231
0 0.959176 0.433805 0.053062 0.148393
0 0.855769 0.906666 0.064906 0.186669
0 0.943259 0.860738 0.054909 0.260465
0 0.489951 0.441016 0.050189 0.163445
0 0.985717 0.704195 0.028487 0.224509
0 0.110419 0.049470 0.041948 0.098940
0 0.444052 0.062955 0.030652 0.125174
0 0.768400 0.208386 0.214823 0.205624
0 0.777511 0.390279 0.044431 0.059147
0 0.306347 0.062200 0.063394 0.124401
0 0.481532 0.459379 0.043862 0.205083
0 0.006581 0.267562 0.013161 0.175810
0 0.093291 0.019251 0.042476 0.038502
0 0.468713 0.436397 0.017267 0.153205
0 0.102927 0.045174 0.047233 0.090348
2 0.690000 0.486252 0.144645 0.257753
1 0.133263 0.871729 0.260455 0.248311
