0 0.106548 0.417312 0.053078 0.244467
0 0.076894 0.530438 0.055576 0.216295
0 0.580666 0.815913 0.232037 0.365277
0 0.822446 0.819711 0.243819 0.356377
0 0.307251 0.553123 0.067802 0.171159
0 0.371302 0.088965 0.051160 0.177931
0 0.402667 0.078991 0.034068 0.157982
0 0.195273 0.122401 0.056635 0.189069
0 0.388030 0.592732 0.061740 0.093087
0 0.279791 0.172309 0.052207 0.228529
0 0.337981 0.093509 0.043116 0.186992
0 0.036773 0.041713 0.046535 0.083355
0 0.830462 0.273957 0.282829 0.341029
0 0.408541 0.242381 0.022023 0.216400
0 0.744956 0.271522 0.458575 0.349170
2 0.124000 0.306254 0.161674 0.288739
1 0.707674 0.207173 0.573959 0.414346
