0 0.329152 0.792570 0.055252 0.213683
0 0.735828 0.647485 0.048762 0.206404
0 0.709473 0.540222 0.046915 0.218486
0 0.652564 0.108986 0.047545 0.128177
0 0.654280 0.050122 0.050034 0.100244
0 0.420349 0.331574 0.044832 0.220116
0 0.372416 0.257396 0.049626 0.125170
0 0.392358 0.664015 0.047544 0.233435
0 0.526684 0.663067 0.059350 0.229823
0 0.638936 0.257514 0.048098 0.167266
0 0.483871 0.816000 0.060257 0.270102
0 0.462196 0.735094 0.053529 0.243216
0 0.960306 0.476300 0.045778 0.190446
0 0.487423 0.091911 0.039049 0.152552
0 0.924714 0.468219 0.041654 0.210096
0 0.760763 0.059562 0.039970 0.119124
0 0.161768 0.195166 0.033535 0.170330
0 0.889080 0.243581 0.042308 0.175804
0 0.256317 0.165549 0.033865 0.171456
0 0.517152 0.070629 0.033687 0.136682
0 0.925464 0.237956 0.034963 0.159535
0 0.426044 0.210798 0.042727 0.130646
0 0.208184 0.241167 0.033948 0.154182
0 0.254634 0.050169 0.032176 0.100338
0 0.784541 0.049165 0.027353 0.098331
0 0.922536 0.155575 0.034338 0.144368
0 0.895311 0.160537 0.036707 0.109612
0 0.963439 0.331365 0.034216 0.112887
0 0.788821 0.233338 0.036058 0.126884
0 0.553551 0.106844 0.038695 0.146309
0 0.983326 0.406784 0.033349 0.192735
0 0.191885 0.078506 0.032617 0.088636
0 0.514801 0.302134 0.039566 0.176761
0 0.392648 0.400028 0.040128 0.200724
0 0.212276 0.437024 0.061442 0.206552
0 0.570171 0.362762 0.051252 0.210662
0 0.477375 0.295864 0.035970 0.179551
0 0.844646 0.189903 0.040019 0.151027
0 0.219486 0.292300 0.038512 0.176093
0 0.080760 0.415948 0.042998 0.189073
0 0.774890 0.134229 0.046082 0.189398
0 0.225291 0.052267 0.033622 0.104535
0 0.546887 0.065285 0.030640 0.122064
0 0.431773 0.216142 0.049852 0.152266
0 0.977011 0.398134 0.040354 0.189896
0 0.225108 0.142050 0.033855 0.126965
0 0.475771 0.234917 0.040998 0.154237
0 0.770028 0.097894 0.045715 0.151812
0 0.555426 0.330299 0.039411 0.187857
2 0.691898 0.435326 0.138669 0.256333
