0 0.376085 0.293816 0.049153 0.229227
0 0.403953 0.389821 0.053072 0.180077
0 0.340993 0.781968 0.045001 0.235365
0 0.290517 0.698677 0.052417 0.131465
0 0.067795 0.096559 0.048059 0.192442
0 0.343986 0.651752 0.045753 0.132615
0 0.228319 0.120512 0.059712 0.236798
0 0.020778 0.031182 0.041556 0.062365
0 0.182925 0.388811 0.061468 0.183631
0 0.302460 0.040508 0.051138 0.081016
0 0.035654 0.144767 0.042560 0.201158
0 0.416613 0.563704 0.037840 0.160715
0 0.309298 0.849680 0.042336 0.201453
0 0.039856 0.389983 0.052343 0.177346
0 0.443671 0.552090 0.030560 0.145873
0 0.439206 0.753264 0.038627 0.163995
0 0.399246 0.747615 0.039389 0.180238
0 0.134767 0.582591 0.036031 0.135808
0 0.166365 0.583929 0.037462 0.179209
0 0.167023 0.062381 0.039365 0.124762
0 0.343232 0.522837 0.037833 0.086624
0 0.308928 0.524190 0.038743 0.088150
0 0.129367 0.063482 0.038101 0.126965
0 0.114098 0.423235 0.054206 0.111415
0 0.114334 0.705467 0.037841 0.171087
0 0.136237 0.770216 0.036604 0.183152
0 0.126112 0.902684 0.057951 0.194105
0 0.106411 0.514976 0.034357 0.071644
0 0.086197 0.661865 0.036485 0.192963
0 0.902350 0.298104 0.063559 0.283714
0 0.062917 0.632257 0.030521 0.178335
2 0.357434 0.179178 0.145799 0.287837
1 0.730405 0.519972 0.535498 0.889822
1 0.220951 0.239074 0.440261 0.478149
