0 0.575882 0.836345 0.380107 0.325822
0 0.157587 0.160264 0.053472 0.140559
0 0.826925 0.814753 0.344304 0.364948
0 0.102699 0.245265 0.054398 0.255532
0 0.290943 0.087092 0.036476 0.173708
0 0.639439 0.367331 0.230840 0.384210
0 0.083672 0.116417 0.058569 0.193731
0 0.114700 0.315872 0.066249 0.231643
0 0.041493 0.139011 0.052498 0.184278
0 0.682538 0.946819 0.170474 0.104829
0 0.339032 0.125572 0.042349 0.164308
0 0.014047 0.139687 0.028095 0.190838
0 0.329356 0.351119 0.057861 0.226592
0 0.334657 0.206569 0.043257 0.177143
0 0.133737 0.526328 0.053170 0.065539
0 0.200467 0.851936 0.220957 0.291180
1 0.686807 0.797495 0.625419 0.405010
1 0.684317 0.661159 0.630293 0.677682
1 0.682977 0.516180 0.630660 0.967641
