0 0.565921 0.328221 0.169467 0.534568
0 0.695003 0.352281 0.152113 0.490827
0 0.433519 0.340506 0.182927 0.516972
0 0.817123 0.339925 0.133032 0.510275
0 0.918981 0.377183 0.162038 0.446561
0 0.347263 0.358460 0.115443 0.480296
0 0.503352 0.798381 0.328816 0.395835
0 0.117695 0.058824 0.035200 0.117649
0 0.148507 0.053559 0.033740 0.107117
0 0.242125 0.175314 0.045885 0.197916
0 0.095555 0.096600 0.036219 0.176381
0 0.009225 0.548413 0.018450 0.105671
0 0.112526 0.236844 0.057343 0.190716
0 0.092858 0.202705 0.048195 0.182797
1 0.625523 0.299071 0.670670 0.590177
1 0.144857 0.797047 0.287724 0.401412
1 0.964731 0.147300 0.070140 0.290590
1 0.143824 0.298537 0.287648 0.589728
