0 0.392138 0.376624 0.051797 0.254374
0 0.324700 0.473814 0.058945 0.151613
0 0.459841 0.455909 0.058427 0.187991
0 0.540920 0.415387 0.057463 0.260308
0 0.520785 0.490930 0.064600 0.120190
0 0.422795 0.067227 0.053596 0.134455
0 0.568974 0.058574 0.047682 0.115857
0 0.416224 0.097622 0.048585 0.195243
0 0.214177 0.090362 0.054155 0.180725
0 0.865634 0.295167 0.265620 0.495107
0 0.466424 0.752613 0.381907 0.407705
1 0.332786 0.500000 0.665572 1.000000
1 0.831326 0.792378 0.182090 0.396563
1 0.880158 0.296727 0.239103 0.593454
