0 0.235310 0.296776 0.050908 0.236853
0 0.149253 0.802032 0.054681 0.225496
0 0.177756 0.685202 0.050986 0.235147
0 0.206878 0.417532 0.053480 0.230073
0 0.529281 0.269874 0.159080 0.539126
0 0.422798 0.448903 0.054004 0.183359
0 0.024604 0.177602 0.049208 0.235602
0 0.375624 0.845472 0.062545 0.264270
0 0.402756 0.083048 0.053115 0.166096
0 0.624375 0.267538 0.094872 0.535076
0 0.398812 0.935223 0.071976 0.129554
0 0.437646 0.893909 0.024646 0.212183
0 0.321556 0.050154 0.053911 0.100309
0 0.748033 0.266857 0.106876 0.533715
0 0.699494 0.697966 0.055087 0.088428
0 0.049194 0.020998 0.052280 0.041997
0 0.982243 0.149350 0.035513 0.290360
0 0.140824 0.031304 0.051628 0.060492
1 0.725480 0.261541 0.542317 0.523083
2 0.184475 0.630467 0.127578 0.147106
2 0.246499 0.175775 0.145343 0.305969
