0 0.709457 0.540163 0.046915 0.218607
0 0.735953 0.647961 0.049020 0.206109
0 0.328840 0.791510 0.055853 0.212832
0 0.653699 0.050251 0.050281 0.100502
0 0.652271 0.110624 0.047360 0.129019
0 0.392904 0.662957 0.047424 0.230837
0 0.372065 0.257281 0.048747 0.124457
0 0.481468 0.069201 0.046796 0.137315
0 0.538265 0.705191 0.057642 0.212575
0 0.418028 0.321948 0.042057 0.162112
0 0.434919 0.382987 0.049187 0.198667
0 0.767912 0.086890 0.044024 0.142696
0 0.457080 0.805433 0.057867 0.254148
0 0.514749 0.062643 0.038596 0.123340
0 0.541694 0.065284 0.034747 0.130506
0 0.251056 0.056727 0.031002 0.113454
0 0.473942 0.234892 0.045913 0.168572
0 0.939190 0.436749 0.040363 0.173762
0 0.438798 0.219731 0.050468 0.171361
0 0.251589 0.193293 0.032751 0.176992
0 0.771948 0.169076 0.041090 0.138702
0 0.952513 0.200370 0.041064 0.158685
0 0.214021 0.232271 0.040635 0.171501
0 0.835717 0.141234 0.037378 0.152699
0 0.519304 0.876261 0.068816 0.247478
0 0.162739 0.184988 0.047641 0.170902
0 0.898133 0.430546 0.045098 0.213208
0 0.909962 0.217157 0.035708 0.190028
0 0.503475 0.242276 0.038706 0.174228
0 0.627002 0.284936 0.050346 0.171268
0 0.876375 0.209647 0.041999 0.176096
0 0.553050 0.295731 0.043821 0.198948
0 0.690120 0.943707 0.067706 0.112585
0 0.969661 0.608227 0.060075 0.206753
0 0.191511 0.070132 0.038280 0.105379
0 0.877967 0.151332 0.038970 0.155434
0 0.063193 0.500388 0.055295 0.214687
0 0.226926 0.061201 0.029452 0.102117
0 0.224695 0.375186 0.052470 0.195335
0 0.972745 0.382676 0.038179 0.204647
0 0.937824 0.295094 0.040355 0.119898
0 0.950629 0.354344 0.039453 0.194000
0 0.989699 0.389735 0.020602 0.206341
2 0.692347 0.435343 0.139547 0.256648
