0 0.292189 0.147633 0.046573 0.240045
0 0.239068 0.066309 0.055251 0.131734
0 0.602581 0.354223 0.035226 0.192425
0 0.533634 0.076643 0.053921 0.152293
0 0.293399 0.041887 0.046503 0.083774
0 0.458786 0.198329 0.059639 0.227725
0 0.395979 0.119657 0.041417 0.180473
0 0.257550 0.219144 0.043271 0.207768
0 0.354255 0.107179 0.042317 0.201677
0 0.405693 0.406862 0.061710 0.088814
0 0.056268 0.067283 0.039825 0.134304
0 0.643325 0.696639 0.046873 0.396140
0 0.077537 0.117880 0.038834 0.189846
0 0.024045 0.066941 0.036837 0.133363
0 0.262715 0.415738 0.053670 0.068526
0 0.064787 0.271884 0.061288 0.226362
0 0.009016 0.064068 0.018033 0.124097
3 0.566749 0.251409 0.105815 0.332561
