0 0.630040 0.365289 0.051270 0.128154
0 0.603382 0.297437 0.047370 0.221582
0 0.260278 0.036143 0.048744 0.072286
0 0.307887 0.078917 0.043500 0.157409
0 0.326252 0.134260 0.047627 0.209350
0 0.501150 0.077649 0.054162 0.154047
0 0.757877 0.246637 0.075812 0.372325
0 0.444503 0.052134 0.052291 0.104121
0 0.958222 0.287153 0.083051 0.289851
0 0.304544 0.373795 0.046694 0.111282
0 0.362306 0.033007 0.041324 0.065980
0 0.390397 0.035541 0.036534 0.071081
0 0.102810 0.034776 0.036099 0.069551
0 0.114441 0.129331 0.055181 0.197631
0 0.330932 0.023569 0.041511 0.046000
1 0.355394 0.554875 0.710787 0.890251
1 0.356254 0.713546 0.708750 0.572908
1 0.856734 0.205818 0.286532 0.406161
2 0.585017 0.234602 0.138032 0.357132
