0 0.362847 0.158901 0.035072 0.230651
0 0.879064 0.537061 0.051445 0.141190
0 0.879907 0.478969 0.054542 0.096456
0 0.940225 0.941400 0.050354 0.117200
0 0.578610 0.696099 0.052854 0.135688
0 0.031301 0.295047 0.053380 0.255108
0 0.628268 0.765777 0.045444 0.172454
0 0.835649 0.747677 0.056473 0.191650
0 0.179621 0.313777 0.058719 0.231044
0 0.770229 0.708391 0.055404 0.211578
0 0.695053 0.499761 0.051621 0.139015
0 0.645701 0.830400 0.053495 0.214118
0 0.229464 0.673597 0.116764 0.405334
0 0.097339 0.353524 0.055885 0.154359
0 0.649316 0.657047 0.047594 0.183768
0 0.732680 0.490545 0.041935 0.119374
0 0.449196 0.626886 0.034734 0.184246
0 0.759246 0.496713 0.036679 0.132278
0 0.685584 0.674520 0.046229 0.179121
0 0.716829 0.678184 0.041512 0.180598
0 0.450473 0.488177 0.032248 0.114560
0 0.407866 0.672327 0.041784 0.172383
0 0.864582 0.267085 0.157210 0.141538
0 0.157590 0.385624 0.067458 0.086388
0 0.055246 0.056436 0.040203 0.112872
0 0.423091 0.815625 0.055177 0.190923
0 0.987727 0.510943 0.024547 0.156321
0 0.419896 0.479867 0.030477 0.097035
0 0.393573 0.487642 0.027113 0.111161
0 0.208978 0.026365 0.046747 0.051956
0 0.068510 0.028991 0.053769 0.057982
2 0.922932 0.871742 0.151016 0.249289
2 0.325233 0.089520 0.095741 0.173759
