0 0.709451 0.539930 0.046925 0.218440
0 0.735996 0.647916 0.048979 0.205893
0 0.328734 0.791596 0.055885 0.212553
0 0.653840 0.050533 0.050301 0.101066
0 0.652166 0.109935 0.047810 0.129110
0 0.392626 0.663868 0.047976 0.233118
0 0.372018 0.257288 0.048649 0.124563
0 0.481347 0.069693 0.046876 0.138451
0 0.417975 0.322537 0.041758 0.163423
0 0.537763 0.705571 0.057871 0.216102
0 0.457562 0.800117 0.058193 0.246818
0 0.434514 0.383701 0.048188 0.200961
0 0.767697 0.087579 0.044232 0.142699
0 0.251272 0.056941 0.031337 0.113881
0 0.542037 0.064843 0.034240 0.129685
0 0.515311 0.062828 0.039898 0.123782
0 0.474167 0.234483 0.045950 0.170628
0 0.438740 0.220102 0.050217 0.171908
0 0.517526 0.875818 0.068117 0.248363
0 0.953356 0.200495 0.040804 0.157352
0 0.772398 0.168738 0.041660 0.138344
0 0.251731 0.195909 0.032737 0.183566
0 0.213980 0.232660 0.040689 0.171041
0 0.940000 0.438876 0.040651 0.174541
0 0.162502 0.185103 0.047177 0.172687
0 0.835864 0.141698 0.038164 0.152611
0 0.899096 0.432680 0.044379 0.211194
0 0.627983 0.284516 0.050223 0.171403
0 0.910549 0.217964 0.034506 0.184152
0 0.503666 0.243670 0.038556 0.174955
0 0.877043 0.212707 0.042156 0.176436
0 0.553658 0.294619 0.044980 0.200423
0 0.878831 0.149672 0.039054 0.156439
0 0.938478 0.302120 0.039713 0.124749
0 0.190993 0.070289 0.038244 0.107846
0 0.226969 0.059951 0.029381 0.104303
0 0.690148 0.943562 0.069160 0.112877
0 0.972425 0.383382 0.039098 0.202364
0 0.064210 0.500105 0.055000 0.212232
0 0.224468 0.374387 0.051514 0.194744
0 0.989543 0.393462 0.020915 0.205316
0 0.970151 0.610791 0.059405 0.206746
0 0.966358 0.379227 0.036411 0.210517
2 0.692710 0.435192 0.139799 0.253272
