0 0.735682 0.647855 0.048510 0.205792
0 0.329124 0.792971 0.055306 0.213351
0 0.709723 0.540060 0.046635 0.218694
0 0.653966 0.050533 0.049998 0.100548
0 0.652656 0.110141 0.047756 0.131103
0 0.434838 0.382003 0.049661 0.197943
0 0.372144 0.256712 0.049659 0.128366
0 0.481833 0.069621 0.045551 0.138787
0 0.613122 0.306081 0.051130 0.180133
0 0.968161 0.607054 0.061605 0.209765
0 0.548392 0.740668 0.061656 0.223555
0 0.419008 0.321273 0.043155 0.164071
0 0.548785 0.900558 0.068028 0.198285
0 0.450957 0.855205 0.053971 0.246522
0 0.552200 0.264805 0.050935 0.203496
0 0.252078 0.193692 0.031494 0.173546
0 0.954999 0.205495 0.039841 0.152064
0 0.773263 0.170106 0.043627 0.142212
0 0.214891 0.236797 0.039075 0.163598
0 0.515573 0.065799 0.036709 0.131598
0 0.471356 0.234133 0.042635 0.173846
0 0.869694 0.178940 0.039643 0.184417
0 0.252520 0.061436 0.032440 0.116596
0 0.767233 0.085823 0.045692 0.147830
0 0.161663 0.187259 0.042739 0.175071
0 0.887551 0.402055 0.047968 0.202552
0 0.953007 0.347887 0.040519 0.192340
0 0.439045 0.216977 0.045797 0.168455
0 0.835488 0.142418 0.035601 0.154146
0 0.543033 0.066861 0.033903 0.133367
0 0.502026 0.238943 0.039835 0.167905
0 0.063314 0.503847 0.052032 0.209998
0 0.907061 0.175020 0.036071 0.145596
0 0.687679 0.943529 0.065317 0.112350
0 0.412843 0.670265 0.057878 0.219743
0 0.909658 0.271535 0.044034 0.145944
0 0.921648 0.410193 0.035289 0.170319
0 0.194678 0.065196 0.040049 0.122188
0 0.229795 0.373052 0.047695 0.182101
0 0.222348 0.056363 0.031272 0.090024
0 0.979957 0.359490 0.034521 0.196902
2 0.692503 0.435563 0.139547 0.253491
