0 0.197141 0.888998 0.056355 0.214900
0 0.091501 0.475274 0.053322 0.200460
0 0.105753 0.428555 0.047474 0.140240
0 0.074595 0.900446 0.054480 0.199107
0 0.165853 0.293447 0.050809 0.129928
0 0.148239 0.090344 0.055567 0.179435
0 0.467005 0.594688 0.048739 0.201500
0 0.154082 0.385299 0.046093 0.051718
0 0.141598 0.063509 0.049883 0.127018
0 0.013355 0.934268 0.026620 0.131315
0 0.032457 0.303893 0.058572 0.108067
0 0.300721 0.460199 0.055752 0.180135
0 0.122463 0.768215 0.052080 0.228622
0 0.051461 0.389406 0.045464 0.059782
0 0.338759 0.085392 0.053007 0.170784
0 0.010948 0.065420 0.021896 0.130840
0 0.011919 0.085286 0.023837 0.170573
0 0.311629 0.386894 0.041462 0.055312
0 0.006690 0.799739 0.013380 0.173636
0 0.489150 0.175058 0.041627 0.196820
0 0.020921 0.390375 0.040099 0.061945
1 0.758014 0.176358 0.480824 0.345013
1 0.841078 0.174076 0.315236 0.342601
