0 0.712881 0.875755 0.046904 0.215905
0 0.143276 0.094213 0.049786 0.125331
0 0.687702 0.940363 0.049098 0.118805
0 0.201855 0.692880 0.043285 0.223782
0 0.251705 0.757392 0.046644 0.190349
0 0.198471 0.572355 0.043950 0.125541
0 0.248615 0.615908 0.047960 0.124044
0 0.094824 0.170479 0.043445 0.220965
0 0.897224 0.927173 0.057100 0.145655
0 0.108287 0.695252 0.043200 0.168802
0 0.180537 0.936906 0.052668 0.126188
0 0.098576 0.910664 0.052840 0.178673
0 0.852140 0.713578 0.057621 0.208976
0 0.147543 0.680978 0.036133 0.188126
0 0.124470 0.237117 0.042033 0.195891
0 0.783032 0.589431 0.049948 0.169340
0 0.946352 0.628726 0.039913 0.184418
0 0.128240 0.532823 0.036732 0.085170
0 0.309917 0.082471 0.034767 0.152667
0 0.907884 0.641476 0.039468 0.157192
0 0.032767 0.851278 0.050928 0.246737
0 0.970832 0.949492 0.053765 0.101016
0 0.122332 0.436955 0.050745 0.106373
0 0.091359 0.057033 0.043424 0.114066
0 0.623724 0.595678 0.040536 0.141875
0 0.416297 0.634818 0.034552 0.159349
0 0.389663 0.715585 0.038875 0.182376
0 0.432709 0.243714 0.045891 0.207273
0 0.385226 0.867776 0.050393 0.208289
0 0.932461 0.509885 0.035523 0.043178
0 0.243225 0.974455 0.040933 0.051041
0 0.494716 0.852312 0.029517 0.234555
0 0.399208 0.530591 0.036507 0.084362
0 0.561727 0.555462 0.036750 0.130089
0 0.444566 0.563338 0.031534 0.146614
0 0.041724 0.088622 0.044540 0.167640
0 0.513270 0.610235 0.039059 0.173666
0 0.100191 0.528244 0.040210 0.077109
0 0.061376 0.535862 0.044231 0.096302
0 0.302084 0.288888 0.060686 0.217647
0 0.009286 0.432879 0.018507 0.111354
0 0.990607 0.695761 0.018659 0.208444
0 0.011962 0.111639 0.023832 0.183651
0 0.186798 0.512062 0.028615 0.044144
0 0.990925 0.574916 0.017936 0.162468
0 0.490576 0.591084 0.019798 0.155916
0 0.286228 0.025827 0.033930 0.051334
0 0.255805 0.044742 0.031594 0.089484
0 0.868194 0.511757 0.036687 0.048252
0 0.904126 0.506794 0.035704 0.038001
0 0.468737 0.650829 0.022255 0.175895
0 0.038043 0.108753 0.041899 0.184212
0 0.289428 0.098580 0.027061 0.132576
0 0.293860 0.134196 0.033737 0.163870
0 0.053933 0.459619 0.054752 0.053853
0 0.073482 0.521060 0.036203 0.064268
0 0.374600 0.535949 0.032490 0.095670
2 0.728053 0.773708 0.147486 0.262817
1 0.702732 0.206310 0.161795 0.412619
1 0.632768 0.216068 0.299110 0.432137
