0 0.329155 0.791849 0.055265 0.213225
0 0.735609 0.647804 0.048671 0.206419
0 0.709667 0.540074 0.046663 0.218050
0 0.651905 0.109999 0.047114 0.129736
0 0.654050 0.049937 0.049785 0.099873
0 0.420012 0.333932 0.044350 0.222992
0 0.422829 0.209812 0.042882 0.128970
0 0.372049 0.257521 0.048668 0.123428
0 0.524551 0.646524 0.059143 0.224974
0 0.458672 0.685056 0.053420 0.190119
0 0.473465 0.801918 0.063190 0.276988
0 0.394261 0.663141 0.046513 0.236700
0 0.639576 0.251802 0.047296 0.175966
0 0.761002 0.055948 0.037183 0.111897
0 0.388717 0.398892 0.042592 0.190493
0 0.571740 0.381539 0.053088 0.217650
0 0.553726 0.116519 0.037715 0.150205
0 0.490130 0.112592 0.034447 0.160974
0 0.514743 0.308113 0.037284 0.164062
0 0.855423 0.199908 0.035074 0.147110
0 0.260259 0.149709 0.035114 0.175652
0 0.894041 0.252280 0.039399 0.168766
0 0.775667 0.141955 0.048342 0.163204
0 0.205165 0.248625 0.033991 0.152512
0 0.518746 0.106739 0.031956 0.146461
0 0.785790 0.051565 0.026226 0.103131
0 0.161109 0.188845 0.030233 0.154588
0 0.929894 0.243958 0.037287 0.150122
0 0.477098 0.297817 0.036634 0.177796
0 0.921322 0.461403 0.042196 0.200555
0 0.790418 0.240814 0.034399 0.118500
0 0.915931 0.150363 0.033304 0.125741
0 0.084005 0.397355 0.043863 0.198427
0 0.229756 0.148457 0.033256 0.145515
0 0.899715 0.170376 0.032833 0.102503
0 0.961819 0.473442 0.049333 0.193418
0 0.224058 0.305387 0.033574 0.171897
0 0.985069 0.419747 0.029862 0.185281
0 0.961051 0.326727 0.030303 0.117341
0 0.187744 0.076907 0.031377 0.078170
0 0.226837 0.050347 0.031285 0.098692
0 0.211862 0.448420 0.057685 0.210057
0 0.180450 0.231733 0.026649 0.154818
2 0.691896 0.434645 0.138179 0.255003
