0 0.230838 0.324674 0.051313 0.235640
0 0.259373 0.442757 0.054009 0.224917
0 0.031031 0.480340 0.061857 0.256461
0 0.154142 0.053900 0.048498 0.107800
0 0.064136 0.099584 0.048288 0.198513
0 0.017465 0.059604 0.034930 0.119091
0 0.418915 0.045785 0.045433 0.090613
0 0.320385 0.040721 0.046153 0.080810
0 0.025512 0.561887 0.050392 0.095461
0 0.326455 0.048100 0.054373 0.095434
0 0.317574 0.029975 0.044024 0.058981
1 0.725226 0.294269 0.547293 0.579689
2 0.210115 0.210297 0.151554 0.289904
1 0.725379 0.742230 0.549243 0.278009
1 0.225532 0.526412 0.451064 0.947175
