0 0.735694 0.647988 0.048785 0.206234
0 0.709760 0.540179 0.046817 0.218872
0 0.329259 0.792386 0.055347 0.212374
0 0.653998 0.050558 0.049546 0.100689
0 0.652711 0.109509 0.047604 0.130659
0 0.434855 0.384353 0.050233 0.198099
0 0.372232 0.256880 0.049252 0.127767
0 0.481806 0.069778 0.044870 0.138241
0 0.968352 0.606281 0.062066 0.208508
0 0.418694 0.323465 0.042446 0.165239
0 0.545987 0.734314 0.060246 0.224370
0 0.252191 0.194700 0.032732 0.178103
0 0.614697 0.303240 0.049932 0.180324
0 0.546660 0.896385 0.066538 0.207231
0 0.449883 0.845684 0.053334 0.253438
0 0.515739 0.063697 0.038713 0.126800
0 0.471097 0.232550 0.043282 0.175187
0 0.214529 0.241198 0.039224 0.158775
0 0.954382 0.203366 0.037769 0.153765
0 0.836247 0.141426 0.037135 0.152522
0 0.767068 0.087030 0.043708 0.145348
0 0.251809 0.058992 0.032216 0.115601
0 0.543082 0.066579 0.032808 0.130769
0 0.869991 0.179540 0.039982 0.182022
0 0.888345 0.401887 0.045808 0.199110
0 0.772492 0.172471 0.041785 0.138501
0 0.161946 0.185924 0.044004 0.173165
0 0.552618 0.274204 0.050083 0.199035
0 0.502094 0.238769 0.040332 0.168338
0 0.954725 0.350161 0.038949 0.192860
0 0.906611 0.169698 0.036857 0.139657
0 0.438953 0.216695 0.045852 0.166112
0 0.688178 0.942113 0.063996 0.115773
0 0.909072 0.266795 0.043042 0.147144
0 0.061768 0.506027 0.054607 0.215252
0 0.413422 0.670258 0.054594 0.221229
0 0.193523 0.065363 0.038835 0.121874
0 0.229095 0.376356 0.049324 0.188599
0 0.980971 0.362876 0.035435 0.204455
0 0.222969 0.056297 0.030616 0.091422
0 0.920798 0.405026 0.032932 0.178152
2 0.692390 0.435006 0.138954 0.253006
