0 0.537484 0.216310 0.055474 0.239262
0 0.069915 0.382557 0.064451 0.244367
0 0.507594 0.107669 0.053955 0.215338
0 0.728822 0.780065 0.078066 0.439870
0 0.593129 0.755296 0.192037 0.489409
0 0.461323 0.755269 0.217722 0.489463
0 0.311871 0.286743 0.062194 0.227276
0 0.830522 0.785531 0.118462 0.428938
0 0.214582 0.385763 0.065122 0.250436
0 0.144280 0.229782 0.053935 0.270320
0 0.865683 0.211994 0.081642 0.136424
0 0.297967 0.427155 0.074265 0.165750
0 0.195222 0.754802 0.123215 0.490397
0 0.335157 0.754723 0.098175 0.488441
0 0.111352 0.703871 0.075963 0.386799
0 0.045757 0.679669 0.071671 0.340118
1 0.348026 0.750641 0.682918 0.486251
2 0.539975 0.053449 0.048730 0.104326
