0 0.191363 0.186121 0.053574 0.134257
0 0.194308 0.677573 0.053031 0.196659
0 0.061020 0.112324 0.037416 0.202011
0 0.243312 0.258916 0.049679 0.179113
0 0.390996 0.628590 0.051662 0.096588
0 0.263640 0.142983 0.051626 0.177485
0 0.150886 0.922581 0.057217 0.154838
0 0.300901 0.161700 0.050150 0.181611
0 0.175530 0.637374 0.047872 0.113507
0 0.262226 0.323448 0.056532 0.228755
0 0.569155 0.790495 0.277931 0.397677
0 0.021854 0.170371 0.042149 0.172079
0 0.306285 0.955674 0.064597 0.088651
0 0.391612 0.247343 0.048759 0.217853
0 0.312352 0.039632 0.048979 0.077871
0 0.330948 0.162673 0.041989 0.178607
0 0.324869 0.620748 0.056756 0.079210
0 0.031031 0.332788 0.054589 0.204280
0 0.953099 0.333083 0.046947 0.208665
0 0.347484 0.026796 0.041324 0.051764
0 0.218557 0.544739 0.060464 0.073150
0 0.385032 0.031955 0.040192 0.063198
0 0.032290 0.026840 0.034149 0.052854
1 0.674841 0.795818 0.486861 0.408363
1 0.216382 0.790802 0.432264 0.417434
2 0.811961 0.393849 0.232979 0.361922
2 0.530476 0.387599 0.190253 0.309659
