0 0.417153 0.157967 0.054103 0.135650
0 0.115677 0.035280 0.050818 0.070507
0 0.364083 0.228963 0.051228 0.234717
0 0.641522 0.094774 0.047102 0.180544
0 0.211600 0.241669 0.055739 0.215150
0 0.543953 0.595027 0.217750 0.351300
0 0.547035 0.091360 0.035096 0.179956
0 0.128360 0.156310 0.051353 0.187103
0 0.294007 0.029483 0.040329 0.058967
0 0.807071 0.257143 0.054034 0.118330
0 0.589686 0.135635 0.048533 0.171892
0 0.347080 0.111770 0.055190 0.186331
0 0.232083 0.703114 0.420682 0.593773
0 0.263962 0.025858 0.041448 0.051471
0 0.302224 0.164256 0.046864 0.197132
0 0.226821 0.034259 0.045780 0.067337
0 0.268423 0.188351 0.043928 0.179870
0 0.392417 0.275849 0.034674 0.150691
0 0.597876 0.292031 0.059615 0.116919
1 0.850614 0.671869 0.295431 0.654307
1 0.825288 0.169777 0.271237 0.337762
