0 0.735956 0.647796 0.049067 0.206689
0 0.709403 0.539655 0.047242 0.219063
0 0.328739 0.791425 0.055768 0.212928
0 0.652400 0.109548 0.047871 0.129187
0 0.653937 0.050194 0.050338 0.100352
0 0.392783 0.665876 0.048027 0.234999
0 0.372311 0.256717 0.048975 0.123625
0 0.422760 0.333435 0.048870 0.197250
0 0.456274 0.753863 0.051492 0.223346
0 0.482563 0.069125 0.045036 0.133306
0 0.163260 0.192682 0.043238 0.170383
0 0.515113 0.063045 0.039286 0.125490
0 0.544213 0.064687 0.033958 0.128851
0 0.438929 0.221878 0.046371 0.163887
0 0.953588 0.457141 0.044007 0.181539
0 0.530645 0.693116 0.056711 0.246876
0 0.882208 0.235521 0.042311 0.182474
0 0.253360 0.055205 0.030458 0.110410
0 0.513441 0.856081 0.064761 0.278004
0 0.918921 0.225965 0.034836 0.163075
0 0.473018 0.234189 0.046918 0.165281
0 0.638632 0.265785 0.048355 0.158636
0 0.979973 0.406154 0.039404 0.192137
0 0.252383 0.191254 0.030561 0.179606
0 0.768921 0.086231 0.046156 0.142137
0 0.499140 0.236093 0.039064 0.162279
0 0.915446 0.449413 0.042618 0.200498
0 0.414798 0.393687 0.053219 0.217092
0 0.213793 0.240963 0.038787 0.159923
0 0.887435 0.144784 0.035894 0.110889
0 0.557580 0.320453 0.044629 0.198203
0 0.838707 0.181354 0.036956 0.150215
0 0.779075 0.220129 0.042343 0.150630
0 0.953694 0.321183 0.037861 0.127842
0 0.192962 0.075042 0.036565 0.103724
0 0.223868 0.377073 0.052055 0.199318
0 0.222784 0.058169 0.033855 0.087065
0 0.068300 0.482683 0.058646 0.213029
0 0.216229 0.418875 0.054644 0.212847
2 0.692541 0.433740 0.139361 0.256182
