0 0.567411 0.494722 0.035604 0.215679
0 0.017202 0.400768 0.034275 0.236759
0 0.922691 0.202413 0.051877 0.131128
0 0.620932 0.055738 0.050803 0.111476
0 0.301648 0.077960 0.049109 0.155920
0 0.369821 0.098104 0.052718 0.139056
0 0.347300 0.501566 0.053558 0.197596
0 0.870899 0.273935 0.045760 0.175472
0 0.813670 0.178323 0.044970 0.185640
0 0.664294 0.252055 0.051433 0.195672
0 0.203086 0.518794 0.064083 0.162241
0 0.847992 0.161406 0.045980 0.179452
0 0.260535 0.083905 0.048190 0.167810
0 0.854542 0.334829 0.053130 0.209711
0 0.729320 0.216328 0.054768 0.212334
0 0.086503 0.102054 0.053515 0.189713
0 0.805663 0.039039 0.046554 0.077859
0 0.277349 0.555321 0.060872 0.087926
0 0.317038 0.171972 0.051410 0.227044
0 0.325151 0.245009 0.061258 0.225522
0 0.784188 0.185603 0.041184 0.172638
0 0.171704 0.161506 0.047835 0.219301
0 0.619747 0.016542 0.052033 0.033084
0 0.770673 0.031481 0.041367 0.062369
0 0.739591 0.036293 0.039294 0.072435
0 0.534229 0.117217 0.029744 0.182303
0 0.833578 0.834989 0.328671 0.330021
0 0.228769 0.093159 0.045548 0.186318
0 0.523117 0.220838 0.047445 0.198128
0 0.873279 0.562956 0.053419 0.072976
0 0.497166 0.052117 0.034211 0.104234
0 0.419316 0.579231 0.066567 0.043242
1 0.895345 0.798637 0.209228 0.401598
