0 0.741275 0.848410 0.163733 0.303181
0 0.431094 0.106204 0.051046 0.130818
0 0.111408 0.717430 0.222816 0.565141
0 0.258697 0.758410 0.239602 0.483181
0 0.323927 0.089339 0.046560 0.176280
0 0.362980 0.078567 0.049665 0.157134
0 0.859937 0.833126 0.082039 0.333747
0 0.382252 0.174995 0.045008 0.172412
0 0.367557 0.228751 0.053457 0.202804
0 0.553966 0.066224 0.033495 0.132448
0 0.518337 0.750770 0.281004 0.487515
0 0.177727 0.153426 0.054369 0.195728
0 0.643556 0.060129 0.031149 0.120257
0 0.293671 0.097372 0.044397 0.188109
0 0.597363 0.089642 0.043132 0.175274
0 0.241015 0.127081 0.053488 0.211447
0 0.018363 0.054627 0.036675 0.104323
0 0.586353 0.234958 0.056283 0.185977
0 0.078471 0.309477 0.050063 0.041876
1 0.829501 0.274404 0.340999 0.548808
1 0.329847 0.656955 0.656656 0.665343
