0 0.709609 0.540479 0.047014 0.217609
0 0.328921 0.793942 0.055468 0.215697
0 0.735709 0.648032 0.049011 0.207534
0 0.654232 0.050753 0.049620 0.100856
0 0.652655 0.110210 0.047158 0.129219
0 0.434610 0.381250 0.048771 0.199418
0 0.372314 0.256762 0.049218 0.126995
0 0.481081 0.069444 0.044773 0.137714
0 0.418411 0.320335 0.041782 0.163807
0 0.452719 0.867787 0.055741 0.245219
0 0.549530 0.904382 0.071241 0.191236
0 0.550594 0.749571 0.062442 0.234505
0 0.251411 0.193779 0.030367 0.169113
0 0.611872 0.307600 0.050989 0.184545
0 0.955730 0.207974 0.039988 0.139445
0 0.471354 0.231769 0.042607 0.174211
0 0.771691 0.165997 0.043532 0.146731
0 0.552364 0.259534 0.051438 0.204560
0 0.160747 0.188659 0.041818 0.174510
0 0.868776 0.177870 0.037906 0.174978
0 0.253755 0.060640 0.033010 0.117310
0 0.438726 0.213777 0.045590 0.171437
0 0.501630 0.237016 0.039886 0.164447
0 0.215352 0.233662 0.039509 0.165102
0 0.065709 0.521221 0.051695 0.226757
0 0.953188 0.346781 0.038147 0.193931
0 0.835316 0.137399 0.036205 0.154817
0 0.968035 0.603547 0.060571 0.213953
0 0.684899 0.942719 0.065168 0.113876
0 0.515685 0.063468 0.035833 0.125614
0 0.885932 0.396674 0.045276 0.205801
0 0.195916 0.065123 0.038489 0.128659
0 0.921863 0.409724 0.034687 0.167210
0 0.907920 0.269599 0.045084 0.145036
0 0.764923 0.087248 0.046460 0.143737
0 0.981276 0.362885 0.034674 0.190625
0 0.223611 0.052276 0.031806 0.093798
0 0.409438 0.670053 0.056279 0.219963
0 0.542384 0.068598 0.033977 0.136213
0 0.229798 0.365199 0.048766 0.185138
0 0.906188 0.172761 0.037261 0.146150
2 0.692608 0.435002 0.139386 0.253895
