0 0.709378 0.539759 0.047248 0.218681
0 0.735912 0.648204 0.048924 0.206766
0 0.328799 0.791457 0.055723 0.212253
0 0.652310 0.110002 0.048066 0.129668
0 0.653828 0.049940 0.050014 0.099879
0 0.393014 0.665358 0.047854 0.233898
0 0.372331 0.256824 0.048901 0.123920
0 0.422750 0.333810 0.048779 0.199154
0 0.456131 0.752570 0.050961 0.222826
0 0.482590 0.070551 0.045070 0.134986
0 0.515542 0.064031 0.038854 0.126827
0 0.162931 0.194294 0.043944 0.170243
0 0.529836 0.695355 0.056558 0.255446
0 0.544543 0.064918 0.033936 0.128082
0 0.438919 0.222072 0.046251 0.162298
0 0.881827 0.235642 0.041843 0.182057
0 0.513806 0.855541 0.065206 0.278166
0 0.253697 0.055435 0.030857 0.110870
0 0.953864 0.457297 0.044657 0.181774
0 0.979220 0.406498 0.041205 0.192217
0 0.473806 0.234870 0.047640 0.162796
0 0.639567 0.264547 0.048051 0.159028
0 0.768881 0.087336 0.046292 0.142027
0 0.918458 0.224945 0.034236 0.163605
0 0.414096 0.391522 0.055301 0.214649
0 0.252249 0.192867 0.030604 0.182047
0 0.917629 0.452633 0.040605 0.204363
0 0.839149 0.183026 0.037135 0.152118
0 0.887418 0.144801 0.035609 0.107155
0 0.500287 0.237666 0.039983 0.166640
0 0.557955 0.320937 0.044954 0.199167
0 0.954232 0.323255 0.037376 0.130564
0 0.215036 0.249685 0.037055 0.159686
0 0.779282 0.221205 0.042907 0.150391
0 0.192723 0.074067 0.036014 0.099741
0 0.222368 0.057322 0.034464 0.089642
0 0.223972 0.380351 0.051697 0.202863
0 0.217902 0.418833 0.055503 0.211225
2 0.692212 0.433525 0.138653 0.255278
