0 0.783903 0.833253 0.051933 0.221422
0 0.056585 0.242803 0.048477 0.218135
0 0.704913 0.693613 0.051564 0.237810
0 0.028457 0.299496 0.053659 0.099581
0 0.648157 0.224500 0.204067 0.251177
0 0.654791 0.891886 0.064540 0.215514
0 0.353477 0.073243 0.047303 0.145669
0 0.555121 0.792533 0.064395 0.239755
0 0.552991 0.924988 0.075002 0.150025
0 0.694619 0.401249 0.043234 0.101784
0 0.732399 0.076104 0.133629 0.136570
0 0.662320 0.412346 0.055765 0.125511
0 0.380512 0.301793 0.049896 0.095171
0 0.250665 0.306742 0.064452 0.086085
0 0.365628 0.104206 0.061092 0.208412
0 0.918396 0.235504 0.163207 0.228515
0 0.211797 0.071390 0.053925 0.142780
0 0.446199 0.934418 0.055635 0.131164
0 0.258601 0.038954 0.037169 0.077907
0 0.499141 0.385974 0.046803 0.070476
0 0.904499 0.393283 0.045835 0.086678
0 0.128360 0.021096 0.050268 0.041877
1 0.706938 0.175999 0.570299 0.351305
