0 0.326459 0.812226 0.269387 0.370944
0 0.405238 0.055373 0.048742 0.110747
0 0.118673 0.196161 0.049471 0.123764
0 0.166531 0.262972 0.043601 0.168166
0 0.406861 0.018050 0.051336 0.035502
0 0.223946 0.176780 0.046570 0.170582
0 0.230881 0.041431 0.048380 0.082863
0 0.520978 0.048013 0.045422 0.096027
0 0.188417 0.159906 0.050086 0.168472
0 0.528360 0.111242 0.044351 0.139456
0 0.185885 0.315685 0.045980 0.184046
0 0.594178 0.084257 0.037253 0.163054
0 0.252696 0.180098 0.039393 0.175141
0 0.790164 0.648533 0.045139 0.140567
0 0.265906 0.030671 0.035348 0.061065
0 0.379366 0.222210 0.049098 0.167349
0 0.305125 0.233388 0.048179 0.203038
0 0.634877 0.148172 0.043457 0.181028
0 0.290521 0.034642 0.036743 0.069049
0 0.296470 0.041817 0.040444 0.083623
0 0.649930 0.335360 0.019541 0.145008
0 0.006032 0.143402 0.012042 0.159456
0 0.634836 0.083220 0.041304 0.152817
2 0.442776 0.331244 0.137592 0.160720
1 0.830735 0.201146 0.338433 0.400394
1 0.351285 0.202573 0.630105 0.405145
1 0.226121 0.697180 0.451979 0.579983
