0 0.216932 0.156023 0.037172 0.091813
0 0.136550 0.146773 0.035345 0.128357
0 0.131786 0.037108 0.033571 0.074217
0 0.163952 0.131439 0.036979 0.126368
0 0.105745 0.034053 0.032024 0.068107
0 0.013777 0.155917 0.027555 0.131316
0 0.374592 0.108938 0.033141 0.128387
0 0.177837 0.207557 0.038262 0.169459
0 0.340109 0.152328 0.032484 0.134335
0 0.112655 0.153106 0.030329 0.128402
0 0.309115 0.103734 0.026658 0.125249
0 0.072120 0.199937 0.036962 0.147781
0 0.080800 0.042599 0.033275 0.085197
0 0.183735 0.253501 0.042481 0.152943
0 0.007481 0.050257 0.014924 0.097218
0 0.335143 0.262972 0.042512 0.142227
0 0.355507 0.029758 0.025005 0.059515
0 0.841024 0.321562 0.012378 0.059479
0 0.993048 0.303516 0.011003 0.054270
0 0.311254 0.019643 0.026912 0.039286
0 0.895545 0.329731 0.010144 0.051402
0 0.838894 0.322971 0.010118 0.057779
0 0.781995 0.348405 0.012072 0.059604
2 0.013203 0.276123 0.026385 0.172686
