0 0.135080 0.834306 0.075269 0.329886
0 0.119171 0.264235 0.045610 0.234060
0 0.170203 0.178974 0.051347 0.138020
0 0.779284 0.413004 0.380328 0.510503
0 0.200565 0.834046 0.074174 0.328957
0 0.069606 0.834556 0.070922 0.329840
0 0.026311 0.835102 0.052621 0.329796
0 0.115533 0.133781 0.045900 0.134494
0 0.150764 0.332898 0.045800 0.200747
0 0.260902 0.834763 0.082721 0.329429
0 0.020123 0.566047 0.040207 0.207519
0 0.290806 0.078512 0.037276 0.156630
0 0.079630 0.592676 0.052745 0.154105
0 0.044621 0.060671 0.035473 0.121342
0 0.019726 0.229400 0.038734 0.175842
0 0.353076 0.834774 0.114784 0.329748
0 0.323121 0.243284 0.034304 0.180510
0 0.017267 0.052799 0.034027 0.105598
0 0.346434 0.179684 0.038267 0.168450
0 0.057400 0.222738 0.041925 0.193315
0 0.341069 0.379045 0.057227 0.202047
0 0.372394 0.141078 0.037060 0.195104
0 0.328546 0.067972 0.036236 0.133785
0 0.149642 0.023501 0.040730 0.045509
0 0.118892 0.022925 0.038567 0.044766
0 0.393742 0.115066 0.028934 0.169647
0 0.319387 0.835162 0.071871 0.328703
0 0.075194 0.617271 0.060193 0.103330
1 0.213367 0.835678 0.425016 0.323484
