0 0.735641 0.648213 0.048708 0.205835
0 0.329131 0.792244 0.055328 0.212131
0 0.709628 0.540096 0.047045 0.218217
0 0.653985 0.050523 0.049932 0.100746
0 0.652381 0.110125 0.047616 0.129318
0 0.434402 0.384741 0.048836 0.194934
0 0.481603 0.071670 0.045281 0.141498
0 0.968353 0.600318 0.062362 0.212629
0 0.372120 0.257752 0.049209 0.125158
0 0.541084 0.710400 0.058439 0.200673
0 0.419148 0.325364 0.043377 0.167484
0 0.450638 0.827105 0.051586 0.253874
0 0.952804 0.200943 0.038199 0.152064
0 0.539657 0.887845 0.067610 0.224309
0 0.162027 0.189562 0.043182 0.167281
0 0.541647 0.065696 0.035479 0.131392
0 0.768555 0.089743 0.045234 0.148609
0 0.514067 0.061526 0.037869 0.122491
0 0.836328 0.141965 0.037414 0.155931
0 0.907040 0.165965 0.036434 0.134045
0 0.252973 0.188844 0.033165 0.177226
0 0.614330 0.300492 0.050826 0.184290
0 0.251392 0.057388 0.031655 0.114775
0 0.870181 0.168946 0.041670 0.176085
0 0.472808 0.238999 0.045760 0.174400
0 0.213686 0.239456 0.040446 0.158145
0 0.773345 0.172337 0.043718 0.137118
0 0.438052 0.216619 0.048844 0.167545
0 0.393984 0.666252 0.046901 0.227285
0 0.553772 0.278934 0.050172 0.203541
0 0.503767 0.245513 0.040018 0.176189
0 0.060436 0.499868 0.055023 0.215786
0 0.908061 0.264989 0.044784 0.143608
0 0.191682 0.066131 0.038241 0.118389
0 0.954061 0.350917 0.040539 0.195393
0 0.890546 0.411190 0.046112 0.215283
0 0.686746 0.941617 0.063612 0.116765
0 0.227640 0.371901 0.051931 0.186515
0 0.920373 0.402772 0.033418 0.174490
0 0.224777 0.055310 0.030683 0.098050
0 0.985721 0.380389 0.028501 0.212981
0 0.977167 0.361041 0.031828 0.204343
2 0.691904 0.435441 0.139080 0.255182
