0 0.251528 0.896915 0.053057 0.200714
0 0.281529 0.962605 0.055720 0.072020
0 0.781393 0.095585 0.054302 0.187900
0 0.186792 0.469046 0.059767 0.080210
0 0.678407 0.709204 0.246534 0.291154
0 0.075687 0.632077 0.053948 0.225719
0 0.160766 0.341486 0.059411 0.173888
0 0.143663 0.650743 0.055527 0.206746
0 0.762456 0.053284 0.050744 0.105644
0 0.324267 0.507429 0.047127 0.151865
0 0.203394 0.097935 0.055890 0.195870
0 0.021506 0.603256 0.042596 0.188038
0 0.188369 0.055416 0.051325 0.110323
0 0.315241 0.382245 0.061548 0.093251
0 0.339577 0.041965 0.058907 0.083853
0 0.544682 0.092322 0.063983 0.184643
0 0.754404 0.355381 0.057429 0.149407
0 0.979877 0.040039 0.039462 0.079735
0 0.912734 0.034184 0.053425 0.066867
0 0.898645 0.387645 0.059653 0.081707
0 0.980104 0.058035 0.039396 0.114141
