0 0.709640 0.540360 0.046829 0.217545
0 0.735593 0.647814 0.048496 0.207099
0 0.329187 0.793098 0.054812 0.212087
0 0.652399 0.109410 0.047112 0.127970
0 0.654043 0.050312 0.049746 0.100623
0 0.419859 0.335089 0.043010 0.223960
0 0.372707 0.257309 0.050227 0.123829
0 0.423826 0.211222 0.041730 0.127182
0 0.524787 0.625330 0.058010 0.219572
0 0.639210 0.252790 0.048377 0.174394
0 0.390247 0.399124 0.040768 0.187522
0 0.571775 0.381244 0.057356 0.206853
0 0.446064 0.769188 0.053530 0.255956
0 0.388566 0.068099 0.037039 0.134807
0 0.801032 0.261209 0.042271 0.147843
0 0.516988 0.110798 0.032548 0.150295
0 0.223684 0.149298 0.032239 0.130553
0 0.456327 0.658316 0.051131 0.184326
0 0.489197 0.119054 0.034447 0.158377
0 0.833138 0.067394 0.033469 0.134053
0 0.554978 0.128176 0.037072 0.147291
0 0.762626 0.061417 0.035199 0.121903
0 0.939112 0.516422 0.050025 0.221414
0 0.258145 0.149430 0.033812 0.170288
0 0.422788 0.069398 0.039419 0.136143
0 0.514644 0.313632 0.040058 0.159410
0 0.159104 0.195024 0.027456 0.167136
0 0.788840 0.055639 0.026843 0.111278
0 0.862073 0.212384 0.034228 0.144517
0 0.228893 0.310496 0.035180 0.174507
0 0.477164 0.299542 0.037190 0.174958
0 0.205760 0.257485 0.033347 0.153429
0 0.211321 0.447000 0.053548 0.206381
0 0.917124 0.152396 0.030999 0.124252
0 0.086473 0.381050 0.046177 0.195688
0 0.907570 0.274327 0.042083 0.180122
0 0.794386 0.125170 0.030324 0.114439
0 0.189695 0.074903 0.029304 0.083393
0 0.975315 0.522585 0.041908 0.212153
0 0.180828 0.227970 0.029885 0.166390
0 0.226343 0.042668 0.026485 0.083428
0 0.901706 0.164545 0.029739 0.116020
0 0.941755 0.256321 0.035342 0.154109
0 0.972721 0.419249 0.036880 0.110471
0 0.541060 0.057649 0.030450 0.113427
0 0.968241 0.401374 0.039307 0.096798
2 0.692290 0.435144 0.138639 0.258869
