0 0.384933 0.307010 0.039553 0.162619
0 0.100217 0.085418 0.040430 0.101015
0 0.183495 0.068057 0.035922 0.136113
0 0.303812 0.121008 0.043026 0.147903
0 0.138738 0.140724 0.035409 0.137103
0 0.208823 0.070116 0.032990 0.137149
0 0.153799 0.186953 0.041682 0.159653
0 0.157633 0.061390 0.035091 0.122781
0 0.404826 0.353485 0.036688 0.068891
0 0.253095 0.096251 0.042746 0.165818
0 0.130012 0.358938 0.045619 0.057941
0 0.006432 0.056385 0.012863 0.109168
0 0.986716 0.267548 0.011815 0.061587
0 0.820925 0.102572 0.010414 0.047570
0 0.858896 0.321509 0.012055 0.060946
0 0.796949 0.331583 0.010907 0.063748
0 0.292638 0.816699 0.120444 0.249642
1 0.720613 0.648656 0.558239 0.671269
1 0.720849 0.490355 0.558083 0.980709
2 0.369488 0.238341 0.116486 0.237107
