0 0.590685 0.408925 0.050363 0.210242
0 0.616588 0.298619 0.047061 0.218256
0 0.294086 0.529841 0.056191 0.214392
0 0.908998 0.102782 0.042743 0.205564
0 0.956822 0.037669 0.049987 0.075202
0 0.201638 0.089977 0.043823 0.179699
0 0.230445 0.402047 0.049607 0.241875
0 0.232675 0.130372 0.040852 0.196009
0 0.251107 0.026455 0.048366 0.052911
0 0.802686 0.376583 0.058485 0.213240
0 0.887937 0.526998 0.056046 0.258279
0 0.096718 0.395117 0.057772 0.237222
0 0.986641 0.555129 0.026598 0.210451
0 0.051339 0.108084 0.057060 0.216169
0 0.876500 0.418031 0.049456 0.193217
0 0.852532 0.073647 0.036833 0.147294
0 0.145700 0.844908 0.076347 0.196127
0 0.147664 0.534538 0.063226 0.268241
0 0.940019 0.160272 0.040174 0.188536
0 0.754764 0.137209 0.055961 0.205828
0 0.525328 0.046328 0.041423 0.092656
0 0.813378 0.077562 0.040043 0.154796
0 0.684765 0.048516 0.049957 0.097032
0 0.161970 0.465092 0.055696 0.255533
0 0.108192 0.059174 0.039576 0.118348
0 0.390399 0.277092 0.040457 0.235007
0 0.669437 0.898497 0.035905 0.112197
0 0.413954 0.059605 0.042974 0.119131
0 0.544899 0.905326 0.044369 0.128467
0 0.457200 0.027515 0.035982 0.053918
0 0.479015 0.927666 0.096441 0.144526
0 0.907520 0.014850 0.040234 0.029701
0 0.144539 0.057021 0.037568 0.114041
0 0.700773 0.895418 0.033713 0.086128
0 0.950131 0.462573 0.037931 0.210870
1 0.184815 0.830460 0.369629 0.320099
1 0.467090 0.828726 0.191512 0.324697
2 0.656464 0.274666 0.050836 0.092860
