0 0.709438 0.539888 0.047216 0.219000
0 0.736137 0.647278 0.048856 0.206648
0 0.328861 0.792199 0.055733 0.213585
0 0.652251 0.109453 0.047735 0.128818
0 0.653994 0.050159 0.049874 0.100319
0 0.393542 0.664969 0.048107 0.234565
0 0.372313 0.256540 0.048984 0.123946
0 0.422461 0.336340 0.048885 0.207339
0 0.456266 0.745330 0.051044 0.228394
0 0.483173 0.071109 0.044144 0.139206
0 0.529448 0.691670 0.057438 0.254185
0 0.254031 0.056106 0.030803 0.111285
0 0.515202 0.063615 0.037526 0.126533
0 0.543855 0.064178 0.034690 0.127189
0 0.438696 0.220332 0.049444 0.165777
0 0.639740 0.262374 0.046506 0.160444
0 0.882766 0.236956 0.041576 0.181541
0 0.513800 0.850830 0.065151 0.277481
0 0.920143 0.459167 0.040588 0.207797
0 0.955115 0.461351 0.043868 0.186918
0 0.476135 0.236168 0.046899 0.160730
0 0.252401 0.185526 0.030655 0.177299
0 0.769151 0.089906 0.045067 0.139413
0 0.501006 0.237940 0.036945 0.163590
0 0.887067 0.146492 0.034657 0.105067
0 0.980510 0.407070 0.037877 0.196696
0 0.413441 0.391704 0.057452 0.211601
0 0.161738 0.195926 0.044762 0.169650
0 0.780866 0.219974 0.042250 0.149467
0 0.918906 0.223741 0.034060 0.163478
0 0.213765 0.242151 0.038652 0.165031
0 0.557217 0.321000 0.045139 0.203821
0 0.193594 0.075966 0.035251 0.102572
0 0.839326 0.182144 0.037280 0.152957
0 0.955618 0.323208 0.034783 0.122104
0 0.223206 0.388243 0.050074 0.204244
0 0.925222 0.166659 0.033692 0.144096
0 0.221310 0.055008 0.034026 0.092620
0 0.217649 0.419760 0.055154 0.203156
2 0.692419 0.434349 0.139133 0.256921
