0 0.040182 0.431327 0.050783 0.234841
0 0.890130 0.788557 0.049133 0.205372
0 0.835826 0.739434 0.047326 0.197324
0 0.402383 0.126653 0.051400 0.133818
0 0.351358 0.209773 0.046587 0.241360
0 0.019797 0.537491 0.039303 0.201839
0 0.734451 0.728194 0.045223 0.168809
0 0.379836 0.539810 0.053863 0.199224
0 0.347717 0.077963 0.046045 0.141740
0 0.237432 0.534032 0.063203 0.210824
0 0.188891 0.249580 0.064706 0.248728
0 0.383882 0.281897 0.044800 0.207901
0 0.888164 0.673044 0.051011 0.064627
0 0.656798 0.882638 0.052040 0.234724
0 0.778243 0.726579 0.038403 0.169584
0 0.725396 0.930884 0.059092 0.138231
0 0.114641 0.123573 0.051682 0.180854
0 0.249679 0.178501 0.040758 0.180242
0 0.815072 0.956550 0.059579 0.086899
0 0.307897 0.564751 0.059123 0.149501
0 0.777903 0.379881 0.219131 0.519743
0 0.521656 0.053285 0.029597 0.106571
0 0.275239 0.026721 0.036587 0.053442
0 0.289040 0.171274 0.038801 0.195030
0 0.210704 0.027429 0.038112 0.054858
0 0.098689 0.018954 0.047047 0.037908
0 0.448284 0.614511 0.059129 0.050665
0 0.546026 0.049709 0.025289 0.099418
0 0.247214 0.023274 0.033325 0.046548
0 0.547983 0.295817 0.021299 0.253759
0 0.550204 0.186076 0.017891 0.188980
0 0.296632 0.602941 0.070838 0.072475
0 0.314895 0.846938 0.476323 0.259623
1 0.778444 0.317365 0.441576 0.634730
1 0.282478 0.821577 0.562975 0.356846
2 0.067167 0.318933 0.134334 0.268495
3 0.591376 0.823423 0.063374 0.290096
