0 0.390965 0.395626 0.051496 0.239728
0 0.419367 0.513557 0.055510 0.225025
0 0.068880 0.159426 0.046454 0.186337
0 0.086142 0.222326 0.056084 0.219802
0 0.665149 0.899519 0.060502 0.199418
0 0.022859 0.084210 0.045539 0.138069
0 0.286305 0.129019 0.056991 0.202401
0 0.219473 0.107171 0.057008 0.212057
0 0.635285 0.718445 0.056741 0.173592
0 0.889072 0.652934 0.047476 0.049051
0 0.128701 0.079384 0.049848 0.158768
0 0.205916 0.553796 0.065259 0.149727
0 0.836392 0.843058 0.047489 0.211625
0 0.630482 0.878378 0.043413 0.217465
0 0.460838 0.032264 0.044247 0.064025
0 0.162804 0.081203 0.044468 0.162406
0 0.783777 0.762713 0.052059 0.211975
0 0.090683 0.064826 0.052153 0.129653
0 0.717223 0.743019 0.044155 0.169773
0 0.681446 0.734769 0.047346 0.182846
0 0.562983 0.049460 0.032618 0.098920
0 0.990749 0.680867 0.018502 0.105771
0 0.050541 0.519572 0.052539 0.215160
0 0.751592 0.283232 0.340098 0.565080
0 0.588393 0.868614 0.019742 0.157492
1 0.285121 0.827505 0.562112 0.343457
2 0.931466 0.925450 0.132281 0.149100
1 0.649543 0.159093 0.134736 0.318187
1 0.788039 0.817887 0.418011 0.353745
2 0.373901 0.276808 0.151710 0.279765
1 0.793031 0.201434 0.412071 0.402868
