0 0.133210 0.079411 0.048056 0.127712
0 0.420150 0.228166 0.050113 0.126633
0 0.131489 0.034191 0.050609 0.068296
0 0.309375 0.054883 0.046005 0.109765
0 0.373311 0.296461 0.041100 0.166546
0 0.355616 0.357697 0.048741 0.204788
0 0.317778 0.207581 0.042704 0.172324
0 0.350747 0.190195 0.044976 0.172382
0 0.174937 0.278308 0.052065 0.187250
0 0.236502 0.240657 0.052569 0.204175
0 0.287977 0.211833 0.039237 0.170301
0 0.275137 0.047607 0.041346 0.094666
0 0.018051 0.139698 0.036016 0.154806
0 0.076633 0.435363 0.046429 0.059143
0 0.751179 0.181241 0.037210 0.064624
0 0.536466 0.155575 0.024595 0.177942
0 0.245758 0.050029 0.038733 0.098187
0 0.535061 0.041471 0.027240 0.082527
0 0.020975 0.060248 0.040225 0.115466
0 0.780313 0.177660 0.028592 0.054489
0 0.666541 0.208447 0.216130 0.168548
0 0.719382 0.173011 0.037082 0.064270
0 0.500233 0.036241 0.031759 0.072058
0 0.915207 0.282522 0.168832 0.364012
1 0.275048 0.733728 0.543157 0.532544
1 0.774760 0.450909 0.449652 0.848279
2 0.275695 0.732622 0.544233 0.534756
1 0.277202 0.245351 0.550716 0.490703
