0 0.167252 0.452073 0.048576 0.151101
0 0.521251 0.194714 0.051958 0.130241
0 0.226597 0.052926 0.049040 0.105852
0 0.470443 0.276698 0.045823 0.234036
0 0.241387 0.193967 0.051280 0.174804
0 0.467639 0.146442 0.044435 0.139140
0 0.399200 0.053080 0.039622 0.106160
0 0.368863 0.050241 0.041026 0.099844
0 0.225386 0.014921 0.051030 0.029842
0 0.031618 0.118896 0.044121 0.156784
0 0.335001 0.057835 0.045690 0.115670
0 0.487274 0.336773 0.062854 0.227510
0 0.313364 0.304756 0.055248 0.215339
0 0.373924 0.239272 0.039078 0.173688
0 0.495572 0.341260 0.045107 0.216943
0 0.412241 0.231707 0.039946 0.186689
0 0.086857 0.164052 0.040888 0.143458
0 0.671189 0.381824 0.033824 0.112669
1 0.299351 0.747720 0.598703 0.504559
2 0.186424 0.378696 0.147422 0.264918
