0 0.752102 0.613668 0.054041 0.240244
0 0.780939 0.744018 0.059777 0.265573
0 0.421580 0.438212 0.043936 0.118141
0 0.457567 0.452000 0.056731 0.145138
0 0.335526 0.894903 0.037351 0.206956
0 0.410394 0.756267 0.055414 0.253712
0 0.107314 0.124834 0.065622 0.248494
0 0.572894 0.863888 0.071100 0.260552
0 0.466556 0.925327 0.069003 0.148048
0 0.026175 0.176879 0.051799 0.252450
0 0.929650 0.451390 0.043964 0.142935
0 0.091050 0.251778 0.073626 0.255459
0 0.292134 0.700069 0.027297 0.220381
0 0.572676 0.963799 0.080641 0.071745
0 0.628463 0.419069 0.049092 0.078835
0 0.967345 0.445841 0.037511 0.134940
0 0.988538 0.456284 0.022925 0.147525
0 0.638272 0.114329 0.123011 0.228659
2 0.140893 0.763906 0.281190 0.384628
2 0.732076 0.511262 0.154084 0.252092
2 0.487270 0.124741 0.130686 0.140774
2 0.685670 0.174928 0.078892 0.115994
