0 0.709396 0.539885 0.047315 0.218962
0 0.736113 0.647179 0.049077 0.206668
0 0.328954 0.791994 0.055710 0.214023
0 0.652023 0.109762 0.047662 0.128845
0 0.653818 0.050436 0.049840 0.100872
0 0.393313 0.664782 0.047902 0.233747
0 0.372497 0.256669 0.048991 0.123765
0 0.422623 0.334629 0.048482 0.203169
0 0.456300 0.747058 0.050970 0.227816
0 0.482664 0.071329 0.044316 0.137938
0 0.529279 0.692229 0.057644 0.255993
0 0.515117 0.063292 0.038321 0.125500
0 0.543815 0.063774 0.034843 0.126927
0 0.254088 0.056472 0.030836 0.112659
0 0.438941 0.220196 0.049024 0.165138
0 0.514046 0.853620 0.065305 0.280595
0 0.162653 0.195337 0.043756 0.171130
0 0.955353 0.458587 0.044507 0.185470
0 0.882855 0.236019 0.042031 0.183139
0 0.639619 0.262148 0.046359 0.161371
0 0.919448 0.457647 0.040501 0.207924
0 0.475845 0.235897 0.047091 0.160540
0 0.252843 0.187409 0.031135 0.178848
0 0.767928 0.089029 0.045238 0.139687
0 0.412990 0.390782 0.056889 0.212864
0 0.499304 0.239348 0.038586 0.164961
0 0.980218 0.407274 0.038412 0.197589
0 0.918635 0.224193 0.033491 0.163075
0 0.887102 0.146285 0.034917 0.106249
0 0.779542 0.219668 0.041667 0.149435
0 0.213486 0.242381 0.039842 0.166678
0 0.839920 0.184180 0.036940 0.152742
0 0.557406 0.319451 0.045393 0.204975
0 0.192662 0.077228 0.034708 0.097434
0 0.954948 0.322583 0.034856 0.122722
0 0.223485 0.385641 0.050061 0.201952
0 0.220296 0.056046 0.033100 0.090675
0 0.926159 0.171963 0.032988 0.153378
0 0.218466 0.421945 0.053757 0.209473
2 0.692327 0.434727 0.138385 0.257362
