0 0.736035 0.647363 0.049239 0.207899
0 0.709182 0.539549 0.047514 0.218055
0 0.328688 0.791248 0.055875 0.212377
0 0.654247 0.049981 0.050435 0.099963
0 0.652390 0.109384 0.048212 0.130480
0 0.392562 0.665437 0.048401 0.234262
0 0.512083 0.856821 0.064568 0.282970
0 0.372429 0.256629 0.048878 0.124296
0 0.482736 0.069284 0.045447 0.134457
0 0.457068 0.776380 0.055487 0.246097
0 0.532630 0.703061 0.056011 0.241079
0 0.516862 0.061743 0.041152 0.122654
0 0.422199 0.327837 0.047592 0.180301
0 0.437414 0.219356 0.046480 0.163915
0 0.162564 0.194470 0.047252 0.163904
0 0.252342 0.056180 0.031952 0.111931
0 0.472814 0.235638 0.048180 0.168286
0 0.544592 0.064227 0.034021 0.128455
0 0.916223 0.222056 0.035002 0.170676
0 0.881659 0.231081 0.044248 0.184960
0 0.767847 0.084195 0.045156 0.141031
0 0.251335 0.192874 0.032138 0.176196
0 0.214439 0.239547 0.040691 0.161213
0 0.632414 0.274279 0.050211 0.165821
0 0.885520 0.147046 0.037684 0.121507
0 0.972756 0.395954 0.039536 0.199171
0 0.773771 0.172207 0.041856 0.136332
0 0.557084 0.325855 0.045971 0.203503
0 0.908106 0.438664 0.046015 0.203189
0 0.945026 0.441487 0.042825 0.189441
0 0.950258 0.310726 0.038477 0.129190
0 0.501514 0.236545 0.037495 0.165294
0 0.191715 0.077153 0.037353 0.101576
0 0.943246 0.189167 0.040421 0.163906
0 0.223987 0.377529 0.051811 0.200332
0 0.224035 0.060107 0.034895 0.097425
0 0.837041 0.141124 0.035136 0.152621
0 0.949248 0.196436 0.043709 0.156870
0 0.990729 0.397548 0.018542 0.196393
0 0.934827 0.184942 0.030498 0.152812
0 0.433578 0.379947 0.053093 0.206003
0 0.837020 0.176326 0.036018 0.145481
0 0.066723 0.490583 0.059150 0.197516
0 0.423343 0.390253 0.045884 0.210329
0 0.943974 0.306436 0.039509 0.122868
2 0.692134 0.433621 0.139342 0.255300
