0 0.328944 0.792778 0.055581 0.213340
0 0.735709 0.647798 0.048690 0.205821
0 0.709745 0.540376 0.046663 0.218893
0 0.654006 0.050730 0.049840 0.100775
0 0.652741 0.110746 0.047517 0.131648
0 0.434718 0.382359 0.049814 0.198898
0 0.372252 0.256901 0.049681 0.128433
0 0.481582 0.069914 0.045035 0.139063
0 0.418559 0.321574 0.041800 0.164590
0 0.451239 0.861031 0.053404 0.247497
0 0.612928 0.307510 0.051241 0.182673
0 0.549120 0.902262 0.070265 0.195477
0 0.549532 0.745690 0.062177 0.227231
0 0.967814 0.604649 0.060662 0.211920
0 0.552405 0.261646 0.052120 0.205904
0 0.251967 0.191666 0.030464 0.170049
0 0.955193 0.207050 0.040089 0.146267
0 0.471601 0.233800 0.042422 0.174287
0 0.773441 0.169485 0.044049 0.146578
0 0.214919 0.236360 0.038850 0.163203
0 0.515656 0.065101 0.036134 0.130201
0 0.869671 0.176565 0.039142 0.180596
0 0.252555 0.059866 0.032837 0.114914
0 0.161517 0.187451 0.042601 0.175776
0 0.686985 0.944671 0.065525 0.110223
0 0.953558 0.348117 0.041141 0.190894
0 0.767138 0.083859 0.045617 0.149516
0 0.835823 0.140319 0.036437 0.154048
0 0.439285 0.215456 0.046154 0.170174
0 0.542790 0.066732 0.034363 0.133465
0 0.886878 0.399195 0.048832 0.208362
0 0.064456 0.514655 0.051373 0.224936
0 0.906378 0.172872 0.036199 0.145035
0 0.502085 0.239160 0.039763 0.166115
0 0.908757 0.269301 0.044795 0.146566
0 0.195244 0.063750 0.038887 0.127147
0 0.415807 0.670341 0.053537 0.218418
0 0.920938 0.410303 0.034309 0.170148
0 0.222692 0.053456 0.030586 0.091406
0 0.229481 0.369126 0.049790 0.187157
0 0.982248 0.371997 0.034487 0.188822
2 0.692964 0.435706 0.139119 0.253121
