0 0.954383 0.206112 0.048179 0.224178
0 0.564607 0.464327 0.056719 0.219094
0 0.978031 0.316738 0.043638 0.212491
0 0.706138 0.679429 0.049232 0.129037
0 0.630106 0.333103 0.051651 0.246164
0 0.707203 0.631593 0.051643 0.082472
0 0.417327 0.832703 0.050280 0.128544
0 0.694510 0.457159 0.056715 0.261168
0 0.465572 0.905724 0.044285 0.181802
0 0.278279 0.931288 0.024127 0.137424
0 0.772121 0.372742 0.054784 0.241462
0 0.664826 0.878319 0.051694 0.188973
0 0.530401 0.649880 0.045140 0.125010
0 0.824092 0.660818 0.046327 0.142124
0 0.049034 0.667912 0.047966 0.158258
0 0.485947 0.791313 0.047260 0.170820
0 0.754576 0.490649 0.062452 0.195343
0 0.893767 0.718108 0.038540 0.155290
0 0.603187 0.848988 0.051633 0.207349
0 0.591498 0.647307 0.035954 0.119896
0 0.562966 0.642840 0.036283 0.108934
0 0.520197 0.809330 0.044424 0.178868
0 0.829140 0.745435 0.045667 0.143683
0 0.928024 0.746333 0.043114 0.186725
0 0.965660 0.742932 0.038617 0.144870
0 0.017870 0.658257 0.035579 0.140543
0 0.018828 0.818756 0.037656 0.197409
0 0.079187 0.674768 0.039837 0.168912
0 0.550941 0.819717 0.041583 0.183611
0 0.129256 0.724040 0.044453 0.208013
0 0.205625 0.713247 0.046632 0.168066
0 0.670808 0.075685 0.051141 0.151370
0 0.967203 0.842575 0.045160 0.149012
0 0.948450 0.932153 0.050617 0.135694
0 0.983322 0.948726 0.033357 0.102549
0 0.458272 0.073021 0.054472 0.146041
0 0.484613 0.930939 0.044320 0.138123
0 0.302773 0.763160 0.025749 0.173689
0 0.028209 0.194342 0.054171 0.222418
0 0.195757 0.087973 0.060942 0.175947
0 0.796601 0.034173 0.046922 0.067644
2 0.935220 0.111265 0.129187 0.222529
1 0.653614 0.795459 0.680647 0.408821
1 0.143791 0.293843 0.287534 0.586042
1 0.640848 0.295740 0.712794 0.591480
