0 0.067774 0.289484 0.047764 0.222025
0 0.456850 0.514661 0.057072 0.150866
0 0.041392 0.399200 0.050404 0.208735
0 0.798722 0.838223 0.194278 0.323554
0 0.413149 0.033030 0.048943 0.066060
0 0.234580 0.486838 0.063400 0.206113
0 0.540790 0.853994 0.075363 0.207311
0 0.347530 0.129126 0.047575 0.202598
0 0.460472 0.863156 0.077175 0.185890
0 0.164633 0.070540 0.052890 0.140371
0 0.364530 0.077197 0.044219 0.153835
0 0.066909 0.882140 0.080099 0.167978
0 0.136790 0.875772 0.072288 0.183419
0 0.229240 0.056485 0.050197 0.112971
0 0.292255 0.871729 0.080246 0.198166
0 0.367230 0.421569 0.055076 0.221962
0 0.334179 0.532136 0.057709 0.115003
0 0.877103 0.473817 0.120888 0.226017
0 0.208462 0.875363 0.073516 0.196528
0 0.424121 0.828883 0.059696 0.241505
0 0.498991 0.819288 0.063330 0.228936
0 0.061862 0.771148 0.081810 0.134867
0 0.310757 0.033335 0.042829 0.066670
0 0.564937 0.812152 0.070799 0.229782
0 0.372408 0.862994 0.071996 0.208093
0 0.281262 0.037230 0.037276 0.074460
0 0.560270 0.117827 0.051392 0.198339
0 0.205854 0.765042 0.067568 0.100771
0 0.265027 0.835849 0.051913 0.222549
0 0.138981 0.779638 0.072896 0.120519
0 0.682648 0.216018 0.056454 0.243948
0 0.346236 0.829745 0.065466 0.243286
0 0.576887 0.029133 0.038929 0.058267
0 0.921250 0.281022 0.058256 0.300531
0 0.877092 0.316024 0.039909 0.214406
0 0.834798 0.287005 0.054707 0.332291
0 0.809193 0.284477 0.044143 0.344669
0 0.347379 0.779279 0.067983 0.142291
1 0.299446 0.499360 0.597256 0.990829
2 0.085450 0.185625 0.149704 0.284953
1 0.800612 0.225973 0.397381 0.450569
