0 0.386128 0.913043 0.059707 0.173914
0 0.199468 0.190864 0.053033 0.220006
0 0.227590 0.096381 0.049914 0.191798
0 0.318581 0.803071 0.052764 0.254456
0 0.178168 0.801897 0.062758 0.251464
0 0.471633 0.352301 0.067449 0.256831
0 0.758951 0.791548 0.124497 0.416868
0 0.422882 0.214567 0.064386 0.246227
0 0.489881 0.293653 0.056921 0.278518
0 0.246131 0.874693 0.057655 0.250613
0 0.554165 0.213544 0.033604 0.261325
0 0.229278 0.905114 0.067427 0.189772
0 0.320078 0.552806 0.041441 0.144411
0 0.131493 0.541113 0.057727 0.120853
0 0.289171 0.527357 0.046047 0.094937
0 0.511613 0.571116 0.066424 0.182686
0 0.004469 0.671610 0.008938 0.228349
0 0.009390 0.112007 0.018779 0.224014
1 0.268209 0.053968 0.061408 0.096826
2 0.037551 0.587835 0.074269 0.219800
2 0.755474 0.819330 0.228469 0.355897
