0 0.735927 0.648258 0.048939 0.205081
0 0.709625 0.539849 0.046764 0.218259
0 0.329023 0.791999 0.055526 0.213114
0 0.654100 0.050131 0.049989 0.100263
0 0.652341 0.110242 0.047777 0.130507
0 0.481133 0.068420 0.046110 0.135533
0 0.372295 0.257254 0.048901 0.124401
0 0.393363 0.662403 0.047713 0.231868
0 0.538476 0.705505 0.057315 0.202325
0 0.969339 0.603824 0.059894 0.209276
0 0.418360 0.322765 0.041682 0.163438
0 0.433547 0.382440 0.047304 0.195331
0 0.767931 0.087632 0.044047 0.143192
0 0.514509 0.061609 0.038955 0.122644
0 0.542128 0.064717 0.033547 0.129195
0 0.454732 0.809722 0.054937 0.255641
0 0.474366 0.235975 0.045553 0.178298
0 0.252372 0.191260 0.033109 0.174614
0 0.953326 0.201190 0.039135 0.154093
0 0.250934 0.056013 0.031385 0.112026
0 0.161484 0.187469 0.042824 0.165610
0 0.835377 0.142398 0.036837 0.150276
0 0.214964 0.237188 0.041924 0.162430
0 0.772123 0.169525 0.040669 0.136286
0 0.438352 0.217361 0.051106 0.171258
0 0.528069 0.879789 0.069724 0.240423
0 0.689168 0.943896 0.067707 0.112208
0 0.191809 0.070859 0.037426 0.110037
0 0.952539 0.355939 0.039676 0.205350
0 0.552654 0.289417 0.045881 0.196392
0 0.909491 0.271217 0.045933 0.144252
0 0.503415 0.243110 0.039849 0.179489
0 0.908999 0.169102 0.035879 0.133658
0 0.872978 0.173538 0.041617 0.172110
0 0.894956 0.420281 0.048234 0.211137
0 0.614706 0.300141 0.052594 0.191756
0 0.063061 0.500597 0.055136 0.220057
0 0.224882 0.378429 0.054704 0.193706
0 0.937786 0.426485 0.037707 0.178999
0 0.225076 0.057690 0.031600 0.094530
0 0.622743 0.289520 0.047545 0.174254
0 0.979996 0.373514 0.035873 0.207923
0 0.920869 0.406971 0.034524 0.169100
0 0.875816 0.153540 0.039939 0.158501
2 0.692609 0.434843 0.139912 0.255008
