0 0.183891 0.915846 0.060273 0.168309
0 0.587926 0.324600 0.049406 0.233521
0 0.590108 0.676531 0.050175 0.230028
0 0.253090 0.810188 0.052764 0.248720
0 0.609887 0.423496 0.040684 0.192663
0 0.611653 0.790204 0.038128 0.219742
0 0.228610 0.044752 0.050406 0.089503
0 0.294824 0.156869 0.051855 0.218935
0 0.277436 0.092536 0.044586 0.170641
0 0.902839 0.294724 0.190652 0.456440
0 0.320901 0.902447 0.059752 0.195107
0 0.485983 0.085895 0.055094 0.169833
0 0.402909 0.849565 0.060378 0.258939
0 0.419612 0.071021 0.052706 0.141370
0 0.380869 0.934624 0.065298 0.130753
0 0.833632 0.679448 0.081383 0.268295
0 0.365481 0.048838 0.040135 0.097152
0 0.334610 0.046375 0.043881 0.092193
0 0.270888 0.434678 0.052551 0.170786
0 0.414543 0.472269 0.065108 0.094596
0 0.059010 0.042732 0.040287 0.085263
0 0.298291 0.036253 0.046735 0.072127
0 0.101308 0.023487 0.031946 0.046868
0 0.072909 0.144931 0.058003 0.201591
0 0.292351 0.563732 0.052568 0.087866
0 0.740263 0.294934 0.219739 0.449592
0 0.270235 0.555802 0.048902 0.071746
0 0.071639 0.563961 0.058731 0.090441
2 0.561456 0.206329 0.134442 0.295626
1 0.813732 0.257530 0.371865 0.515061
