0 0.176056 0.181452 0.057527 0.140112
0 0.122866 0.258396 0.045935 0.189027
0 0.181787 0.770800 0.363573 0.458400
0 0.102700 0.325894 0.055096 0.229979
0 0.453280 0.260811 0.067879 0.282189
0 0.060749 0.156551 0.049858 0.198054
0 0.657843 0.281832 0.080305 0.292424
0 0.511496 0.255934 0.083626 0.278823
0 0.097427 0.133658 0.053435 0.201608
0 0.926539 0.277606 0.146922 0.352566
0 0.313425 0.108876 0.033475 0.201254
0 0.728609 0.315122 0.094631 0.247507
0 0.588354 0.270073 0.083367 0.271083
0 0.357864 0.166260 0.041562 0.182114
0 0.824001 0.320303 0.117520 0.253546
0 0.710459 0.159101 0.091743 0.163424
0 0.026845 0.162396 0.047503 0.199836
0 0.338724 0.302099 0.055673 0.196033
0 0.405484 0.103547 0.029123 0.189669
0 0.794841 0.188804 0.062559 0.095478
0 0.862938 0.196108 0.077965 0.111987
0 0.053876 0.026676 0.050128 0.050366
0 0.825650 0.166020 0.042063 0.059914
1 0.571859 0.735401 0.304896 0.529197
