0 0.203513 0.330627 0.061045 0.236718
0 0.710534 0.752853 0.121174 0.484428
0 0.846669 0.776315 0.094902 0.444765
0 0.622060 0.085086 0.048712 0.170171
0 0.767884 0.198810 0.047640 0.181397
0 0.716874 0.128590 0.053487 0.134420
0 0.906288 0.764818 0.084477 0.470363
0 0.789666 0.754155 0.090342 0.483997
0 0.635697 0.169692 0.023517 0.224033
0 0.274681 0.192717 0.053146 0.261649
0 0.971958 0.753019 0.056046 0.493962
0 0.344614 0.286315 0.057072 0.252426
0 0.790287 0.088484 0.052894 0.175593
0 0.407021 0.375984 0.076670 0.264553
0 0.426802 0.223749 0.063525 0.279382
0 0.829399 0.103142 0.050022 0.181952
0 0.786825 0.265258 0.053091 0.219444
0 0.915378 0.168323 0.050766 0.216351
0 0.860420 0.108805 0.042281 0.192957
0 0.955033 0.584455 0.071703 0.147992
0 0.739161 0.475060 0.052835 0.069279
0 0.986868 0.152247 0.026264 0.197299
0 0.274000 0.894812 0.026257 0.074853
1 0.825978 0.750263 0.347531 0.495891
