0 0.347528 0.293101 0.044233 0.167344
0 0.364729 0.355690 0.049499 0.204515
0 0.300045 0.225480 0.050790 0.130876
0 0.492437 0.867072 0.062530 0.188556
0 0.541141 0.863770 0.052247 0.179524
0 0.854412 0.857065 0.045812 0.175608
0 0.176943 0.159945 0.033778 0.183740
0 0.893712 0.865025 0.050636 0.175343
0 0.587687 0.856220 0.051543 0.186323
0 0.973451 0.853501 0.052566 0.203339
0 0.816931 0.858821 0.045351 0.171432
0 0.934596 0.855920 0.059819 0.196786
0 0.729618 0.328680 0.537645 0.656972
0 0.412744 0.051316 0.046583 0.102631
0 0.083199 0.151734 0.045462 0.178611
0 0.369644 0.185777 0.046335 0.171047
0 0.625138 0.859407 0.038960 0.190279
0 0.403850 0.197315 0.043325 0.173052
0 0.136915 0.206877 0.041599 0.165594
0 0.336685 0.593328 0.049349 0.111809
0 0.434791 0.199958 0.041907 0.170599
0 0.776972 0.859970 0.046789 0.179833
0 0.707772 0.790541 0.036211 0.054212
0 0.177311 0.039392 0.030677 0.078784
0 0.669327 0.788691 0.038396 0.063894
0 0.150741 0.345535 0.053926 0.195052
0 0.748054 0.859636 0.049353 0.188302
0 0.116069 0.041431 0.037946 0.082862
0 0.743384 0.780342 0.031147 0.043078
0 0.444599 0.045339 0.032190 0.090678
0 0.148667 0.031775 0.031425 0.062771
0 0.425577 0.199699 0.053631 0.176248
1 0.729689 0.498678 0.540053 0.995222
1 0.229243 0.830856 0.455044 0.332641
