0 0.166574 0.315672 0.051734 0.216947
0 0.680573 0.919585 0.050989 0.160296
0 0.707292 0.833991 0.047626 0.222475
0 0.193403 0.202642 0.048094 0.223501
0 0.849818 0.662981 0.060104 0.223860
0 0.385575 0.316088 0.059843 0.232306
0 0.452106 0.354916 0.058188 0.196458
0 0.898276 0.903529 0.058557 0.192942
0 0.336676 0.074138 0.060424 0.148277
0 0.909125 0.613510 0.039274 0.126510
0 0.434667 0.442318 0.066887 0.215563
0 0.778027 0.590778 0.052295 0.081770
0 0.970741 0.928917 0.053059 0.142167
0 0.491237 0.051201 0.043321 0.102395
0 0.948875 0.613599 0.039404 0.126560
0 0.614894 0.587659 0.044503 0.076355
0 0.782830 0.409364 0.080104 0.276724
0 0.394200 0.025471 0.036962 0.050048
0 0.991467 0.646517 0.017066 0.190272
2 0.723788 0.725097 0.153083 0.270638
