0 0.300115 0.450241 0.056386 0.180229
0 0.236483 0.337697 0.049799 0.240206
0 0.648944 0.765193 0.080838 0.294967
0 0.237111 0.084483 0.039115 0.167959
0 0.056619 0.074122 0.056800 0.148244
0 0.207561 0.058394 0.041393 0.113717
0 0.099873 0.334030 0.059525 0.237692
0 0.166368 0.406417 0.054744 0.251724
0 0.149059 0.440089 0.064186 0.199148
0 0.891697 0.936974 0.079452 0.126052
0 0.834882 0.758355 0.041107 0.168914
0 0.417088 0.116399 0.058728 0.222625
0 0.113106 0.028930 0.032349 0.057861
0 0.410882 0.029479 0.037833 0.055786
0 0.007230 0.082714 0.014459 0.165429
1 0.300915 0.806508 0.601830 0.386983
