0 0.735736 0.648115 0.048426 0.205529
0 0.709781 0.540279 0.046752 0.218942
0 0.329129 0.792453 0.055457 0.212669
0 0.654101 0.050446 0.050014 0.100693
0 0.652605 0.110240 0.047793 0.129900
0 0.434849 0.384312 0.050174 0.197109
0 0.372216 0.256872 0.049630 0.128391
0 0.481887 0.070187 0.044842 0.139366
0 0.968376 0.605534 0.061885 0.207898
0 0.418923 0.324758 0.042984 0.167008
0 0.614523 0.302380 0.050032 0.180984
0 0.545438 0.731350 0.060763 0.220814
0 0.544755 0.894841 0.065447 0.210318
0 0.515564 0.062954 0.038575 0.125908
0 0.252005 0.193689 0.032873 0.177639
0 0.450005 0.840063 0.053014 0.248260
0 0.470900 0.233354 0.043744 0.176501
0 0.953861 0.203518 0.037690 0.154124
0 0.766995 0.087112 0.043975 0.146232
0 0.836160 0.142266 0.036963 0.154093
0 0.542862 0.065619 0.032998 0.129970
0 0.251874 0.059218 0.032274 0.114476
0 0.214466 0.241237 0.038764 0.158338
0 0.161030 0.186730 0.043171 0.170605
0 0.869854 0.177694 0.039858 0.180372
0 0.772264 0.171707 0.041695 0.137859
0 0.888646 0.400519 0.045430 0.201608
0 0.502161 0.238928 0.040452 0.169035
0 0.553086 0.274391 0.050273 0.198916
0 0.438184 0.217757 0.045368 0.165863
0 0.908082 0.266142 0.043056 0.148218
0 0.955062 0.350263 0.039177 0.192048
0 0.907069 0.167726 0.036896 0.138723
0 0.062169 0.504924 0.054581 0.207757
0 0.689017 0.942599 0.063482 0.114013
0 0.229012 0.376765 0.049649 0.189559
0 0.412411 0.670052 0.056892 0.221351
0 0.192662 0.065916 0.039374 0.119081
0 0.921632 0.404553 0.034262 0.178177
0 0.223962 0.055213 0.030045 0.094506
0 0.981471 0.363370 0.034781 0.204361
2 0.692554 0.435438 0.138684 0.253785
1 0.248740 0.105074 0.148579 0.202180
