0 0.329330 0.792238 0.055140 0.212791
0 0.735596 0.647583 0.048774 0.206771
0 0.709686 0.540323 0.046671 0.218392
0 0.651818 0.109944 0.046486 0.128574
0 0.419999 0.335322 0.044284 0.220700
0 0.654082 0.049918 0.049320 0.099837
0 0.422818 0.210612 0.042404 0.127608
0 0.371907 0.257367 0.048693 0.122872
0 0.523973 0.646050 0.058939 0.227083
0 0.473402 0.801888 0.062705 0.274781
0 0.393578 0.662322 0.047538 0.234953
0 0.639393 0.253683 0.046690 0.169802
0 0.458208 0.686140 0.053412 0.194214
0 0.761264 0.054785 0.036651 0.109569
0 0.388303 0.399664 0.041835 0.188214
0 0.571701 0.381041 0.053544 0.216856
0 0.553835 0.117339 0.038049 0.150960
0 0.514810 0.310100 0.037296 0.161070
0 0.855861 0.201546 0.035541 0.149632
0 0.491240 0.112672 0.034121 0.162368
0 0.260947 0.147476 0.033708 0.169656
0 0.894388 0.253735 0.038691 0.167320
0 0.205815 0.249288 0.033680 0.153613
0 0.775511 0.143332 0.047268 0.163731
0 0.518504 0.107690 0.031383 0.146911
0 0.786578 0.051122 0.026404 0.102245
0 0.161752 0.189538 0.029398 0.156298
0 0.477153 0.300509 0.036215 0.174647
0 0.083807 0.392621 0.045196 0.190097
0 0.929322 0.244145 0.036884 0.147408
0 0.921481 0.461912 0.041948 0.199494
0 0.900412 0.170158 0.032199 0.104960
0 0.791906 0.241574 0.035777 0.119483
0 0.915406 0.148161 0.033678 0.128385
0 0.224500 0.306916 0.034416 0.171672
0 0.231120 0.149633 0.032924 0.150514
0 0.958642 0.466830 0.046227 0.183367
0 0.985210 0.420022 0.029454 0.186679
0 0.226809 0.050656 0.030551 0.099376
0 0.187749 0.078321 0.030556 0.079184
0 0.212635 0.449376 0.057570 0.209455
0 0.960126 0.326368 0.031125 0.117112
0 0.180677 0.230740 0.027340 0.152814
0 0.796067 0.253945 0.038774 0.145866
2 0.691973 0.435157 0.137933 0.258139
