0 0.736120 0.647479 0.049017 0.206806
0 0.709249 0.539405 0.047358 0.218006
0 0.328675 0.791322 0.055939 0.212586
0 0.653978 0.050025 0.050763 0.100051
0 0.652304 0.109837 0.047979 0.130011
0 0.392679 0.665033 0.048830 0.234092
0 0.372207 0.256683 0.048827 0.124202
0 0.511763 0.857271 0.066601 0.283027
0 0.482952 0.070830 0.045219 0.138905
0 0.457687 0.779160 0.056867 0.246141
0 0.532656 0.703293 0.056396 0.239166
0 0.516970 0.064066 0.041594 0.126669
0 0.437715 0.219574 0.046361 0.164089
0 0.421395 0.325684 0.045859 0.175376
0 0.162204 0.194072 0.046404 0.162029
0 0.768198 0.083520 0.045465 0.143742
0 0.252233 0.056774 0.031822 0.112912
0 0.472857 0.236385 0.048424 0.164034
0 0.881244 0.226807 0.044820 0.184678
0 0.544731 0.065655 0.033971 0.131296
0 0.915998 0.221466 0.034634 0.170526
0 0.251600 0.189847 0.032446 0.178106
0 0.774086 0.169290 0.042834 0.141872
0 0.630950 0.276090 0.049198 0.166591
0 0.214189 0.237850 0.042280 0.162886
0 0.905859 0.437290 0.048672 0.203979
0 0.949306 0.196717 0.042658 0.153366
0 0.885170 0.151517 0.038962 0.132594
0 0.944246 0.440259 0.043065 0.186547
0 0.435224 0.379549 0.052104 0.205710
0 0.191332 0.076808 0.037565 0.101492
0 0.556628 0.324969 0.045028 0.201269
0 0.971054 0.390113 0.038995 0.187835
0 0.947661 0.308970 0.039177 0.126371
0 0.836427 0.138591 0.034923 0.155188
0 0.501087 0.239245 0.037126 0.166589
0 0.224738 0.377043 0.050618 0.193041
0 0.224810 0.061580 0.033033 0.095356
0 0.066408 0.495914 0.058978 0.196894
0 0.990611 0.394377 0.018778 0.192000
2 0.691857 0.433899 0.139250 0.258759
