0 0.323882 0.395643 0.048492 0.214937
0 0.655619 0.863186 0.070165 0.273475
0 0.724144 0.866621 0.089247 0.265156
0 0.589168 0.865701 0.085879 0.268422
0 0.021341 0.187201 0.042683 0.235959
0 0.349882 0.453331 0.050150 0.094723
0 0.022038 0.063494 0.044003 0.126989
0 0.805622 0.851867 0.125139 0.293536
0 0.251001 0.107137 0.051187 0.174686
0 0.529349 0.815805 0.100013 0.363213
0 0.178975 0.235049 0.057559 0.229819
0 0.450859 0.800394 0.093790 0.397773
0 0.887975 0.817688 0.098524 0.348694
0 0.676410 0.710264 0.069871 0.147114
0 0.615601 0.711767 0.061198 0.161752
0 0.479310 0.204344 0.135004 0.218003
0 0.119351 0.161669 0.039980 0.174157
0 0.732634 0.702298 0.059567 0.126460
0 0.080174 0.148556 0.037816 0.186616
0 0.130694 0.448109 0.060440 0.102742
0 0.095537 0.020023 0.035296 0.040046
0 0.833013 0.717323 0.064480 0.153752
0 0.774283 0.684834 0.055027 0.122141
0 0.157126 0.018619 0.036208 0.037238
0 0.752496 0.302779 0.495009 0.400722
0 0.567920 0.719142 0.048743 0.127072
0 0.567800 0.752547 0.048462 0.198836
2 0.730550 0.719636 0.046927 0.064726
2 0.303350 0.315498 0.145458 0.319367
1 0.245158 0.580454 0.264977 0.829817
