0 0.780443 0.316930 0.239536 0.340747
0 0.574546 0.317363 0.187259 0.342304
0 0.328187 0.053705 0.050734 0.107410
0 0.736999 0.683321 0.182692 0.354297
0 0.349260 0.416810 0.054532 0.144668
0 0.374541 0.109220 0.043161 0.181543
0 0.382077 0.174542 0.034601 0.199994
0 0.159961 0.049339 0.036742 0.098679
0 0.015338 0.283835 0.030677 0.210846
0 0.174248 0.161216 0.052412 0.204902
0 0.103541 0.030521 0.040934 0.061041
0 0.386497 0.041771 0.035237 0.083541
0 0.202273 0.032237 0.031721 0.064474
0 0.065844 0.030319 0.035607 0.060057
0 0.964486 0.340118 0.070806 0.298340
0 0.169849 0.187277 0.055101 0.208534
1 0.700198 0.406627 0.599604 0.813254
