0 0.482904 0.892811 0.059635 0.214378
0 0.048319 0.744063 0.053036 0.219220
0 0.209119 0.359300 0.049367 0.159141
0 0.076549 0.629889 0.050247 0.230196
0 0.567380 0.093664 0.054024 0.132651
0 0.413972 0.761676 0.051622 0.253156
0 0.345688 0.886412 0.061538 0.226998
0 0.916294 0.273629 0.066839 0.328371
0 0.260135 0.801734 0.060363 0.227690
0 0.813474 0.266133 0.076114 0.346040
0 0.967539 0.268053 0.063489 0.329577
0 0.498766 0.073425 0.053185 0.146850
0 0.873356 0.263484 0.055484 0.344196
0 0.515675 0.171047 0.054615 0.250374
0 0.024733 0.083883 0.047556 0.167766
0 0.458663 0.084920 0.049662 0.169320
0 0.523716 0.240956 0.063965 0.236663
0 0.367638 0.504018 0.055774 0.127652
0 0.284040 0.096833 0.052119 0.179071
0 0.371345 0.166071 0.048156 0.220249
0 0.282793 0.922370 0.064459 0.155152
0 0.861527 0.101811 0.045611 0.128624
0 0.134475 0.067194 0.049697 0.134388
0 0.808126 0.099200 0.074116 0.145158
0 0.067487 0.046538 0.040570 0.093077
0 0.426228 0.094524 0.046932 0.186051
0 0.741837 0.220948 0.082558 0.438599
0 0.920552 0.118736 0.056469 0.119965
0 0.594309 0.504531 0.058750 0.128077
0 0.238158 0.470895 0.048264 0.061253
0 0.976944 0.266528 0.046113 0.326010
0 0.690351 0.053241 0.019550 0.104637
0 0.781013 0.617177 0.036733 0.148170
1 0.850407 0.221157 0.297931 0.436917
2 0.224732 0.286444 0.150251 0.286794
2 0.085470 0.562136 0.127379 0.252994
1 0.577703 0.718134 0.240337 0.563733
