0 0.302692 0.105998 0.050201 0.128686
0 0.352543 0.186210 0.042952 0.227223
0 0.321125 0.251529 0.041680 0.195650
0 0.354006 0.062938 0.043786 0.125876
0 0.449076 0.158975 0.040065 0.165735
0 0.410872 0.149665 0.038583 0.181897
0 0.133954 0.100070 0.036253 0.158850
0 0.189249 0.044370 0.034606 0.088741
0 0.498871 0.222255 0.042801 0.215714
0 0.152493 0.156562 0.033624 0.170437
0 0.423460 0.022642 0.035933 0.045284
0 0.157532 0.034215 0.036835 0.068430
0 0.106645 0.087067 0.032270 0.154244
0 0.015037 0.237633 0.030073 0.186274
0 0.141173 0.297908 0.062932 0.212072
0 0.485861 0.020654 0.034899 0.041000
0 0.087594 0.060379 0.029979 0.120759
0 0.258008 0.699009 0.049524 0.085159
0 0.450203 0.017789 0.031719 0.035579
1 0.312524 0.695608 0.209342 0.608784
1 0.259906 0.474944 0.519811 0.949889
1 0.700747 0.197293 0.352205 0.386335
