0 0.735783 0.648073 0.048728 0.205917
0 0.709665 0.539983 0.047061 0.218645
0 0.329138 0.792102 0.055168 0.212514
0 0.654086 0.050330 0.049783 0.100546
0 0.652297 0.109968 0.047367 0.129629
0 0.372413 0.257518 0.049440 0.124756
0 0.481438 0.068852 0.045957 0.136679
0 0.968918 0.602579 0.061263 0.216447
0 0.392767 0.662145 0.048270 0.230522
0 0.540151 0.708634 0.058011 0.201789
0 0.418667 0.324215 0.042400 0.165464
0 0.433784 0.383518 0.047424 0.196334
0 0.541662 0.064359 0.034490 0.128437
0 0.253021 0.190407 0.032877 0.176957
0 0.161732 0.189577 0.042962 0.168266
0 0.768137 0.088702 0.044513 0.147625
0 0.514087 0.061583 0.038676 0.122711
0 0.952814 0.202163 0.038979 0.151968
0 0.835958 0.140874 0.037067 0.151806
0 0.452273 0.815845 0.051991 0.252001
0 0.438045 0.218271 0.049101 0.171117
0 0.473350 0.235890 0.045539 0.171904
0 0.213650 0.244704 0.040933 0.159998
0 0.533749 0.884666 0.067737 0.230668
0 0.773475 0.174089 0.042380 0.134039
0 0.251009 0.056291 0.031410 0.112582
0 0.908534 0.170985 0.036385 0.133143
0 0.554506 0.283497 0.049411 0.201632
0 0.871759 0.169810 0.041028 0.175018
0 0.907990 0.271221 0.047995 0.148093
0 0.503699 0.246932 0.040282 0.176406
0 0.687927 0.943512 0.064423 0.112977
0 0.191759 0.069864 0.038849 0.113466
0 0.610248 0.304189 0.050882 0.187689
0 0.952265 0.352849 0.038263 0.196612
0 0.062733 0.502363 0.053788 0.219934
0 0.920724 0.402328 0.035183 0.173357
0 0.892095 0.415492 0.046938 0.211419
0 0.980988 0.365675 0.036183 0.207502
0 0.225345 0.379663 0.053915 0.194498
0 0.226999 0.061569 0.030566 0.093792
0 0.887353 0.398107 0.046089 0.193224
2 0.692126 0.435775 0.139052 0.254695
