0 0.790328 0.769158 0.048217 0.221056
0 0.816599 0.880864 0.050802 0.218240
0 0.185072 0.363970 0.057517 0.125917
0 0.495211 0.464226 0.044048 0.071460
0 0.162717 0.738067 0.325435 0.523866
0 0.493976 0.559051 0.042456 0.225512
0 0.351097 0.791689 0.238997 0.415988
0 0.386215 0.282068 0.058765 0.243346
0 0.248596 0.284225 0.050025 0.243048
0 0.601375 0.851774 0.059767 0.223296
0 0.717222 0.495961 0.046407 0.135702
0 0.319881 0.328841 0.052671 0.203134
0 0.650169 0.610747 0.057547 0.201702
0 0.722664 0.242475 0.153664 0.370345
0 0.550821 0.526946 0.036675 0.185274
0 0.528840 0.889895 0.053160 0.198804
0 0.882867 0.494036 0.042414 0.132366
0 0.514878 0.936867 0.058500 0.126266
0 0.590758 0.538329 0.040666 0.166289
0 0.338826 0.356193 0.062879 0.143506
0 0.272976 0.032571 0.052686 0.064883
0 0.613812 0.154920 0.067848 0.307776
0 0.946661 0.472376 0.038511 0.085169
0 0.069256 0.076001 0.064415 0.151396
0 0.248418 0.056463 0.039244 0.112926
0 0.429992 0.040328 0.048740 0.079467
0 0.987473 0.504922 0.025025 0.152869
1 0.234548 0.712824 0.469097 0.574352
2 0.772625 0.664592 0.145332 0.267032
1 0.104722 0.498025 0.208850 0.996051
1 0.733806 0.213189 0.529645 0.426378
