0 0.735965 0.647677 0.048644 0.206464
0 0.329109 0.792301 0.055507 0.214786
0 0.709406 0.540324 0.047021 0.218958
0 0.652469 0.108844 0.047748 0.128918
0 0.654253 0.049913 0.050358 0.099826
0 0.420528 0.330336 0.045242 0.219539
0 0.372503 0.257291 0.049630 0.125528
0 0.392521 0.664775 0.047955 0.234111
0 0.484431 0.816947 0.060252 0.267619
0 0.526376 0.664627 0.059545 0.228853
0 0.639447 0.256959 0.047980 0.167260
0 0.463020 0.734583 0.053644 0.241244
0 0.960546 0.472834 0.046512 0.188302
0 0.924106 0.469972 0.040515 0.204863
0 0.486280 0.088513 0.040802 0.149708
0 0.516848 0.069554 0.034862 0.136422
0 0.761085 0.064029 0.039475 0.128058
0 0.888616 0.243552 0.042344 0.174734
0 0.255830 0.166126 0.032969 0.166421
0 0.255347 0.050411 0.031326 0.100822
0 0.162254 0.192981 0.034131 0.171598
0 0.924746 0.237382 0.034357 0.156036
0 0.894621 0.158767 0.037013 0.113329
0 0.983580 0.407182 0.032841 0.185617
0 0.209253 0.240763 0.035125 0.155898
0 0.192620 0.079145 0.032641 0.091073
0 0.923651 0.157264 0.035640 0.145888
0 0.426586 0.211266 0.043463 0.132648
0 0.436479 0.217466 0.054793 0.157869
0 0.963306 0.330450 0.034213 0.106821
0 0.784270 0.049214 0.027016 0.098428
0 0.546486 0.065558 0.030760 0.123940
0 0.211821 0.434276 0.062500 0.204901
0 0.570208 0.360760 0.051461 0.211849
0 0.514539 0.296297 0.039717 0.181761
0 0.844075 0.187586 0.040066 0.149051
0 0.394464 0.397696 0.037689 0.196968
0 0.789018 0.232736 0.035625 0.127084
0 0.218930 0.290513 0.038703 0.175582
0 0.551531 0.104942 0.040401 0.142269
0 0.775885 0.136384 0.045384 0.187812
0 0.476411 0.233721 0.042128 0.158745
0 0.502244 0.247313 0.036845 0.165102
0 0.477588 0.298176 0.036123 0.180475
0 0.977948 0.400892 0.040509 0.185524
0 0.222837 0.054766 0.033979 0.101711
0 0.080964 0.416229 0.042811 0.190820
0 0.213437 0.255597 0.040739 0.175376
2 0.692273 0.436771 0.138585 0.258372
