0 0.208068 0.804592 0.344219 0.390816
0 0.024806 0.375931 0.049482 0.227836
0 0.643054 0.890705 0.060491 0.218590
0 0.762016 0.710494 0.059558 0.233979
0 0.716467 0.830284 0.056704 0.256042
0 0.231647 0.240493 0.062387 0.250889
0 0.852080 0.655512 0.057251 0.225971
0 0.919210 0.606123 0.050340 0.194120
0 0.087422 0.241031 0.053375 0.246705
0 0.685243 0.545401 0.046066 0.067960
0 0.184422 0.385072 0.063844 0.252582
0 0.163312 0.320747 0.056964 0.267928
0 0.752865 0.233631 0.123603 0.215139
0 0.696282 0.800988 0.041454 0.231338
0 0.545802 0.616084 0.053930 0.211239
0 0.095603 0.026451 0.051104 0.052903
1 0.189183 0.749861 0.376966 0.495204
3 0.795365 0.275302 0.284801 0.410494
