0 0.736126 0.647437 0.048971 0.206802
0 0.709507 0.540173 0.047257 0.219352
0 0.328898 0.792382 0.055803 0.214451
0 0.652390 0.109507 0.047712 0.129013
0 0.654112 0.050041 0.049589 0.100081
0 0.372190 0.256580 0.048809 0.124944
0 0.394162 0.664892 0.047859 0.234883
0 0.422081 0.335486 0.048409 0.212228
0 0.457429 0.741278 0.052260 0.225865
0 0.528888 0.682480 0.057675 0.240953
0 0.482182 0.072495 0.043664 0.139646
0 0.253771 0.056125 0.031559 0.111698
0 0.514783 0.062981 0.038628 0.125744
0 0.543068 0.065138 0.034189 0.129068
0 0.640873 0.259784 0.047249 0.161424
0 0.956201 0.468289 0.042457 0.192136
0 0.439045 0.218889 0.050077 0.170120
0 0.921802 0.462832 0.040272 0.207096
0 0.883353 0.239189 0.041707 0.181072
0 0.887425 0.147000 0.034967 0.107904
0 0.501165 0.238963 0.037702 0.166142
0 0.474720 0.231273 0.046375 0.170173
0 0.252372 0.181987 0.030078 0.174648
0 0.980895 0.404170 0.038068 0.186088
0 0.919831 0.225978 0.033009 0.162959
0 0.160759 0.195418 0.043569 0.172153
0 0.414042 0.393642 0.057039 0.208717
0 0.768656 0.087490 0.045955 0.146872
0 0.193004 0.077195 0.034570 0.097414
0 0.780751 0.222097 0.042001 0.149039
0 0.838541 0.181327 0.036803 0.150755
0 0.557030 0.325024 0.044151 0.198070
0 0.212536 0.236818 0.039181 0.163622
0 0.498050 0.839570 0.054304 0.261483
0 0.957746 0.325725 0.035550 0.120289
0 0.222374 0.055267 0.034033 0.099994
0 0.215927 0.288676 0.035275 0.156519
0 0.214814 0.423456 0.058716 0.204782
2 0.692349 0.434923 0.138254 0.256354
