0 0.066282 0.888472 0.063764 0.223057
0 0.396645 0.139097 0.053099 0.199217
0 0.138730 0.753555 0.055300 0.266974
0 0.116531 0.298226 0.056217 0.116527
0 0.836356 0.644813 0.322649 0.710373
0 0.212753 0.882557 0.064790 0.234886
0 0.302636 0.795010 0.066492 0.255528
0 0.168870 0.363252 0.048555 0.191542
0 0.427766 0.204371 0.058646 0.070675
0 0.186855 0.429531 0.056355 0.222718
0 0.325675 0.354000 0.055364 0.224233
0 0.279079 0.917845 0.078550 0.164310
0 0.943184 0.120192 0.113259 0.240385
0 0.411101 0.325720 0.056152 0.168918
0 0.231571 0.297467 0.048845 0.112571
0 0.735926 0.119168 0.094841 0.238335
0 0.865764 0.119812 0.093359 0.238512
0 0.192608 0.288256 0.048593 0.095939
0 0.061177 0.061811 0.069885 0.123194
0 0.264945 0.306836 0.042002 0.134209
0 0.662843 0.119688 0.082641 0.239376
0 0.805585 0.119329 0.072852 0.238257
0 0.223945 0.033648 0.054137 0.065613
0 0.482354 0.067246 0.043115 0.134492
2 0.374318 0.108550 0.157017 0.217100
2 0.429909 0.491829 0.061062 0.286016
