0 0.736148 0.647931 0.049299 0.206574
0 0.709442 0.539771 0.047263 0.218866
0 0.328619 0.790781 0.055782 0.211939
0 0.653971 0.049927 0.050714 0.099855
0 0.652357 0.109200 0.048119 0.129898
0 0.392409 0.664881 0.048568 0.232812
0 0.372320 0.256784 0.048443 0.124015
0 0.513783 0.863230 0.066223 0.266681
0 0.458113 0.789127 0.058086 0.244240
0 0.481892 0.071969 0.046432 0.140714
0 0.420466 0.320494 0.043614 0.165610
0 0.903159 0.433186 0.050007 0.210200
0 0.473395 0.236600 0.048563 0.163396
0 0.516247 0.063663 0.042021 0.126047
0 0.437520 0.381198 0.049147 0.202774
0 0.534195 0.702495 0.057302 0.230149
0 0.438858 0.219628 0.047148 0.166753
0 0.252204 0.054806 0.030658 0.109200
0 0.767584 0.087972 0.044448 0.142702
0 0.952166 0.201040 0.041001 0.157488
0 0.162401 0.194169 0.045503 0.163990
0 0.544613 0.066749 0.034711 0.133498
0 0.880934 0.219195 0.044270 0.180001
0 0.913339 0.218378 0.031196 0.171753
0 0.251695 0.192079 0.032119 0.169186
0 0.773425 0.167407 0.042497 0.139863
0 0.940420 0.434996 0.037547 0.180685
0 0.835287 0.137817 0.035676 0.160983
0 0.630409 0.280752 0.049264 0.168548
0 0.214994 0.237191 0.043698 0.160890
0 0.502021 0.241529 0.037202 0.168773
0 0.555875 0.313149 0.047239 0.207338
0 0.882919 0.150985 0.039868 0.143882
0 0.190915 0.071573 0.036149 0.103179
0 0.972650 0.383096 0.037052 0.188329
0 0.064637 0.494844 0.056709 0.206721
0 0.223153 0.062885 0.032894 0.083898
0 0.225154 0.371930 0.049999 0.184188
0 0.940976 0.305187 0.038969 0.116601
0 0.990380 0.391739 0.019239 0.194718
2 0.692631 0.435074 0.139549 0.254745
