0 0.709163 0.539608 0.047548 0.217977
0 0.736107 0.647692 0.049001 0.207068
0 0.328714 0.791665 0.055634 0.213106
0 0.653933 0.049785 0.050198 0.099570
0 0.652243 0.109901 0.047609 0.129815
0 0.392895 0.665523 0.047550 0.232526
0 0.372352 0.256679 0.048991 0.124314
0 0.456385 0.757081 0.052684 0.222469
0 0.422980 0.336370 0.049411 0.201571
0 0.513638 0.855329 0.062776 0.280294
0 0.482790 0.069619 0.044837 0.136662
0 0.438051 0.222922 0.044179 0.160637
0 0.162537 0.193455 0.044334 0.164739
0 0.516362 0.062351 0.040422 0.124061
0 0.531597 0.699492 0.056105 0.256632
0 0.544216 0.065387 0.033274 0.130774
0 0.253940 0.055753 0.030007 0.111155
0 0.913855 0.447958 0.039687 0.201470
0 0.881559 0.234953 0.044231 0.185324
0 0.768175 0.086160 0.045218 0.140373
0 0.472894 0.233515 0.048246 0.167695
0 0.918212 0.221603 0.035267 0.165951
0 0.251187 0.193748 0.032277 0.182470
0 0.978650 0.404304 0.041126 0.200796
0 0.636175 0.268742 0.049962 0.162409
0 0.952886 0.456399 0.042907 0.178513
0 0.214312 0.238370 0.040409 0.168195
0 0.887554 0.143581 0.037423 0.113207
0 0.558350 0.328300 0.044926 0.204453
0 0.416098 0.393354 0.051206 0.219129
0 0.498167 0.235801 0.037918 0.165160
0 0.777938 0.220264 0.041591 0.148857
0 0.952396 0.314234 0.037232 0.129349
0 0.191720 0.078093 0.036137 0.098506
0 0.223466 0.378400 0.052280 0.204881
0 0.837818 0.178526 0.036700 0.150936
0 0.933775 0.187856 0.033709 0.169420
0 0.224189 0.059703 0.033579 0.091929
0 0.218034 0.412387 0.054133 0.211648
2 0.692704 0.434855 0.138688 0.256706
