0 0.582232 0.432063 0.049310 0.208961
0 0.557002 0.322900 0.046815 0.216411
0 0.266354 0.121347 0.042678 0.218160
0 0.218659 0.050618 0.047747 0.101236
0 0.267999 0.029205 0.044123 0.058410
0 0.176395 0.518197 0.053982 0.102713
0 0.418249 0.157627 0.057806 0.207804
0 0.307231 0.847653 0.275049 0.304695
0 0.486669 0.060148 0.046211 0.120297
0 0.371724 0.408508 0.057667 0.222170
0 0.291571 0.497746 0.053579 0.139608
0 0.323206 0.089985 0.037266 0.173793
0 0.361820 0.099765 0.039620 0.160122
0 0.237544 0.182525 0.039976 0.191580
0 0.302975 0.441975 0.049800 0.188683
0 0.779922 0.816352 0.071202 0.245301
0 0.052589 0.058108 0.037086 0.115682
0 0.818012 0.121473 0.029573 0.154256
0 0.076675 0.097072 0.035959 0.166178
0 0.863910 0.177104 0.034808 0.155302
0 0.733228 0.737750 0.033335 0.193689
0 0.645325 0.060534 0.039709 0.121069
0 0.886051 0.237698 0.032023 0.169643
0 0.948170 0.816457 0.081122 0.286915
0 0.916331 0.079622 0.034238 0.150188
0 0.744644 0.306163 0.042213 0.199606
0 0.883246 0.075731 0.034194 0.126045
0 0.060446 0.237878 0.051991 0.194872
0 0.870535 0.367302 0.058246 0.185932
0 0.843047 0.156200 0.032428 0.171832
0 0.702134 0.039640 0.015455 0.079280
0 0.820476 0.772642 0.036126 0.200162
0 0.850177 0.027484 0.028648 0.054169
0 0.019091 0.061636 0.035525 0.122381
1 0.268478 0.784980 0.532162 0.430041
2 0.538942 0.216789 0.143537 0.262300
