0 0.761268 0.207988 0.108547 0.415975
0 0.101144 0.071177 0.049135 0.129421
0 0.441942 0.856545 0.204800 0.286910
0 0.102091 0.029704 0.054162 0.058164
0 0.563953 0.857964 0.178002 0.284073
0 0.595456 0.217023 0.110677 0.434046
0 0.675746 0.228679 0.084162 0.457357
0 0.775070 0.852005 0.286330 0.295915
0 0.224989 0.132265 0.044638 0.153903
0 0.847099 0.940696 0.199609 0.118608
0 0.821768 0.195013 0.090478 0.386705
0 0.525616 0.202341 0.099220 0.404681
0 0.052503 0.277272 0.049373 0.201046
0 0.464240 0.191100 0.099181 0.382200
0 0.215283 0.062394 0.042968 0.124787
0 0.876163 0.165824 0.087158 0.330953
0 0.162066 0.434159 0.053292 0.048705
0 0.119343 0.817037 0.198737 0.365926
0 0.363286 0.157050 0.048182 0.313836
0 0.293467 0.083360 0.034520 0.115793
0 0.327714 0.142290 0.027549 0.193357
0 0.011115 0.208428 0.022230 0.180115
0 0.862378 0.176346 0.058518 0.350036
0 0.930470 0.149292 0.116674 0.298584
0 0.187917 0.816500 0.065831 0.362363
2 0.138773 0.361594 0.148298 0.157103
