0 0.830996 0.710174 0.049821 0.215799
0 0.164208 0.485651 0.049150 0.221386
0 0.822468 0.324218 0.354285 0.373239
0 0.858976 0.819232 0.050900 0.216041
0 0.431307 0.930552 0.059273 0.137552
0 0.123814 0.696870 0.049945 0.195924
0 0.464833 0.299631 0.307107 0.352270
0 0.191666 0.546208 0.051887 0.102623
0 0.104847 0.052762 0.050344 0.105371
0 0.654427 0.892249 0.060956 0.213885
0 0.096234 0.640670 0.048449 0.081692
0 0.105957 0.015095 0.054402 0.030190
0 0.497153 0.163409 0.091870 0.202611
0 0.661953 0.182201 0.130762 0.214977
0 0.561918 0.946107 0.061319 0.107787
0 0.230917 0.109839 0.045070 0.137380
0 0.081125 0.217762 0.048014 0.168077
0 0.223568 0.042936 0.048374 0.085872
0 0.506145 0.839878 0.054732 0.230524
0 0.699279 0.314508 0.151482 0.312125
0 0.294677 0.093885 0.031516 0.177703
0 0.754969 0.238244 0.051600 0.087446
0 0.545201 0.623007 0.050040 0.045822
0 0.014853 0.238197 0.029707 0.232184
0 0.589799 0.237842 0.041716 0.107999
0 0.052354 0.945702 0.067928 0.105064
1 0.013182 0.291163 0.026365 0.246656
