0 0.329523 0.791897 0.055087 0.211954
0 0.735652 0.647516 0.048602 0.206299
0 0.709734 0.540354 0.046599 0.217450
0 0.651850 0.109515 0.046802 0.127002
0 0.420310 0.335360 0.043778 0.220572
0 0.654098 0.049978 0.050188 0.099957
0 0.422480 0.210756 0.043158 0.128990
0 0.372041 0.257552 0.048839 0.122470
0 0.524812 0.641977 0.059514 0.231299
0 0.639611 0.253505 0.048078 0.172033
0 0.394496 0.663744 0.047844 0.236390
0 0.459689 0.690232 0.052810 0.209062
0 0.761512 0.057775 0.036660 0.115549
0 0.390180 0.400239 0.042023 0.190711
0 0.555717 0.119746 0.036496 0.151373
0 0.471269 0.798691 0.065505 0.276417
0 0.572164 0.383004 0.055427 0.207733
0 0.515613 0.310470 0.038325 0.158551
0 0.258865 0.153491 0.034582 0.173313
0 0.491830 0.113978 0.032743 0.161716
0 0.787120 0.052394 0.028289 0.104789
0 0.084855 0.387031 0.045253 0.184739
0 0.857123 0.204592 0.035188 0.151214
0 0.931805 0.242872 0.035546 0.146301
0 0.896461 0.260974 0.041098 0.172084
0 0.517808 0.108728 0.030432 0.142484
0 0.206545 0.253378 0.034397 0.154533
0 0.161402 0.191321 0.027037 0.153397
0 0.796647 0.252526 0.041144 0.137307
0 0.478118 0.300956 0.035698 0.172506
0 0.224580 0.312695 0.034597 0.174789
0 0.224787 0.144308 0.032909 0.139876
0 0.225809 0.049907 0.029869 0.098109
0 0.914897 0.148978 0.033788 0.122461
0 0.775511 0.146857 0.047724 0.160776
0 0.984461 0.419277 0.030872 0.195664
0 0.902680 0.174406 0.032181 0.102983
0 0.188927 0.076058 0.033602 0.081407
0 0.213361 0.440278 0.061511 0.192967
0 0.924942 0.473448 0.043027 0.207219
0 0.831221 0.073073 0.032740 0.145438
0 0.959392 0.475771 0.044194 0.193981
0 0.953322 0.376439 0.039460 0.081131
0 0.965621 0.489539 0.055114 0.201714
2 0.691850 0.433092 0.138703 0.256736
