0 0.057194 0.180796 0.046050 0.240338
0 0.292970 0.095300 0.053762 0.179293
0 0.058887 0.059212 0.048439 0.118425
0 0.367713 0.323391 0.048323 0.074486
0 0.022129 0.252698 0.044221 0.207733
0 0.016003 0.100106 0.031517 0.130421
0 0.248055 0.655789 0.084410 0.280216
0 0.219810 0.228651 0.058491 0.239181
0 0.158346 0.151758 0.041958 0.179999
0 0.117681 0.140446 0.039105 0.188834
0 0.195658 0.015776 0.035748 0.031551
2 0.343916 0.256501 0.147697 0.213199
1 0.716221 0.676660 0.566660 0.646680
1 0.070614 0.681398 0.141229 0.637204
