0 0.528553 0.350169 0.049383 0.227987
0 0.556716 0.456492 0.052243 0.200202
0 0.539637 0.840718 0.164560 0.316400
0 0.226990 0.134161 0.049945 0.224640
0 0.339850 0.819696 0.157946 0.357990
0 0.456973 0.831475 0.105135 0.336382
0 0.174307 0.061396 0.051846 0.121302
0 0.454646 0.070592 0.046408 0.141183
0 0.337540 0.467474 0.060175 0.178595
0 0.197742 0.455594 0.055914 0.202651
0 0.267204 0.501528 0.061339 0.110301
0 0.177600 0.820968 0.118223 0.353167
0 0.124626 0.528835 0.063469 0.055787
0 0.257255 0.844041 0.077580 0.309708
0 0.244231 0.052255 0.047016 0.104510
0 0.219490 0.196247 0.061168 0.226282
0 0.282050 0.061190 0.046870 0.122380
0 0.369345 0.131824 0.047372 0.203300
0 0.114432 0.863871 0.225756 0.272258
0 0.013902 0.082186 0.027803 0.162571
0 0.823042 0.310848 0.019702 0.083318
0 0.605797 0.050302 0.038175 0.099675
2 0.509899 0.242681 0.148232 0.269208
1 0.959407 0.892157 0.079668 0.112372
1 0.941509 0.886148 0.115495 0.129419
