0 0.922135 0.901973 0.062325 0.196054
0 0.460853 0.760783 0.057021 0.237413
0 0.109048 0.167893 0.056218 0.140651
0 0.777327 0.897336 0.063874 0.205329
0 0.849002 0.781803 0.056077 0.267565
0 0.489761 0.695342 0.052331 0.129448
0 0.686785 0.830747 0.061525 0.233467
0 0.056908 0.239891 0.048223 0.182100
0 0.347969 0.096349 0.055033 0.186432
0 0.039683 0.309961 0.057020 0.222665
0 0.288911 0.140098 0.045877 0.181006
0 0.245337 0.100958 0.033947 0.190618
0 0.033788 0.116941 0.048905 0.194485
0 0.709788 0.934329 0.075766 0.131342
0 0.060867 0.572506 0.054132 0.114693
0 0.276308 0.307687 0.057555 0.216081
0 0.729418 0.483629 0.540846 0.282803
0 0.011942 0.136870 0.023872 0.210851
0 0.812106 0.489425 0.375448 0.280050
