0 0.870985 0.676795 0.048932 0.218503
0 0.483529 0.918233 0.052600 0.162693
0 0.134935 0.291059 0.050696 0.214187
0 0.897654 0.796005 0.054563 0.244382
0 0.560435 0.803738 0.049965 0.232760
0 0.709751 0.905532 0.063075 0.188937
0 0.263233 0.339018 0.058816 0.197680
0 0.071064 0.779815 0.068723 0.251656
0 0.210952 0.156132 0.052325 0.225490
0 0.604743 0.514726 0.055667 0.148929
0 0.571857 0.505298 0.041313 0.132272
0 0.353277 0.251727 0.052490 0.234418
0 0.350196 0.371941 0.057468 0.132681
0 0.614639 0.949227 0.067787 0.101546
0 0.868246 0.226557 0.094024 0.275160
0 0.741548 0.491263 0.043249 0.105516
0 0.563308 0.233535 0.077068 0.335123
0 0.717813 0.251684 0.119288 0.315964
0 0.607617 0.239398 0.091655 0.330088
2 0.850832 0.565638 0.139621 0.264939
