0 0.738198 0.600670 0.051881 0.198706
0 0.710187 0.496301 0.048892 0.230827
0 0.271816 0.635543 0.057354 0.132892
0 0.316643 0.120609 0.051166 0.131242
0 0.382292 0.254589 0.050972 0.208913
0 0.650289 0.056683 0.051698 0.113365
0 0.365774 0.189441 0.047190 0.171393
0 0.340834 0.545341 0.047888 0.228460
0 0.191580 0.072526 0.035072 0.144274
0 0.492242 0.594508 0.061380 0.206692
0 0.843583 0.087435 0.042245 0.163664
0 0.150063 0.100019 0.044293 0.167339
0 0.420894 0.100428 0.045353 0.188057
0 0.385632 0.084527 0.050249 0.169053
0 0.094978 0.069981 0.043646 0.138157
0 0.503024 0.140984 0.050868 0.213283
0 0.768996 0.049856 0.047680 0.099712
0 0.651897 0.017042 0.053173 0.034084
0 0.908957 0.388076 0.050672 0.214793
0 0.567871 0.164882 0.054884 0.193800
0 0.452076 0.109102 0.042613 0.184008
0 0.887855 0.156811 0.043235 0.186044
0 0.068706 0.911041 0.137411 0.177918
0 0.399634 0.644615 0.059163 0.116112
0 0.636085 0.212216 0.041564 0.180973
0 0.952683 0.396281 0.044202 0.174057
0 0.962616 0.142905 0.042315 0.153817
0 0.887965 0.093563 0.045210 0.163080
0 0.147169 0.875195 0.187028 0.132430
0 0.921236 0.157282 0.037609 0.190958
0 0.777771 0.112393 0.048689 0.142985
0 0.502473 0.863730 0.083498 0.123842
0 0.282225 0.854879 0.168878 0.148734
0 0.160385 0.253720 0.055061 0.207942
0 0.983155 0.339154 0.033691 0.207155
0 0.541386 0.906792 0.155877 0.186416
0 0.223690 0.859082 0.100941 0.137321
0 0.438237 0.846983 0.085380 0.120421
0 0.946208 0.308225 0.046858 0.173953
0 0.365987 0.856285 0.133412 0.139087
0 0.381358 0.844045 0.101031 0.111218
0 0.990504 0.232338 0.018992 0.134538
2 0.692234 0.385546 0.144652 0.274403
1 0.500447 0.842159 0.237023 0.287856
1 0.139309 0.843531 0.275728 0.296604
3 0.602309 0.296116 0.055353 0.240279
