0 0.709515 0.539281 0.046505 0.218109
0 0.735666 0.647266 0.048421 0.206535
0 0.328890 0.790975 0.054781 0.215815
0 0.653836 0.050157 0.050016 0.100314
0 0.969111 0.582168 0.061420 0.219183
0 0.369024 0.400136 0.044529 0.188359
0 0.652487 0.109977 0.046850 0.129463
0 0.420168 0.333743 0.043688 0.222759
0 0.372421 0.256736 0.049170 0.124139
0 0.423339 0.210315 0.044013 0.130944
0 0.796599 0.065749 0.027462 0.129697
0 0.753835 0.191846 0.042315 0.170931
0 0.521920 0.134120 0.039962 0.164991
0 0.437810 0.543440 0.044685 0.208001
0 0.541563 0.502415 0.045225 0.204283
0 0.960602 0.362640 0.045875 0.191926
0 0.257792 0.052059 0.028932 0.102665
0 0.474899 0.329928 0.035705 0.180191
0 0.525134 0.045223 0.033646 0.089002
0 0.397424 0.098120 0.041083 0.174972
0 0.493948 0.139167 0.037129 0.162746
0 0.513016 0.342883 0.040019 0.160502
0 0.571036 0.209525 0.035759 0.163194
0 0.246367 0.588015 0.043796 0.225798
0 0.950607 0.280047 0.048377 0.179144
0 0.889976 0.089512 0.037861 0.154422
0 0.600480 0.539743 0.051255 0.245290
0 0.155632 0.269187 0.040413 0.178136
0 0.578423 0.104905 0.035723 0.134459
0 0.862988 0.378188 0.046232 0.175107
0 0.379913 0.700382 0.040248 0.211419
0 0.177049 0.195230 0.034104 0.149210
0 0.198543 0.056333 0.027578 0.108020
0 0.231889 0.442481 0.048543 0.150050
0 0.221867 0.047846 0.026758 0.095524
0 0.859109 0.078845 0.028343 0.143175
0 0.988603 0.357528 0.022795 0.177164
0 0.221268 0.210174 0.039275 0.139933
0 0.106821 0.386132 0.046278 0.188433
0 0.444980 0.115627 0.042955 0.153193
0 0.261122 0.222371 0.031384 0.154552
0 0.215050 0.320490 0.039408 0.152803
0 0.906340 0.290299 0.049422 0.165383
0 0.395221 0.711645 0.047096 0.220795
0 0.255592 0.155650 0.030831 0.142226
2 0.692324 0.432827 0.139069 0.253088
