0 0.281953 0.308682 0.047431 0.216992
0 0.308048 0.365788 0.049380 0.107021
0 0.662605 0.633184 0.353596 0.176517
0 0.085412 0.105431 0.042500 0.168916
0 0.094439 0.337568 0.052293 0.162430
0 0.253011 0.044039 0.040426 0.088079
0 0.765699 0.243316 0.190025 0.332316
0 0.044228 0.093573 0.038261 0.174629
0 0.020093 0.359433 0.039998 0.121184
0 0.149657 0.223243 0.050192 0.214344
0 0.005097 0.107091 0.010168 0.195696
0 0.006538 0.094729 0.013077 0.189457
2 0.263221 0.224418 0.140478 0.332037
1 0.658529 0.138054 0.613234 0.276108
1 0.178957 0.813219 0.340880 0.362798
1 0.312375 0.081672 0.077777 0.159809
