0 0.367561 0.197606 0.048080 0.256548
0 0.421582 0.108759 0.055107 0.142463
0 0.038749 0.393961 0.051765 0.174907
0 0.817196 0.572755 0.063331 0.187228
0 0.364513 0.066393 0.049807 0.132787
0 0.867384 0.868774 0.067575 0.261892
0 0.981370 0.549362 0.037059 0.138674
0 0.305052 0.176614 0.042106 0.212602
0 0.261596 0.188518 0.045513 0.195714
0 0.190019 0.292795 0.060673 0.280572
0 0.425784 0.272596 0.050746 0.218429
0 0.938226 0.906120 0.060667 0.187759
0 0.584370 0.198006 0.039210 0.188690
0 0.249998 0.431021 0.060247 0.095419
0 0.923472 0.937939 0.072425 0.124123
0 0.610649 0.128125 0.041500 0.189177
0 0.070443 0.092828 0.048927 0.167040
0 0.590649 0.029897 0.034228 0.059794
0 0.880022 0.519770 0.039876 0.079941
0 0.589559 0.363600 0.057186 0.227671
0 0.215475 0.029500 0.040032 0.058550
0 0.643057 0.069586 0.038589 0.136919
0 0.659929 0.132741 0.043187 0.190022
0 0.558074 0.048883 0.035896 0.097766
0 0.253904 0.022893 0.040684 0.045494
0 0.925560 0.517649 0.040219 0.074498
0 0.285700 0.030458 0.040683 0.060916
0 0.403497 0.277700 0.042554 0.209658
0 0.118287 0.109137 0.051623 0.192450
1 0.848634 0.734207 0.302140 0.527995
2 0.068429 0.308879 0.136857 0.287912
1 0.925925 0.209957 0.136414 0.419913
