0 0.334268 0.231387 0.047276 0.220821
0 0.360285 0.342604 0.048470 0.208200
0 0.040331 0.067991 0.043088 0.135982
0 0.854192 0.783307 0.125463 0.433387
0 0.738491 0.753502 0.132907 0.492995
0 0.590339 0.721014 0.119995 0.548558
0 0.654038 0.765432 0.073922 0.460221
0 0.062156 0.267379 0.055160 0.223075
0 0.136177 0.059274 0.042890 0.118549
0 0.095612 0.055344 0.034893 0.110688
0 0.222700 0.229244 0.050315 0.241423
0 0.151532 0.213160 0.052622 0.213132
0 0.453253 0.757749 0.073999 0.339777
0 0.025135 0.368193 0.049367 0.163496
0 0.396939 0.754496 0.039845 0.263485
0 0.487102 0.073521 0.044795 0.147042
0 0.801505 0.584042 0.057394 0.263898
0 0.102292 0.743554 0.081459 0.391549
0 0.143952 0.752693 0.050599 0.321419
0 0.005869 0.092826 0.011592 0.180072
0 0.008837 0.358491 0.017674 0.173396
1 0.763809 0.725314 0.471013 0.549372
1 0.763075 0.222053 0.472279 0.442461
2 0.324934 0.131258 0.124024 0.259488
