0 0.440978 0.282445 0.044754 0.234779
0 0.491144 0.200024 0.052144 0.130409
0 0.438981 0.153468 0.044104 0.135529
0 0.495075 0.349154 0.047600 0.195357
0 0.197254 0.057708 0.052511 0.113228
0 0.137442 0.430943 0.049497 0.097970
0 0.300039 0.755048 0.158628 0.418317
0 0.342227 0.288124 0.042412 0.171310
0 0.364385 0.089035 0.039749 0.159498
0 0.937359 0.821602 0.084920 0.355491
0 0.384706 0.277592 0.038782 0.186026
0 0.461240 0.063767 0.043449 0.125697
0 0.196142 0.016976 0.052980 0.033594
0 0.092313 0.134496 0.047926 0.181301
0 0.333883 0.079493 0.042602 0.158909
0 0.819130 0.259762 0.163991 0.439551
0 0.146070 0.760573 0.145951 0.476384
0 0.415073 0.072101 0.039121 0.144201
0 0.275206 0.056667 0.037287 0.113335
0 0.425413 0.438790 0.045917 0.083668
0 0.284505 0.143845 0.037521 0.176240
0 0.253640 0.422962 0.050083 0.114847
0 0.319733 0.417854 0.048271 0.123980
0 0.043307 0.034188 0.033946 0.067959
2 0.154497 0.365569 0.152236 0.247029
1 0.424341 0.485196 0.250237 0.970391
