0 0.709803 0.539358 0.046523 0.218976
0 0.735654 0.647971 0.048057 0.206558
0 0.328576 0.790661 0.055853 0.212354
0 0.419634 0.334050 0.042887 0.222507
0 0.652348 0.109681 0.046968 0.129470
0 0.422909 0.211167 0.041605 0.130374
0 0.653972 0.050417 0.049916 0.100835
0 0.369069 0.400319 0.045270 0.186937
0 0.969847 0.580784 0.058866 0.212293
0 0.372495 0.256880 0.049809 0.125191
0 0.441189 0.579943 0.055921 0.210113
0 0.528839 0.525099 0.056564 0.205794
0 0.525077 0.045360 0.035867 0.089795
0 0.473001 0.325992 0.035793 0.178922
0 0.798023 0.066394 0.028089 0.132789
0 0.377095 0.697009 0.036376 0.208183
0 0.514073 0.338827 0.041286 0.168027
0 0.493258 0.141206 0.038139 0.166899
0 0.258361 0.051827 0.028228 0.103050
0 0.600134 0.535917 0.049803 0.247787
0 0.521652 0.130866 0.042554 0.164823
0 0.398019 0.100566 0.039183 0.163169
0 0.890176 0.088345 0.037136 0.158542
0 0.174950 0.194820 0.034236 0.167859
0 0.942340 0.264453 0.044757 0.166130
0 0.835547 0.320722 0.040988 0.165911
0 0.137818 0.277406 0.045506 0.174312
0 0.900020 0.269087 0.041488 0.160751
0 0.223412 0.043896 0.026976 0.087793
0 0.852807 0.091371 0.028916 0.143383
0 0.750427 0.198915 0.042052 0.166405
0 0.199871 0.055144 0.028186 0.110289
0 0.118224 0.351073 0.046766 0.186255
0 0.441815 0.114650 0.037916 0.155215
0 0.566337 0.082095 0.031970 0.120242
0 0.238675 0.525896 0.052700 0.223938
0 0.179857 0.054333 0.022524 0.108666
0 0.948745 0.337878 0.045880 0.188670
0 0.231149 0.346458 0.039944 0.189226
0 0.222825 0.139206 0.034594 0.143872
0 0.982750 0.339834 0.034069 0.195538
0 0.861255 0.367104 0.044196 0.176525
0 0.247052 0.141766 0.034494 0.151951
0 0.256747 0.208565 0.031231 0.147669
2 0.692913 0.433142 0.138542 0.250791
