0 0.735369 0.647393 0.048267 0.207936
0 0.709637 0.540391 0.046782 0.217589
0 0.329326 0.792576 0.054771 0.211969
0 0.652281 0.109068 0.047418 0.128467
0 0.654027 0.050408 0.049167 0.100816
0 0.419793 0.335425 0.043098 0.222830
0 0.423326 0.211661 0.042084 0.127637
0 0.372737 0.257439 0.049719 0.124965
0 0.639338 0.256902 0.048807 0.165322
0 0.524792 0.619231 0.057991 0.222767
0 0.390408 0.399271 0.040468 0.187488
0 0.489937 0.123555 0.034715 0.163895
0 0.442375 0.769154 0.055422 0.260737
0 0.389408 0.067256 0.036726 0.133629
0 0.572498 0.383436 0.055792 0.209532
0 0.801550 0.261129 0.042835 0.150011
0 0.518030 0.116276 0.034052 0.153798
0 0.833132 0.066567 0.032979 0.133134
0 0.422039 0.068753 0.037917 0.135809
0 0.454219 0.654669 0.050306 0.189124
0 0.513739 0.313439 0.039567 0.159068
0 0.937797 0.516855 0.048761 0.215311
0 0.764025 0.061855 0.036240 0.122839
0 0.223547 0.149536 0.033522 0.134505
0 0.475974 0.299617 0.037195 0.174323
0 0.555318 0.126604 0.038839 0.155841
0 0.864134 0.214805 0.035444 0.149927
0 0.158812 0.198405 0.027668 0.166386
0 0.906780 0.278121 0.041442 0.175000
0 0.978921 0.533096 0.041599 0.211542
0 0.087669 0.375800 0.044593 0.202915
0 0.205323 0.261524 0.034506 0.159981
0 0.789929 0.057047 0.027077 0.114094
0 0.258001 0.147730 0.035522 0.174351
0 0.918073 0.153766 0.029665 0.114413
0 0.227389 0.037859 0.025797 0.075718
0 0.794754 0.125197 0.031221 0.112409
0 0.227870 0.323458 0.036372 0.180769
0 0.214426 0.459404 0.054429 0.204003
0 0.942245 0.258469 0.037606 0.157353
0 0.523972 0.044099 0.032259 0.088199
0 0.179711 0.226289 0.031142 0.170834
0 0.901900 0.145082 0.031587 0.131161
0 0.189764 0.064727 0.026704 0.100929
0 0.545958 0.050563 0.028759 0.101125
0 0.971899 0.419518 0.039246 0.100495
0 0.967591 0.402410 0.039174 0.095824
2 0.691967 0.435930 0.139300 0.258499
