0 0.856381 0.857718 0.086455 0.283885
0 0.679769 0.861296 0.089172 0.276113
0 0.766252 0.859367 0.100916 0.281266
0 0.933588 0.859853 0.080969 0.279790
0 0.870324 0.711110 0.090367 0.180981
0 0.595259 0.864402 0.092414 0.271195
0 0.781274 0.715101 0.094036 0.191935
0 0.698766 0.715703 0.078615 0.192064
0 0.619320 0.717233 0.109249 0.194836
0 0.948860 0.710491 0.075435 0.165471
0 0.984197 0.850357 0.031606 0.299287
0 0.986938 0.694600 0.025779 0.156026
0 0.217424 0.363941 0.016355 0.063698
1 0.769870 0.809146 0.439504 0.381708
1 0.772328 0.308033 0.451594 0.616065
2 0.436222 0.898675 0.118400 0.063910
