0 0.220808 0.107636 0.050284 0.201556
0 0.730866 0.699016 0.360435 0.406807
0 0.165304 0.078073 0.046337 0.155856
0 0.061911 0.064861 0.047103 0.128178
0 0.143069 0.296703 0.058959 0.239058
0 0.105841 0.063460 0.037166 0.126911
0 0.839320 0.282850 0.080028 0.142045
0 0.042177 0.239945 0.055947 0.233317
0 0.209751 0.370132 0.039959 0.097857
0 0.363282 0.219231 0.052381 0.229973
0 0.390899 0.045519 0.035787 0.091039
0 0.370882 0.067220 0.037792 0.134440
1 0.700564 0.707933 0.502025 0.584134
1 0.194763 0.709897 0.269776 0.577665
