0 0.470133 0.505281 0.047168 0.164341
0 0.411567 0.040820 0.050106 0.080252
0 0.170228 0.325491 0.044099 0.225919
0 0.410491 0.090564 0.048969 0.134377
0 0.172813 0.197641 0.042864 0.130911
0 0.121758 0.244103 0.050546 0.129675
0 0.118652 0.390914 0.047340 0.198279
0 0.269503 0.331417 0.043247 0.177193
0 0.227562 0.316696 0.039829 0.195694
0 0.246306 0.120349 0.037278 0.177621
0 0.139395 0.065126 0.039390 0.130252
0 0.563270 0.249825 0.044335 0.148688
0 0.274232 0.111294 0.038668 0.170120
0 0.562072 0.057870 0.030188 0.115740
0 0.440728 0.222793 0.044794 0.170911
0 0.538122 0.062596 0.034668 0.125192
0 0.335525 0.442396 0.051426 0.218232
0 0.275066 0.534127 0.056215 0.109902
0 0.597493 0.057675 0.031492 0.114914
0 0.309422 0.122569 0.046215 0.172475
0 0.637856 0.212464 0.044733 0.164474
0 0.662322 0.096183 0.031794 0.148838
0 0.173476 0.061439 0.039224 0.122877
0 0.496858 0.563749 0.048837 0.049881
0 0.194690 0.558360 0.052244 0.061996
0 0.307968 0.044022 0.033850 0.088043
0 0.557969 0.107771 0.033609 0.119006
0 0.600232 0.795144 0.027180 0.085287
0 0.672222 0.208825 0.016137 0.168280
0 0.770828 0.420847 0.011999 0.055113
2 0.453157 0.439440 0.140810 0.281474
1 0.839171 0.791449 0.316624 0.413771
1 0.338948 0.809937 0.677896 0.368098
1 0.570252 0.292476 0.218044 0.584952
