0 0.285285 0.472163 0.055015 0.232771
0 0.256278 0.348716 0.052232 0.246204
0 0.784475 0.310091 0.430919 0.618433
0 0.679956 0.862434 0.125260 0.264709
0 0.047024 0.436008 0.066777 0.249517
0 0.102782 0.178891 0.062501 0.217296
0 0.036589 0.102327 0.046042 0.176053
0 0.358518 0.061365 0.046562 0.122730
0 0.177289 0.063528 0.053769 0.127056
0 0.768088 0.819616 0.177074 0.198496
0 0.239872 0.775833 0.178510 0.174790
0 0.006377 0.088263 0.012668 0.175808
0 0.425671 0.032424 0.030782 0.064848
1 0.215152 0.819301 0.426512 0.353497
1 0.711954 0.811788 0.538205 0.370269
