0 0.814285 0.767353 0.369268 0.465293
0 0.276662 0.401635 0.059143 0.222444
0 0.317996 0.045230 0.047903 0.090140
0 0.477456 0.161579 0.055713 0.229999
0 0.392005 0.216584 0.058062 0.239926
0 0.546522 0.109741 0.049499 0.216287
0 0.326823 0.303230 0.038879 0.224216
0 0.346731 0.337515 0.055094 0.259654
0 0.181022 0.117283 0.053019 0.231631
0 0.174824 0.030845 0.043283 0.060473
0 0.374287 0.019475 0.043885 0.038950
1 0.315718 0.502999 0.629354 0.994002
1 0.815413 0.259833 0.367985 0.519667
1 0.815670 0.766842 0.368150 0.463933
