0 0.709516 0.539898 0.046741 0.216982
0 0.735735 0.647882 0.048534 0.206242
0 0.329171 0.791898 0.055444 0.212548
0 0.652479 0.109315 0.047550 0.128724
0 0.420065 0.334003 0.043069 0.222857
0 0.654041 0.049858 0.048801 0.099643
0 0.423041 0.212427 0.041509 0.123318
0 0.426195 0.752436 0.057586 0.249131
0 0.372470 0.257293 0.049503 0.125027
0 0.513907 0.334176 0.040229 0.173049
0 0.833542 0.066303 0.033469 0.132605
0 0.390742 0.072311 0.039456 0.144081
0 0.492013 0.136864 0.036035 0.170690
0 0.683206 0.235388 0.042857 0.169570
0 0.377977 0.696572 0.037715 0.206237
0 0.523283 0.601209 0.053157 0.216920
0 0.951992 0.530038 0.049496 0.190445
0 0.368789 0.399691 0.044625 0.186204
0 0.519607 0.126545 0.034933 0.164256
0 0.474046 0.324525 0.038484 0.189089
0 0.579288 0.440735 0.049930 0.229784
0 0.802020 0.262006 0.041927 0.150222
0 0.444522 0.652952 0.052295 0.225309
0 0.797523 0.065657 0.028916 0.131315
0 0.774508 0.071722 0.030725 0.142456
0 0.985629 0.534320 0.028742 0.185801
0 0.899000 0.118535 0.037009 0.149966
0 0.524489 0.046114 0.033678 0.092228
0 0.548097 0.049330 0.030095 0.098660
0 0.871674 0.226396 0.044043 0.154911
0 0.251778 0.142464 0.036463 0.161482
0 0.554656 0.135392 0.041220 0.163425
0 0.229437 0.337132 0.036893 0.180377
0 0.794355 0.126373 0.031674 0.107713
0 0.422880 0.072509 0.036255 0.143362
0 0.925246 0.293204 0.039843 0.187547
0 0.959504 0.287666 0.036958 0.189387
0 0.226611 0.492359 0.049087 0.208844
0 0.205960 0.276618 0.036267 0.162452
0 0.170507 0.200019 0.032149 0.163996
0 0.918867 0.219403 0.038589 0.165016
0 0.161824 0.280182 0.039864 0.167274
0 0.091142 0.344287 0.044072 0.178926
0 0.224061 0.041492 0.027036 0.081978
0 0.974003 0.423572 0.040905 0.098399
0 0.218501 0.149520 0.034074 0.123177
0 0.977724 0.435059 0.040518 0.097051
2 0.692418 0.434255 0.137777 0.254443
