0 0.735858 0.647578 0.048566 0.206662
0 0.709916 0.540312 0.047165 0.217719
0 0.329028 0.791522 0.055781 0.212442
0 0.420145 0.335233 0.043293 0.220896
0 0.652590 0.109106 0.047276 0.129973
0 0.654334 0.049918 0.048407 0.099836
0 0.423119 0.213624 0.040985 0.124266
0 0.372626 0.257243 0.049689 0.126160
0 0.377688 0.698880 0.038493 0.211520
0 0.369370 0.400191 0.045305 0.185635
0 0.493867 0.143522 0.036250 0.167935
0 0.514606 0.341963 0.040273 0.169776
0 0.523439 0.045323 0.034112 0.090646
0 0.474826 0.328681 0.038169 0.187077
0 0.683370 0.236358 0.042839 0.167637
0 0.953731 0.531118 0.052166 0.182450
0 0.520494 0.132108 0.035992 0.164373
0 0.442294 0.631867 0.053215 0.215268
0 0.390339 0.075594 0.038570 0.151188
0 0.799075 0.065658 0.028823 0.131316
0 0.835687 0.068865 0.031227 0.136054
0 0.800331 0.262641 0.042077 0.146821
0 0.522602 0.584039 0.053305 0.209787
0 0.580478 0.451549 0.050765 0.215578
0 0.422670 0.066914 0.037121 0.133828
0 0.174475 0.198110 0.033420 0.159862
0 0.409418 0.741954 0.043535 0.249585
0 0.556812 0.144273 0.042639 0.165032
0 0.898792 0.117051 0.037055 0.157715
0 0.775647 0.072122 0.030796 0.144244
0 0.231984 0.341400 0.037502 0.173010
0 0.985214 0.522479 0.029572 0.194367
0 0.871142 0.222044 0.043785 0.159469
0 0.928904 0.301166 0.043149 0.189772
0 0.229838 0.498876 0.049158 0.204052
0 0.963415 0.291471 0.038322 0.192869
0 0.553147 0.049036 0.030044 0.098072
0 0.252132 0.139472 0.034787 0.163258
0 0.224685 0.037477 0.026023 0.073669
0 0.921291 0.220641 0.038645 0.152207
0 0.795556 0.130620 0.029507 0.099534
0 0.203870 0.278690 0.035641 0.168362
0 0.253699 0.045151 0.031954 0.089400
0 0.105430 0.328351 0.037133 0.172263
0 0.144405 0.304494 0.041343 0.186093
0 0.222634 0.141284 0.032792 0.139455
0 0.198126 0.057100 0.030993 0.114200
0 0.975528 0.425866 0.042736 0.097368
2 0.691740 0.434376 0.139557 0.253311
1 0.940824 0.500000 0.112411 1.000000
