0 0.735724 0.647239 0.048654 0.206920
0 0.328695 0.792057 0.055757 0.212841
0 0.709657 0.540359 0.046713 0.217345
0 0.652647 0.108971 0.047146 0.127682
0 0.419989 0.335059 0.043195 0.220796
0 0.654471 0.049867 0.049391 0.099735
0 0.369458 0.400277 0.045255 0.187052
0 0.372459 0.257069 0.049296 0.125038
0 0.399861 0.734169 0.048776 0.236079
0 0.524439 0.040628 0.033663 0.081256
0 0.423259 0.211770 0.041545 0.130517
0 0.512909 0.341685 0.039993 0.168160
0 0.492981 0.141810 0.037088 0.169257
0 0.438866 0.626362 0.057265 0.217926
0 0.473642 0.330883 0.036261 0.182938
0 0.798913 0.066089 0.027965 0.132177
0 0.522008 0.574065 0.053490 0.209205
0 0.521432 0.132376 0.039753 0.172713
0 0.837470 0.070834 0.031451 0.139104
0 0.377106 0.696389 0.037895 0.207685
0 0.897503 0.115553 0.037739 0.155658
0 0.682158 0.236365 0.043633 0.171247
0 0.392019 0.078112 0.037102 0.150200
0 0.584529 0.486023 0.048684 0.246312
0 0.174915 0.198246 0.032327 0.162434
0 0.423365 0.069310 0.035018 0.138621
0 0.777355 0.072397 0.029843 0.142931
0 0.235926 0.515601 0.048421 0.218971
0 0.232525 0.341469 0.038516 0.165287
0 0.877244 0.234758 0.047011 0.161740
0 0.259813 0.053993 0.028221 0.104981
0 0.966432 0.571276 0.061932 0.234899
0 0.204457 0.286566 0.035000 0.166873
0 0.555696 0.139693 0.044366 0.169846
0 0.105899 0.307131 0.039099 0.181495
0 0.196355 0.055957 0.030998 0.111771
0 0.223561 0.038784 0.029166 0.077105
0 0.989083 0.528999 0.021834 0.166997
0 0.143759 0.303464 0.043413 0.186534
0 0.936551 0.310040 0.042713 0.189561
0 0.220729 0.148715 0.034451 0.136688
0 0.253791 0.143702 0.034021 0.141069
0 0.834542 0.327299 0.042636 0.158968
0 0.971452 0.301745 0.036397 0.190924
0 0.557258 0.061508 0.033290 0.105885
0 0.923291 0.229282 0.041467 0.169891
0 0.124663 0.292903 0.029481 0.178827
0 0.979066 0.429739 0.039865 0.097821
0 0.928856 0.238001 0.041533 0.160169
0 0.799493 0.261450 0.042868 0.147377
2 0.692437 0.435212 0.139311 0.250261
1 0.934813 0.500000 0.128036 1.000000
