0 0.735636 0.647520 0.048290 0.206204
0 0.709855 0.539441 0.046396 0.219268
0 0.328694 0.790896 0.055643 0.211689
0 0.419813 0.334158 0.043052 0.222198
0 0.652353 0.110339 0.046760 0.127963
0 0.654088 0.049939 0.049280 0.099878
0 0.369141 0.400908 0.045126 0.186557
0 0.969580 0.580462 0.059024 0.213942
0 0.423116 0.211320 0.041745 0.129993
0 0.372584 0.256567 0.049706 0.126210
0 0.441234 0.581978 0.056333 0.208417
0 0.528281 0.527323 0.056806 0.204081
0 0.473203 0.325736 0.035598 0.178962
0 0.524975 0.046459 0.036192 0.092604
0 0.798021 0.066459 0.028039 0.132917
0 0.493396 0.143334 0.038705 0.170041
0 0.514109 0.338559 0.041488 0.169427
0 0.377205 0.697933 0.035999 0.210125
0 0.599102 0.533981 0.049986 0.241209
0 0.258297 0.051752 0.028479 0.102958
0 0.521025 0.130348 0.041665 0.165933
0 0.397945 0.100000 0.038805 0.161038
0 0.175873 0.195375 0.032951 0.166942
0 0.890580 0.088912 0.035402 0.158368
0 0.941370 0.262371 0.045422 0.166435
0 0.137107 0.278841 0.044856 0.171064
0 0.836438 0.321567 0.039041 0.163785
0 0.223860 0.043991 0.027154 0.087981
0 0.899043 0.268237 0.040832 0.160304
0 0.851768 0.090876 0.029010 0.142291
0 0.749063 0.198979 0.039628 0.165253
0 0.200529 0.053232 0.027476 0.106432
0 0.567696 0.083812 0.035244 0.123401
0 0.118206 0.350974 0.046398 0.184593
0 0.950294 0.339008 0.044866 0.187338
0 0.238072 0.515199 0.054291 0.224070
0 0.442328 0.116527 0.036692 0.157840
0 0.180822 0.055354 0.022968 0.110707
0 0.231320 0.345155 0.039069 0.185738
0 0.223137 0.136823 0.033974 0.141907
0 0.861032 0.367752 0.045322 0.171509
0 0.982157 0.335608 0.034590 0.200025
0 0.246876 0.141527 0.035399 0.154385
0 0.253583 0.140135 0.032549 0.167550
2 0.692922 0.433957 0.138535 0.251315
1 0.865799 0.500000 0.266676 1.000000
