0 0.103904 0.485277 0.054021 0.234479
0 0.132965 0.363583 0.052180 0.239357
0 0.506231 0.210136 0.050566 0.210166
0 0.526892 0.791644 0.060856 0.233796
0 0.451079 0.137449 0.048330 0.250637
0 0.448377 0.035881 0.048914 0.071763
0 0.503047 0.059886 0.053863 0.119773
0 0.345499 0.143176 0.045515 0.184386
0 0.365929 0.802769 0.070990 0.301441
0 0.496942 0.518117 0.043221 0.190648
0 0.547922 0.567645 0.057470 0.089528
0 0.428927 0.453620 0.062289 0.241124
0 0.337989 0.393450 0.059826 0.231933
0 0.390937 0.134367 0.039392 0.196936
0 0.313806 0.682949 0.065815 0.142633
0 0.454812 0.697261 0.052795 0.171129
0 0.266055 0.324535 0.053191 0.254429
0 0.385285 0.699534 0.062706 0.180524
0 0.080016 0.675315 0.053745 0.140867
0 0.116237 0.048310 0.042501 0.096591
0 0.475548 0.530365 0.060923 0.163582
0 0.832917 0.240715 0.099942 0.162395
0 0.292179 0.020562 0.041417 0.041088
1 0.789749 0.311408 0.419156 0.619661
2 0.147602 0.249304 0.155760 0.275495
1 0.789389 0.747144 0.420128 0.505712
