0 0.139268 0.334308 0.061475 0.148406
0 0.889811 0.710432 0.072923 0.337039
0 0.778252 0.767343 0.140847 0.465314
0 0.351462 0.760682 0.355452 0.473890
0 0.351238 0.172928 0.058571 0.232800
0 0.253749 0.308415 0.054423 0.201337
0 0.407418 0.058682 0.055919 0.116494
0 0.268330 0.229354 0.054926 0.242400
0 0.665561 0.733970 0.098501 0.409763
0 0.182646 0.027233 0.046312 0.054466
0 0.703656 0.699906 0.039153 0.221849
0 0.193184 0.275526 0.042660 0.228395
0 0.601612 0.748977 0.065747 0.448167
0 0.025308 0.071911 0.048063 0.143823
0 0.931817 0.026365 0.017135 0.052730
0 0.048299 0.045504 0.038610 0.091007
0 0.673460 0.042585 0.033995 0.079296
1 0.272754 0.497622 0.520836 0.995244
2 0.504373 0.060543 0.053114 0.117412
