0 0.709646 0.539525 0.046677 0.217970
0 0.735723 0.647773 0.048242 0.206666
0 0.328880 0.791879 0.056227 0.212257
0 0.419848 0.334411 0.043122 0.222844
0 0.653955 0.050029 0.048600 0.100058
0 0.969543 0.580780 0.059789 0.216186
0 0.651871 0.110804 0.046673 0.129986
0 0.369490 0.400108 0.045373 0.186499
0 0.493903 0.144933 0.038075 0.160738
0 0.372387 0.256227 0.049364 0.125323
0 0.423197 0.210086 0.042439 0.130538
0 0.474164 0.324927 0.036984 0.178763
0 0.440658 0.616436 0.056658 0.233886
0 0.522951 0.042970 0.033324 0.085252
0 0.523347 0.562520 0.054748 0.218000
0 0.377667 0.700016 0.037412 0.214969
0 0.797307 0.067392 0.030699 0.134658
0 0.587543 0.502892 0.048355 0.227981
0 0.514639 0.338267 0.040188 0.160058
0 0.258931 0.054355 0.029838 0.106994
0 0.396129 0.729880 0.053930 0.245498
0 0.522949 0.134360 0.041863 0.169284
0 0.396941 0.095281 0.039347 0.167273
0 0.423773 0.072467 0.036093 0.144934
0 0.174881 0.195251 0.031184 0.164300
0 0.722719 0.213759 0.035936 0.168656
0 0.224729 0.041829 0.027636 0.083476
0 0.895854 0.110880 0.036155 0.156408
0 0.843857 0.073347 0.030978 0.137311
0 0.886516 0.250876 0.041079 0.154237
0 0.554800 0.139258 0.040785 0.162502
0 0.776307 0.073342 0.029829 0.144674
0 0.835339 0.320369 0.039709 0.159391
0 0.935410 0.251090 0.042072 0.147041
0 0.232827 0.343700 0.037727 0.172352
0 0.237639 0.524825 0.051962 0.220011
0 0.946104 0.328059 0.045832 0.199509
0 0.199207 0.054528 0.029602 0.109057
0 0.565325 0.082255 0.034624 0.119526
0 0.977530 0.319279 0.037067 0.202067
0 0.220809 0.137449 0.034647 0.140531
0 0.249756 0.141647 0.035218 0.163061
0 0.205158 0.286642 0.033669 0.151734
0 0.127488 0.333542 0.041985 0.190998
0 0.139810 0.265873 0.037451 0.171324
2 0.692773 0.434257 0.138951 0.251969
