0 0.124086 0.321799 0.053789 0.226683
0 0.152352 0.204337 0.052420 0.239356
0 0.570864 0.477332 0.061914 0.223334
0 0.527002 0.078546 0.050994 0.157091
0 0.367676 0.038816 0.044151 0.076902
0 0.449407 0.302000 0.060808 0.237963
0 0.471497 0.050551 0.046147 0.100914
0 0.357684 0.243529 0.058771 0.227457
0 0.299741 0.827932 0.124061 0.344137
0 0.517448 0.383572 0.042533 0.236231
0 0.410998 0.034270 0.042228 0.067860
0 0.290852 0.140718 0.053790 0.273049
0 0.493613 0.413933 0.053774 0.268557
0 0.874331 0.946859 0.057642 0.106281
0 0.715597 0.939856 0.048498 0.118029
0 0.800770 0.938842 0.026944 0.122316
0 0.018757 0.029215 0.037188 0.055729
0 0.777961 0.957822 0.024040 0.084042
0 0.682148 0.936392 0.033653 0.126633
0 0.750400 0.913438 0.019833 0.092931
1 0.829503 0.292868 0.340994 0.585653
1 0.335322 0.793712 0.663781 0.412576
2 0.875966 0.927456 0.133115 0.118469
