0 0.260392 0.413479 0.049453 0.159730
0 0.200619 0.033074 0.047654 0.066121
0 0.138433 0.395829 0.050953 0.187003
0 0.055395 0.239996 0.044926 0.178544
0 0.064326 0.415350 0.055227 0.146300
0 0.033304 0.055086 0.041826 0.110173
0 0.015907 0.228726 0.031813 0.190469
0 0.065618 0.051859 0.039349 0.103718
0 0.834308 0.317628 0.061283 0.136810
0 0.275195 0.107795 0.038654 0.177602
0 0.391604 0.225555 0.046183 0.177151
0 0.593873 0.886842 0.045032 0.226317
0 0.499285 0.149705 0.046821 0.161856
0 0.099750 0.062138 0.043902 0.124276
0 0.441112 0.145677 0.046695 0.165629
0 0.506876 0.235418 0.044237 0.192051
0 0.634558 0.863542 0.026485 0.145399
0 0.513556 0.412110 0.032324 0.151535
0 0.950525 0.828528 0.022348 0.105325
0 0.406312 0.024816 0.036566 0.049632
0 0.708611 0.835529 0.013607 0.088082
0 0.990789 0.802265 0.016978 0.080856
1 0.298759 0.746962 0.257816 0.506075
2 0.244386 0.343246 0.146323 0.262022
1 0.765909 0.242465 0.466418 0.484929
2 0.325450 0.926531 0.116966 0.146939
