0 0.150940 0.210568 0.054309 0.222845
0 0.179617 0.106366 0.051371 0.212732
0 0.521538 0.300896 0.058215 0.249550
0 0.475097 0.177699 0.061826 0.242802
0 0.383087 0.123605 0.059236 0.235967
0 0.313608 0.086708 0.051824 0.173416
0 0.577683 0.341789 0.025878 0.175053
0 0.789020 0.595046 0.085325 0.252981
0 0.541659 0.265617 0.041199 0.222555
0 0.550102 0.021561 0.047031 0.042259
0 0.772391 0.201062 0.316640 0.362174
0 0.248187 0.748259 0.074072 0.108833
2 0.220013 0.060481 0.061460 0.112431
2 0.179744 0.060744 0.105774 0.121489
2 0.165643 0.059223 0.078166 0.115850
