0 0.265510 0.317014 0.049738 0.256384
0 0.211341 0.228912 0.054289 0.142763
0 0.320838 0.772944 0.117382 0.328665
0 0.207421 0.387505 0.050721 0.204504
0 0.327644 0.308799 0.040261 0.205034
0 0.347777 0.097368 0.040983 0.186197
0 0.268703 0.174851 0.049639 0.147404
0 0.380908 0.091420 0.045560 0.180935
0 0.372666 0.320431 0.045335 0.183114
0 0.233473 0.055825 0.043878 0.111649
0 0.417053 0.097093 0.049049 0.179634
0 0.077084 0.102928 0.037756 0.198026
0 0.048868 0.324503 0.047420 0.206711
0 0.454041 0.427570 0.053175 0.123000
0 0.274576 0.046321 0.046450 0.092642
0 0.019956 0.250383 0.038448 0.183132
0 0.056562 0.441590 0.054544 0.094627
1 0.275578 0.737108 0.448080 0.503586
1 0.752232 0.865603 0.491589 0.268793
1 0.752846 0.745064 0.493898 0.509872
1 0.326204 0.243710 0.345461 0.481013
