0 0.617853 0.801480 0.195990 0.396673
0 0.271447 0.525693 0.051871 0.148297
0 0.895334 0.155036 0.048899 0.201156
0 0.210315 0.102410 0.052506 0.139596
0 0.922447 0.874329 0.060140 0.212902
0 0.211555 0.046207 0.054540 0.092414
0 0.089254 0.880083 0.059871 0.232333
0 0.949466 0.101044 0.045090 0.202088
0 0.898782 0.034256 0.052187 0.068469
0 0.851590 0.531665 0.061874 0.137760
0 0.367769 0.060832 0.031650 0.121664
0 0.320695 0.189475 0.046985 0.184162
0 0.497436 0.662552 0.041743 0.117408
0 0.039695 0.143078 0.038391 0.180407
0 0.383987 0.669656 0.051534 0.137171
0 0.206958 0.666527 0.049326 0.132526
0 0.123518 0.214741 0.038571 0.184116
0 0.069820 0.127849 0.041384 0.184743
0 0.969374 0.311792 0.048701 0.221997
0 0.130485 0.101307 0.038647 0.148348
0 0.905946 0.481560 0.043044 0.236661
0 0.069206 0.040410 0.037773 0.080820
0 0.095681 0.510279 0.047029 0.190145
0 0.726907 0.078076 0.042499 0.156152
0 0.062240 0.353445 0.048165 0.183474
0 0.140075 0.778617 0.039224 0.229858
0 0.437611 0.390733 0.050082 0.191730
0 0.017310 0.356857 0.034532 0.197260
0 0.413159 0.665402 0.045467 0.128191
0 0.747108 0.194416 0.048843 0.174934
0 0.992203 0.095471 0.015594 0.179898
0 0.613674 0.130338 0.047238 0.199463
0 0.436809 0.066518 0.031762 0.133035
0 0.469289 0.097046 0.040387 0.160538
0 0.500541 0.305493 0.039107 0.191998
0 0.165451 0.544303 0.051378 0.114855
0 0.766017 0.352575 0.051382 0.233979
0 0.510146 0.723422 0.017930 0.198811
0 0.927565 0.484857 0.045189 0.230271
0 0.396583 0.059226 0.027121 0.117638
0 0.310557 0.640593 0.050190 0.080509
0 0.451729 0.113267 0.029617 0.165909
0 0.664954 0.051365 0.041150 0.102730
0 0.015986 0.683935 0.031955 0.167812
1 0.731726 0.799455 0.427682 0.401091
2 0.264839 0.462471 0.145887 0.286366
