0 0.710014 0.540255 0.046521 0.217618
0 0.735773 0.647734 0.048345 0.206465
0 0.329107 0.792370 0.055396 0.212056
0 0.420050 0.335108 0.043292 0.220687
0 0.652372 0.109659 0.047451 0.129882
0 0.423207 0.212406 0.041381 0.125117
0 0.654008 0.049799 0.048925 0.099598
0 0.372472 0.257191 0.049668 0.126027
0 0.369465 0.400227 0.045351 0.185815
0 0.493218 0.140196 0.036832 0.170949
0 0.377800 0.697040 0.038100 0.207822
0 0.514780 0.338968 0.040927 0.171694
0 0.426345 0.747227 0.060355 0.243766
0 0.523438 0.044487 0.033649 0.088946
0 0.834956 0.066991 0.032500 0.132677
0 0.475179 0.325790 0.038451 0.190100
0 0.520310 0.129128 0.035305 0.161955
0 0.682746 0.237427 0.042159 0.163162
0 0.443631 0.641467 0.052745 0.225720
0 0.523113 0.589938 0.052857 0.215429
0 0.953610 0.531540 0.050313 0.177951
0 0.579716 0.447915 0.049726 0.213736
0 0.799631 0.261883 0.042730 0.145222
0 0.389594 0.075846 0.037569 0.151177
0 0.798344 0.065273 0.029177 0.130547
0 0.960385 0.287806 0.036948 0.188621
0 0.172671 0.197950 0.033857 0.162897
0 0.776346 0.072670 0.030616 0.144624
0 0.555149 0.137695 0.043989 0.159990
0 0.231509 0.337527 0.036940 0.171428
0 0.986045 0.530453 0.027910 0.177191
0 0.422736 0.067121 0.037045 0.134242
0 0.899573 0.117783 0.036664 0.153589
0 0.870406 0.220753 0.043124 0.159900
0 0.551041 0.047838 0.030238 0.095432
0 0.926083 0.298428 0.044126 0.191997
0 0.227782 0.495303 0.048705 0.207838
0 0.920448 0.220401 0.039565 0.153418
0 0.795039 0.127094 0.030261 0.107197
0 0.224826 0.042258 0.025701 0.082662
0 0.203957 0.280190 0.035760 0.168647
0 0.252800 0.141677 0.034099 0.169353
0 0.223429 0.148616 0.031319 0.133523
0 0.103082 0.331399 0.037513 0.176808
0 0.198695 0.059676 0.031530 0.114980
0 0.975761 0.428324 0.043147 0.101010
0 0.144756 0.302033 0.042445 0.192900
0 0.253719 0.045883 0.030481 0.088539
2 0.691506 0.435522 0.139194 0.256101
