0 0.735794 0.647555 0.048632 0.205788
0 0.710109 0.540058 0.046570 0.217362
0 0.329053 0.792097 0.055379 0.212149
0 0.652398 0.109382 0.047083 0.129533
0 0.420157 0.335120 0.043353 0.221965
0 0.654285 0.049743 0.048450 0.099487
0 0.422987 0.213159 0.040987 0.123091
0 0.372452 0.257313 0.049559 0.125683
0 0.377553 0.698028 0.038078 0.208215
0 0.369314 0.400672 0.045241 0.186152
0 0.493778 0.141943 0.036606 0.169318
0 0.523241 0.044789 0.033821 0.089578
0 0.514613 0.339577 0.041199 0.170342
0 0.475254 0.326650 0.038087 0.190724
0 0.682565 0.235142 0.043257 0.163299
0 0.953428 0.532308 0.051627 0.181418
0 0.520493 0.130886 0.035237 0.161289
0 0.443705 0.637319 0.053580 0.221894
0 0.522707 0.587802 0.053218 0.213468
0 0.390025 0.075794 0.038134 0.150782
0 0.424866 0.745559 0.061014 0.243513
0 0.799840 0.262489 0.042302 0.145770
0 0.835052 0.068563 0.032034 0.135148
0 0.579959 0.451300 0.050102 0.219862
0 0.798680 0.065101 0.029123 0.130203
0 0.173588 0.198504 0.034203 0.160132
0 0.422721 0.067103 0.036289 0.134205
0 0.231499 0.337673 0.036666 0.170480
0 0.899294 0.117078 0.036889 0.154913
0 0.776193 0.072195 0.030368 0.144236
0 0.555872 0.139365 0.044021 0.161596
0 0.551001 0.048187 0.030265 0.096375
0 0.961131 0.291755 0.036564 0.190311
0 0.869769 0.220437 0.042915 0.159570
0 0.985686 0.531441 0.028629 0.178797
0 0.927371 0.299172 0.043943 0.189558
0 0.228853 0.497318 0.049286 0.208295
0 0.795715 0.127320 0.030291 0.106548
0 0.224833 0.041048 0.025624 0.079961
0 0.920391 0.220072 0.040884 0.153529
0 0.252946 0.141206 0.033885 0.161414
0 0.204022 0.278844 0.036474 0.168417
0 0.224701 0.147077 0.031416 0.137274
0 0.104325 0.332078 0.036810 0.175020
0 0.144281 0.302125 0.041688 0.189841
0 0.975327 0.425992 0.043126 0.096627
0 0.253937 0.045182 0.029661 0.088757
2 0.691761 0.435654 0.139697 0.255344
