0 0.735740 0.647271 0.048528 0.205872
0 0.709631 0.539464 0.046528 0.218563
0 0.329068 0.790556 0.054893 0.213319
0 0.422592 0.213761 0.041183 0.127963
0 0.653938 0.050179 0.049956 0.100359
0 0.652596 0.109257 0.047073 0.128811
0 0.420196 0.333974 0.043307 0.222976
0 0.969374 0.580143 0.060958 0.218413
0 0.369205 0.400396 0.044862 0.187145
0 0.372231 0.256883 0.049095 0.123941
0 0.796676 0.063814 0.028728 0.127629
0 0.437932 0.546440 0.046975 0.202962
0 0.475629 0.327237 0.036373 0.179869
0 0.520557 0.129086 0.041412 0.165798
0 0.539109 0.506774 0.047166 0.201888
0 0.599650 0.542842 0.050796 0.244689
0 0.397282 0.094872 0.040646 0.174145
0 0.523692 0.046419 0.034997 0.091000
0 0.752616 0.195809 0.044334 0.172051
0 0.514455 0.342143 0.039812 0.159605
0 0.380909 0.702334 0.041394 0.218892
0 0.889882 0.088186 0.039396 0.152301
0 0.175355 0.198396 0.032798 0.155365
0 0.857418 0.085228 0.029531 0.140845
0 0.570890 0.206707 0.034795 0.162236
0 0.257567 0.051449 0.030680 0.102671
0 0.492078 0.135125 0.035814 0.165930
0 0.948560 0.276136 0.048174 0.169974
0 0.964586 0.371211 0.046698 0.186535
0 0.578569 0.101664 0.036870 0.138313
0 0.233449 0.439527 0.047438 0.164138
0 0.153449 0.267770 0.040704 0.185663
0 0.222558 0.046631 0.028633 0.093261
0 0.444096 0.113167 0.041998 0.158462
0 0.904506 0.285108 0.044679 0.159776
0 0.861243 0.372840 0.045398 0.172340
0 0.247658 0.576776 0.044555 0.226068
0 0.258974 0.219217 0.031199 0.160537
0 0.197098 0.055859 0.026799 0.111718
0 0.990757 0.372620 0.018486 0.181550
0 0.220949 0.196171 0.039567 0.143542
0 0.109044 0.377709 0.047223 0.196845
0 0.213502 0.315396 0.040515 0.146503
0 0.250750 0.156451 0.032059 0.154076
2 0.692669 0.433177 0.139346 0.254058
