0 0.139774 0.271904 0.053670 0.252754
0 0.109206 0.373201 0.056151 0.193886
0 0.545984 0.353308 0.122899 0.236820
0 0.945221 0.324164 0.109325 0.291267
0 0.691832 0.346667 0.157883 0.246020
0 0.433375 0.358335 0.114387 0.222632
0 0.719192 0.201660 0.082842 0.283169
0 0.413144 0.230928 0.085571 0.263021
0 0.589453 0.296196 0.094639 0.332367
0 0.835606 0.321646 0.140242 0.296649
0 0.264355 0.270309 0.059042 0.281193
0 0.764439 0.106459 0.055402 0.153356
0 0.358478 0.070833 0.038836 0.141667
0 0.898211 0.174813 0.068307 0.217034
0 0.333780 0.229821 0.060630 0.239121
0 0.497118 0.277645 0.089925 0.336955
0 0.565825 0.147099 0.056617 0.163942
0 0.954633 0.178276 0.090734 0.258382
0 0.978652 0.156030 0.042556 0.306060
0 0.795144 0.235735 0.089156 0.325627
0 0.666076 0.237230 0.075625 0.318586
0 0.618359 0.152145 0.048347 0.134811
0 0.528589 0.141343 0.041359 0.144155
0 0.845957 0.132322 0.046323 0.099706
0 0.442366 0.122565 0.062363 0.164016
0 0.903419 0.080856 0.055633 0.133317
0 0.646317 0.124481 0.034484 0.080464
2 0.156744 0.152905 0.163647 0.295416
2 0.935300 0.755695 0.061327 0.070438
2 0.725783 0.748485 0.052090 0.091677
1 0.411493 0.549411 0.078149 0.153353
2 0.773013 0.748924 0.056346 0.091600
