0 0.709565 0.539479 0.046638 0.218577
0 0.735605 0.647363 0.048372 0.206158
0 0.328992 0.790681 0.055150 0.214575
0 0.422639 0.213470 0.041936 0.127293
0 0.653683 0.049857 0.050141 0.099713
0 0.969411 0.581487 0.060912 0.216194
0 0.420199 0.334181 0.043633 0.222603
0 0.652433 0.109467 0.047439 0.129914
0 0.369165 0.400417 0.045113 0.189022
0 0.372341 0.256536 0.049080 0.124458
0 0.797033 0.064342 0.028545 0.128684
0 0.438267 0.545015 0.046371 0.203750
0 0.475342 0.326793 0.036328 0.177021
0 0.539542 0.505278 0.046696 0.203424
0 0.599635 0.542578 0.050581 0.244472
0 0.520883 0.128264 0.041107 0.163752
0 0.524112 0.045846 0.034750 0.089373
0 0.752951 0.195719 0.043444 0.171995
0 0.397233 0.095996 0.039959 0.173384
0 0.570968 0.206609 0.035849 0.165678
0 0.890009 0.087481 0.039283 0.151852
0 0.949532 0.276268 0.048577 0.171832
0 0.174886 0.199671 0.032941 0.153957
0 0.380944 0.703510 0.042130 0.220307
0 0.257411 0.053110 0.029806 0.105922
0 0.514434 0.341743 0.040293 0.159214
0 0.492777 0.141191 0.037504 0.160424
0 0.856812 0.082352 0.029339 0.145108
0 0.964120 0.368594 0.047799 0.189184
0 0.247873 0.576792 0.044961 0.230084
0 0.233107 0.438859 0.047727 0.162334
0 0.221718 0.048448 0.028320 0.096895
0 0.579576 0.101458 0.036104 0.137834
0 0.444094 0.112815 0.041849 0.158106
0 0.905111 0.288260 0.046746 0.163268
0 0.862609 0.375055 0.045414 0.171685
0 0.154089 0.267390 0.041568 0.186295
0 0.196392 0.055141 0.027695 0.110282
0 0.990016 0.367022 0.019968 0.181582
0 0.258690 0.219260 0.031253 0.155684
0 0.221142 0.194460 0.038643 0.137954
0 0.108197 0.379350 0.046501 0.193943
0 0.213647 0.312023 0.041298 0.152721
2 0.692284 0.432681 0.140103 0.249499
