0 0.083767 0.478961 0.059446 0.178844
0 0.126199 0.095152 0.047741 0.189221
0 0.704200 0.284872 0.460354 0.566038
0 0.179568 0.067842 0.046223 0.135685
0 0.201747 0.274337 0.057091 0.225837
0 0.294899 0.220654 0.060918 0.227828
0 0.235543 0.053654 0.039264 0.107308
0 0.278872 0.057099 0.043134 0.114198
0 0.369448 0.233742 0.053692 0.262039
0 0.136334 0.405804 0.042261 0.225603
0 0.271290 0.942255 0.114190 0.115490
0 0.387776 0.966828 0.100746 0.066344
0 0.720028 0.975698 0.048974 0.048560
0 0.011661 0.260326 0.023321 0.236729
0 0.059842 0.814280 0.111848 0.176879
0 0.127499 0.796032 0.035360 0.075643
1 0.717916 0.485780 0.560900 0.971561
1 0.718441 0.326227 0.561692 0.652454
