0 0.735451 0.646807 0.048477 0.208537
0 0.709859 0.539389 0.046292 0.217734
0 0.328604 0.790405 0.055138 0.217113
0 0.969039 0.582398 0.061353 0.217492
0 0.653881 0.050382 0.050099 0.100765
0 0.369078 0.400121 0.044611 0.189122
0 0.419724 0.333976 0.042951 0.221763
0 0.652861 0.110011 0.047379 0.129953
0 0.423201 0.210836 0.042756 0.131848
0 0.372474 0.256815 0.049081 0.123954
0 0.521859 0.136104 0.040239 0.164409
0 0.797263 0.066340 0.028652 0.131093
0 0.438425 0.542608 0.044561 0.214737
0 0.754213 0.188295 0.042571 0.171288
0 0.258311 0.051820 0.029709 0.102526
0 0.473765 0.333393 0.034167 0.174712
0 0.524780 0.045003 0.034048 0.089972
0 0.493360 0.141530 0.036902 0.163222
0 0.960294 0.361657 0.046522 0.196295
0 0.513042 0.344480 0.041890 0.159393
0 0.571149 0.210259 0.036200 0.160949
0 0.398859 0.099484 0.041705 0.175676
0 0.245876 0.592156 0.044078 0.219922
0 0.953494 0.281070 0.047233 0.182284
0 0.198230 0.058408 0.027337 0.113702
0 0.541136 0.502952 0.045835 0.209137
0 0.395173 0.709981 0.049211 0.219846
0 0.578850 0.109430 0.034965 0.136566
0 0.444502 0.118381 0.041227 0.159239
0 0.379120 0.697132 0.038357 0.207756
0 0.160057 0.261684 0.038623 0.177553
0 0.860879 0.081836 0.030171 0.144308
0 0.989356 0.370835 0.021288 0.179675
0 0.619659 0.622344 0.053213 0.250917
0 0.889827 0.094787 0.036812 0.155079
0 0.917922 0.294769 0.040552 0.166362
0 0.177561 0.195806 0.034231 0.144646
0 0.863346 0.373560 0.045743 0.175384
0 0.262143 0.220793 0.031684 0.142218
0 0.103800 0.388606 0.047658 0.194276
0 0.215085 0.323365 0.040995 0.151204
0 0.222163 0.196419 0.036733 0.142359
0 0.232607 0.442049 0.048057 0.148006
0 0.222732 0.045710 0.024976 0.090844
0 0.256200 0.159249 0.031981 0.138702
0 0.875220 0.107398 0.028571 0.166633
2 0.692055 0.432347 0.139446 0.251391
