0 0.163429 0.257937 0.048201 0.185162
0 0.145755 0.574170 0.289846 0.392432
0 0.459362 0.092011 0.044332 0.184022
0 0.837888 0.669592 0.076002 0.625202
0 0.757605 0.703768 0.087319 0.550605
0 0.928424 0.673537 0.097388 0.647991
0 0.403868 0.078787 0.038701 0.157573
0 0.670981 0.699166 0.084046 0.575324
0 0.137181 0.316913 0.048144 0.067157
0 0.338315 0.240778 0.048574 0.208011
0 0.441813 0.265188 0.048480 0.168588
0 0.362457 0.078424 0.042846 0.156847
0 0.623153 0.708199 0.059541 0.541633
0 0.013495 0.122269 0.026990 0.169712
0 0.274415 0.249312 0.052420 0.199709
1 0.246934 0.651937 0.489778 0.591287
2 0.178654 0.171153 0.147636 0.289569
