0 0.151474 0.309175 0.051775 0.215861
0 0.178706 0.196362 0.049741 0.228490
0 0.752333 0.793375 0.059100 0.217018
0 0.600249 0.804118 0.068485 0.298751
0 0.384252 0.037104 0.044620 0.073151
0 0.425132 0.034824 0.038858 0.068149
0 0.307241 0.144185 0.050250 0.256033
0 0.374778 0.225556 0.057447 0.227619
0 0.455329 0.279192 0.047457 0.235802
0 0.970141 0.472035 0.057281 0.255534
0 0.305261 0.843003 0.182524 0.294938
0 0.615349 0.711852 0.062135 0.145805
0 0.547873 0.702829 0.062022 0.124734
0 0.468993 0.046922 0.023425 0.093527
0 0.688374 0.711616 0.045530 0.143870
0 0.048891 0.026710 0.043995 0.053394
1 0.849433 0.500000 0.301026 1.000000
1 0.740034 0.385029 0.519931 0.770057
1 0.243394 0.319721 0.486138 0.639443
