0 0.482691 0.498261 0.053781 0.224311
0 0.454294 0.381137 0.050571 0.237465
0 0.137664 0.159477 0.046737 0.241817
0 0.082611 0.229183 0.049725 0.204727
0 0.086115 0.072304 0.054489 0.135656
0 0.140683 0.046425 0.045333 0.092851
0 0.334983 0.381829 0.055210 0.263542
0 0.814479 0.342299 0.371042 0.594297
0 0.160243 0.415790 0.057292 0.240180
0 0.196102 0.151794 0.041971 0.202290
0 0.257223 0.363022 0.060754 0.231975
0 0.128992 0.811298 0.256231 0.348912
0 0.241222 0.162203 0.043582 0.186305
0 0.090485 0.538655 0.044084 0.203871
0 0.035395 0.590864 0.063002 0.096373
0 0.614529 0.204165 0.031016 0.191414
0 0.423278 0.799671 0.239748 0.317418
0 0.501841 0.046710 0.049181 0.093421
0 0.217242 0.024489 0.037576 0.046838
0 0.259932 0.859020 0.108980 0.200255
0 0.249910 0.021391 0.041667 0.041016
2 0.436387 0.264477 0.155856 0.279451
1 0.814384 0.821799 0.368508 0.353846
