0 0.735814 0.647088 0.048807 0.206673
0 0.709554 0.540373 0.046834 0.217650
0 0.328735 0.792147 0.055383 0.213155
0 0.652614 0.109139 0.047348 0.128711
0 0.420065 0.334686 0.043205 0.221206
0 0.654467 0.049826 0.048946 0.099653
0 0.369552 0.400281 0.045086 0.186225
0 0.372483 0.256736 0.049279 0.125335
0 0.398012 0.729460 0.051246 0.236488
0 0.492855 0.142034 0.037260 0.170349
0 0.524086 0.040910 0.033164 0.081819
0 0.423365 0.211720 0.042035 0.130407
0 0.439086 0.623569 0.056674 0.214990
0 0.512642 0.341318 0.040275 0.168202
0 0.473356 0.330069 0.036535 0.185130
0 0.521870 0.568148 0.053396 0.209324
0 0.798421 0.065627 0.028758 0.131253
0 0.586392 0.490014 0.046404 0.244239
0 0.521480 0.132952 0.040306 0.171371
0 0.967456 0.575310 0.061391 0.231705
0 0.391882 0.079097 0.037950 0.152478
0 0.897377 0.115452 0.037691 0.157400
0 0.837817 0.070338 0.031635 0.138263
0 0.422976 0.070758 0.034409 0.141516
0 0.376008 0.697549 0.036346 0.208715
0 0.173760 0.197521 0.032807 0.162073
0 0.682318 0.234897 0.044430 0.169240
0 0.775339 0.072760 0.030904 0.141749
0 0.236781 0.518253 0.048194 0.218106
0 0.232759 0.343297 0.038009 0.167966
0 0.145184 0.306635 0.041041 0.188322
0 0.260007 0.052543 0.028307 0.102066
0 0.881860 0.241700 0.045795 0.163811
0 0.203599 0.280218 0.035244 0.165421
0 0.832264 0.319654 0.044558 0.153496
0 0.224346 0.039721 0.029707 0.079292
0 0.941254 0.315153 0.044995 0.187322
0 0.555033 0.140227 0.044159 0.166901
0 0.106795 0.303428 0.037978 0.181332
0 0.196618 0.056513 0.031540 0.112570
0 0.221837 0.142427 0.033726 0.141519
0 0.559041 0.065865 0.033856 0.109705
0 0.988758 0.530965 0.022484 0.160533
0 0.976510 0.308365 0.037381 0.196700
0 0.931299 0.243596 0.043498 0.160587
0 0.720976 0.218060 0.037053 0.159564
0 0.923599 0.234518 0.038951 0.167795
2 0.692468 0.435106 0.139384 0.252341
1 0.933138 0.500000 0.131707 1.000000
