0 0.249952 0.237103 0.049507 0.122410
0 0.297503 0.317965 0.041933 0.228563
0 0.245566 0.385066 0.046003 0.192756
0 0.299809 0.188480 0.042337 0.131353
0 0.352322 0.311433 0.036267 0.175276
0 0.372045 0.122878 0.037762 0.159794
0 0.392308 0.318973 0.040971 0.167240
0 0.401423 0.113804 0.040555 0.151496
0 0.404288 0.035943 0.035899 0.071887
0 0.274087 0.080823 0.040587 0.161645
0 0.132699 0.040291 0.032250 0.080582
0 0.052520 0.177306 0.034128 0.164768
0 0.101313 0.037406 0.028774 0.074811
0 0.449494 0.066134 0.033160 0.114446
0 0.404367 0.450299 0.051467 0.075886
0 0.320119 0.083746 0.037605 0.162710
0 0.465674 0.441696 0.026969 0.094361
0 0.083655 0.254871 0.038350 0.167954
0 0.107301 0.334297 0.041795 0.176902
0 0.433887 0.122542 0.039951 0.152134
0 0.074527 0.046855 0.031550 0.093611
0 0.299118 0.063135 0.033518 0.126271
0 0.118822 0.438219 0.049139 0.098842
0 0.103143 0.123582 0.037306 0.147767
0 0.015963 0.256337 0.031042 0.162397
