0 0.209604 0.769080 0.419208 0.461841
0 0.158168 0.443222 0.052783 0.171065
0 0.949585 0.261286 0.100335 0.522573
0 0.741783 0.302531 0.104235 0.455895
0 0.844523 0.265689 0.093089 0.519829
0 0.220664 0.032580 0.051789 0.065160
0 0.107436 0.093674 0.050647 0.187348
0 0.378611 0.257166 0.045465 0.193641
0 0.634110 0.293350 0.108730 0.471643
0 0.350709 0.428599 0.054175 0.204996
0 0.400800 0.065019 0.039514 0.130038
0 0.312690 0.107175 0.039419 0.190978
0 0.281825 0.435298 0.058436 0.186864
0 0.576913 0.293393 0.067867 0.465950
0 0.367337 0.063864 0.043616 0.127728
0 0.416615 0.245233 0.023937 0.202644
0 0.307132 0.030459 0.039130 0.059798
0 0.336878 0.068927 0.033294 0.131598
2 0.174506 0.370103 0.172043 0.297368
1 0.709050 0.500000 0.581900 1.000000
1 0.208227 0.766355 0.414982 0.467290
