0 0.709663 0.539332 0.046805 0.217874
0 0.735682 0.647364 0.048432 0.206406
0 0.328796 0.790871 0.055742 0.210905
0 0.419792 0.334142 0.043287 0.224088
0 0.652090 0.109634 0.046537 0.128822
0 0.653926 0.049991 0.048639 0.099981
0 0.969334 0.583010 0.060028 0.217216
0 0.369422 0.400120 0.045411 0.188250
0 0.422939 0.210050 0.042714 0.129943
0 0.372230 0.256418 0.049368 0.125579
0 0.493211 0.143126 0.038806 0.164815
0 0.440178 0.608388 0.055278 0.221176
0 0.474272 0.325220 0.037049 0.179567
0 0.523363 0.044682 0.034511 0.088446
0 0.589799 0.506058 0.048863 0.230818
0 0.377783 0.699074 0.037280 0.211778
0 0.514904 0.342633 0.040747 0.159719
0 0.797768 0.066534 0.029486 0.133067
0 0.524175 0.556844 0.056391 0.215561
0 0.258350 0.052885 0.029534 0.104885
0 0.522865 0.135055 0.041704 0.164394
0 0.396543 0.092844 0.038880 0.166461
0 0.723374 0.213364 0.035769 0.165524
0 0.175893 0.194529 0.031311 0.168182
0 0.895507 0.108715 0.036227 0.153501
0 0.224112 0.042511 0.027408 0.085022
0 0.834118 0.322186 0.039606 0.163805
0 0.397301 0.731937 0.051569 0.244848
0 0.777698 0.071880 0.029726 0.141464
0 0.885052 0.249818 0.039772 0.159136
0 0.199642 0.053390 0.029616 0.106781
0 0.237776 0.524051 0.051252 0.224616
0 0.935487 0.250441 0.042320 0.146962
0 0.423539 0.074240 0.034979 0.148480
0 0.945013 0.324675 0.045364 0.196879
0 0.554985 0.140811 0.039588 0.163690
0 0.846111 0.072854 0.029634 0.138564
0 0.233112 0.339203 0.036312 0.164496
0 0.564676 0.083288 0.034446 0.122967
0 0.221127 0.140359 0.033794 0.140116
0 0.248263 0.141408 0.035121 0.157317
0 0.205640 0.284582 0.034086 0.152693
0 0.977902 0.313967 0.037918 0.199692
0 0.130778 0.282422 0.037497 0.155037
0 0.441895 0.099175 0.038763 0.151795
0 0.125802 0.341616 0.043345 0.190899
0 0.233081 0.370967 0.042337 0.184755
2 0.693027 0.434808 0.137686 0.251190
