0 0.711513 0.218272 0.049927 0.234075
0 0.683837 0.332395 0.052795 0.219636
0 0.315639 0.380405 0.056882 0.226033
0 0.617626 0.848048 0.183203 0.303905
0 0.195896 0.169685 0.058811 0.227431
0 0.027477 0.121314 0.054954 0.242628
0 0.103790 0.113876 0.059710 0.209998
0 0.262656 0.278768 0.042376 0.225559
0 0.805669 0.312083 0.056952 0.266038
0 0.271965 0.031352 0.047985 0.062602
0 0.414542 0.103306 0.053006 0.206613
0 0.920096 0.047557 0.046146 0.095114
0 0.890708 0.180979 0.049646 0.212283
0 0.547744 0.070391 0.048898 0.140143
0 0.966213 0.048937 0.039324 0.097874
0 0.856228 0.784734 0.175480 0.429765
0 0.990225 0.231277 0.019551 0.210843
1 0.946004 0.767386 0.107605 0.461045
1 0.257402 0.764575 0.512618 0.441181
1 0.946508 0.681968 0.106983 0.287876
1 0.866184 0.263194 0.263516 0.520608
