0 0.388068 0.112016 0.048620 0.223646
0 0.286214 0.606673 0.062385 0.223761
0 0.333434 0.040230 0.055517 0.080460
0 0.331122 0.174572 0.051502 0.212117
0 0.395124 0.571104 0.062311 0.282551
0 0.449218 0.093945 0.043772 0.183803
0 0.340737 0.505573 0.043016 0.235098
0 0.496719 0.397390 0.045833 0.240271
0 0.416716 0.457727 0.057574 0.257634
0 0.492895 0.093197 0.040505 0.183893
0 0.173498 0.105812 0.042225 0.192875
0 0.146316 0.062138 0.040167 0.124276
0 0.296488 0.927892 0.147886 0.142513
0 0.024669 0.099654 0.046037 0.182453
0 0.391530 0.015286 0.049739 0.030572
0 0.131150 0.888887 0.036362 0.073554
0 0.099502 0.062851 0.038790 0.125702
0 0.653254 0.519060 0.016053 0.074849
0 0.168229 0.271462 0.056217 0.249858
