0 0.236928 0.185341 0.051141 0.212888
0 0.179719 0.118513 0.048416 0.235223
0 0.232524 0.046654 0.054877 0.093308
0 0.176189 0.022261 0.050723 0.044521
0 0.159480 0.349304 0.054523 0.231552
0 0.072603 0.107748 0.047130 0.203747
0 0.119081 0.102466 0.042925 0.204931
0 0.667424 0.774650 0.130495 0.432789
0 0.046376 0.301261 0.055837 0.227082
0 0.226621 0.456698 0.039745 0.107039
0 0.855662 0.254566 0.282534 0.324107
0 0.185502 0.837558 0.072227 0.141710
0 0.408904 0.094177 0.041481 0.168157
0 0.481109 0.067003 0.044880 0.134006
0 0.373360 0.385592 0.049090 0.238981
0 0.389199 0.246551 0.051715 0.181204
0 0.015826 0.034050 0.031653 0.066043
0 0.927403 0.254891 0.144600 0.221507
0 0.726572 0.232975 0.411161 0.447709
0 0.986252 0.781081 0.027495 0.350322
0 0.510037 0.088059 0.019557 0.169179
1 0.261835 0.752972 0.523670 0.494056
