0 0.638362 0.689143 0.048638 0.205576
0 0.634754 0.535348 0.051807 0.136936
0 0.317941 0.265663 0.057578 0.137118
0 0.584341 0.623872 0.045371 0.240618
0 0.567248 0.890978 0.049872 0.213397
0 0.028933 0.088312 0.055648 0.174534
0 0.197734 0.094349 0.057025 0.188699
0 0.337413 0.632626 0.065455 0.250218
0 0.264407 0.205541 0.043970 0.233136
0 0.803619 0.211166 0.273124 0.236103
0 0.910450 0.204021 0.179101 0.146580
0 0.098780 0.063935 0.058364 0.127867
0 0.581672 0.491254 0.043582 0.135113
0 0.842776 0.474242 0.035690 0.173977
0 0.629059 0.947677 0.037862 0.102693
0 0.608402 0.395082 0.039051 0.110843
0 0.786104 0.643632 0.045224 0.192276
0 0.889895 0.563447 0.041100 0.163537
0 0.559774 0.398561 0.034639 0.121520
0 0.771583 0.825402 0.051738 0.218323
0 0.615408 0.225957 0.144535 0.223259
0 0.813189 0.564292 0.038557 0.172604
0 0.763550 0.415578 0.040520 0.161667
0 0.793130 0.414163 0.036359 0.141584
0 0.909144 0.632667 0.047126 0.195815
0 0.409690 0.069605 0.053051 0.139211
0 0.609586 0.962111 0.050511 0.072915
