0 0.205126 0.317888 0.052346 0.164030
0 0.596820 0.272787 0.126892 0.245024
0 0.424105 0.147376 0.044293 0.178002
0 0.459971 0.154116 0.021325 0.172727
0 0.029421 0.173424 0.054602 0.205868
0 0.717639 0.249944 0.126767 0.290512
0 0.636798 0.157938 0.100308 0.152842
0 0.767224 0.247098 0.218401 0.306876
0 0.040005 0.829164 0.054243 0.252443
0 0.393824 0.302582 0.052594 0.198742
0 0.141074 0.027274 0.043426 0.054548
0 0.826601 0.246032 0.335431 0.307709
0 0.359825 0.035375 0.041787 0.070178
1 0.209238 0.704476 0.286638 0.580111
1 0.736398 0.200820 0.524579 0.401640
