0 0.709547 0.540284 0.046799 0.217363
0 0.735694 0.647599 0.048381 0.205983
0 0.329280 0.792472 0.054917 0.212472
0 0.652262 0.109634 0.046902 0.128243
0 0.654133 0.050611 0.049385 0.101221
0 0.419855 0.335270 0.043009 0.221642
0 0.423531 0.211390 0.041760 0.127645
0 0.372809 0.257250 0.049803 0.125119
0 0.490432 0.125224 0.035097 0.163808
0 0.441596 0.766397 0.055413 0.258044
0 0.524450 0.617984 0.057452 0.222640
0 0.390344 0.399380 0.039998 0.187264
0 0.639301 0.256073 0.048842 0.165014
0 0.832774 0.066481 0.032317 0.132889
0 0.389139 0.067604 0.036914 0.135011
0 0.572795 0.382242 0.055669 0.212176
0 0.801570 0.260987 0.042367 0.149414
0 0.518126 0.113687 0.034373 0.154885
0 0.421243 0.069419 0.036970 0.137256
0 0.938743 0.517492 0.048923 0.213242
0 0.513778 0.314262 0.039408 0.157149
0 0.453828 0.654712 0.050174 0.191338
0 0.764558 0.064191 0.037889 0.127467
0 0.223865 0.149225 0.035212 0.133203
0 0.554733 0.126569 0.040077 0.154571
0 0.475778 0.299269 0.037501 0.173874
0 0.864639 0.213503 0.036093 0.152357
0 0.159257 0.197393 0.027776 0.167684
0 0.795126 0.124883 0.031323 0.113978
0 0.907011 0.278394 0.041793 0.176928
0 0.978720 0.531189 0.041602 0.212455
0 0.790113 0.058515 0.027131 0.117031
0 0.205436 0.263170 0.034808 0.163243
0 0.258712 0.146010 0.034231 0.172323
0 0.227968 0.315011 0.035964 0.178765
0 0.919167 0.156495 0.029953 0.110500
0 0.087873 0.370155 0.043541 0.201195
0 0.227034 0.038674 0.026484 0.077349
0 0.546942 0.047399 0.028954 0.094799
0 0.213919 0.456642 0.055725 0.204052
0 0.901916 0.134426 0.032290 0.127861
0 0.178951 0.225480 0.031774 0.175919
0 0.943123 0.260623 0.038952 0.160792
0 0.976159 0.422440 0.042345 0.106093
0 0.523630 0.044028 0.032734 0.088056
0 0.196829 0.053709 0.031091 0.104676
0 0.903669 0.201931 0.033325 0.138094
0 0.970815 0.416518 0.040797 0.103514
2 0.692364 0.434712 0.138961 0.256187
