0 0.312952 0.391713 0.048437 0.198155
0 0.368336 0.320025 0.046392 0.239886
0 0.317119 0.239467 0.050407 0.131022
0 0.370609 0.186170 0.045918 0.143427
0 0.482717 0.530564 0.057867 0.220351
0 0.390249 0.598066 0.060110 0.240492
0 0.546701 0.852903 0.042540 0.148891
0 0.468796 0.325046 0.044019 0.176293
0 0.425798 0.315621 0.040048 0.186812
0 0.270243 0.735123 0.052868 0.084295
0 0.446148 0.112039 0.040680 0.183887
0 0.259615 0.851211 0.044808 0.148071
0 0.322245 0.686220 0.040093 0.181691
0 0.345191 0.077244 0.046768 0.154074
0 0.201444 0.933961 0.047061 0.129582
0 0.551872 0.543793 0.037677 0.240333
0 0.477504 0.100764 0.042415 0.172166
0 0.197827 0.037789 0.030732 0.074097
0 0.527460 0.058410 0.037017 0.116476
0 0.392536 0.083722 0.040804 0.166463
0 0.370497 0.829541 0.051673 0.101953
0 0.560056 0.907956 0.019713 0.179698
0 0.169958 0.340092 0.040555 0.199104
0 0.346191 0.691469 0.054788 0.173967
0 0.434610 0.864185 0.052946 0.170026
0 0.108341 0.174135 0.033614 0.171031
0 0.064364 0.265933 0.044562 0.176749
0 0.059053 0.873971 0.052149 0.191422
0 0.159387 0.121025 0.038004 0.151956
0 0.175648 0.530554 0.055093 0.225329
0 0.160918 0.036174 0.025795 0.070944
0 0.522750 0.144983 0.039098 0.160348
0 0.047835 0.341177 0.047277 0.185026
0 0.146119 0.280152 0.039508 0.169423
0 0.483206 0.032431 0.038052 0.064434
1 0.763464 0.044160 0.051420 0.079622
