0 0.843434 0.907181 0.050817 0.185638
0 0.102117 0.150825 0.047316 0.242334
0 0.783344 0.414028 0.054136 0.085610
0 0.782249 0.466846 0.051694 0.141520
0 0.480101 0.626129 0.051856 0.135029
0 0.050346 0.069496 0.054624 0.133791
0 0.531122 0.711447 0.045930 0.243629
0 0.047903 0.221385 0.049887 0.204525
0 0.277095 0.729141 0.107401 0.491508
0 0.533234 0.578205 0.047901 0.137645
0 0.105585 0.043742 0.048278 0.087000
0 0.633410 0.693693 0.043658 0.169773
0 0.160132 0.147707 0.040157 0.197324
0 0.695547 0.760814 0.059012 0.229091
0 0.499670 0.432164 0.040289 0.122334
0 0.870663 0.968801 0.053266 0.062398
0 0.203858 0.159517 0.045180 0.182128
0 0.607597 0.482714 0.037875 0.179146
0 0.497879 0.779482 0.043091 0.212726
0 0.637825 0.469551 0.038550 0.176547
0 0.159701 0.780645 0.104965 0.411817
0 0.941924 0.629834 0.046724 0.162517
0 0.591816 0.680232 0.040791 0.194750
0 0.767631 0.626012 0.051527 0.185330
0 0.899614 0.424409 0.042423 0.106814
0 0.977515 0.428705 0.035150 0.117179
0 0.646395 0.947689 0.061576 0.104622
0 0.282074 0.282431 0.053817 0.176337
0 0.533150 0.436605 0.040849 0.132119
0 0.676555 0.480866 0.042091 0.172125
0 0.934160 0.484662 0.036005 0.125434
0 0.927451 0.420045 0.029232 0.098594
0 0.211193 0.332599 0.061462 0.073811
0 0.354427 0.506766 0.042118 0.199818
0 0.773170 0.204773 0.453281 0.168314
0 0.565306 0.974209 0.060803 0.051583
0 0.667594 0.406619 0.032114 0.072395
0 0.180369 0.019793 0.038831 0.039586
0 0.211682 0.018978 0.042206 0.037956
0 0.247721 0.020052 0.047394 0.039142
2 0.826233 0.834701 0.154108 0.316623
1 0.662623 0.279682 0.674753 0.559364
1 0.165997 0.675410 0.331993 0.626285
