0 0.209189 0.289546 0.046777 0.248591
0 0.157765 0.203872 0.053544 0.139354
0 0.153385 0.360611 0.049834 0.209533
0 0.527691 0.448496 0.050712 0.104896
0 0.465138 0.056540 0.054589 0.110862
0 0.211885 0.156355 0.046387 0.141039
0 0.269476 0.283071 0.040473 0.196640
0 0.467015 0.015555 0.055363 0.030976
0 0.313175 0.292766 0.044987 0.187211
0 0.289533 0.090433 0.039579 0.168308
0 0.574934 0.137239 0.048881 0.186684
0 0.189432 0.059320 0.046366 0.118640
0 0.375039 0.146460 0.039927 0.182737
0 0.384164 0.055088 0.038351 0.110176
0 0.321243 0.077755 0.044463 0.155509
0 0.235183 0.066922 0.044440 0.133844
0 0.404596 0.441918 0.056886 0.119120
0 0.337717 0.433803 0.048191 0.132116
0 0.229789 0.455304 0.053465 0.089412
0 0.031077 0.157057 0.036629 0.178950
0 0.014087 0.399725 0.028150 0.179874
0 0.026082 0.025994 0.036880 0.051564
0 0.621699 0.035306 0.033390 0.070112
0 0.007912 0.306915 0.015798 0.183483
1 0.320534 0.493948 0.640609 0.987897
1 0.818585 0.750131 0.362730 0.499739
1 0.792756 0.231541 0.307173 0.459194
2 0.511844 0.379963 0.150807 0.249878
