0 0.129403 0.149150 0.047535 0.198025
0 0.732859 0.204786 0.047591 0.197254
0 0.076415 0.097411 0.045538 0.194822
0 0.678810 0.038154 0.044219 0.076308
0 0.681088 0.136210 0.045128 0.231692
0 0.729896 0.060318 0.050885 0.120636
0 0.569158 0.341122 0.056284 0.210958
0 0.126037 0.032855 0.050548 0.065711
0 0.019519 0.083132 0.038902 0.166065
0 0.055669 0.354877 0.057448 0.224572
0 0.659027 0.397451 0.058009 0.226649
0 0.583177 0.143834 0.044407 0.169196
0 0.120956 0.442152 0.039375 0.192734
0 0.171496 0.490090 0.056427 0.096409
0 0.625297 0.129168 0.035923 0.187771
0 0.496307 0.347937 0.051698 0.261448
0 0.971680 0.083308 0.043005 0.162136
0 0.723463 0.471814 0.040046 0.134276
0 0.264721 0.275609 0.052435 0.218054
0 0.868439 0.333922 0.053548 0.209378
0 0.930261 0.041102 0.034910 0.082203
0 0.874039 0.151692 0.040934 0.188655
0 0.899008 0.094113 0.037136 0.159625
0 0.983874 0.149309 0.032253 0.194241
0 0.269694 0.106291 0.044530 0.176103
0 0.100822 0.451799 0.055187 0.174399
0 0.293986 0.058734 0.037969 0.117468
0 0.354895 0.823267 0.016824 0.065320
0 0.683039 0.751261 0.042400 0.090787
0 0.369311 0.051652 0.038658 0.102899
0 0.530425 0.031147 0.037800 0.062294
0 0.848603 0.039413 0.025571 0.078826
0 0.604801 0.019511 0.039080 0.038687
0 0.387893 0.101982 0.042862 0.189113
0 0.703334 0.476094 0.052860 0.123797
1 0.219488 0.778693 0.438886 0.432680
