0 0.323872 0.385570 0.050484 0.148759
0 0.016127 0.206743 0.032253 0.244457
0 0.437529 0.644735 0.110298 0.362366
0 0.065890 0.202986 0.041784 0.194888
0 0.087526 0.048478 0.041928 0.096956
0 0.111639 0.216491 0.045517 0.180076
0 0.129615 0.383826 0.059632 0.155251
0 0.204740 0.379725 0.051517 0.166801
0 0.016143 0.075066 0.032285 0.141184
0 0.370916 0.071868 0.048078 0.143684
0 0.033740 0.405632 0.057461 0.114267
0 0.123638 0.047853 0.043106 0.095706
0 0.767576 0.165928 0.200235 0.232217
0 0.488213 0.249480 0.046100 0.182923
0 0.300454 0.677580 0.129969 0.276350
0 0.261033 0.018669 0.049521 0.036546
0 0.162242 0.051153 0.045202 0.101817
2 0.303569 0.316270 0.153639 0.271191
