0 0.411466 0.255839 0.048599 0.253051
0 0.083495 0.434983 0.052865 0.141157
0 0.465270 0.169426 0.054975 0.141823
0 0.469040 0.330266 0.051936 0.219814
0 0.409052 0.115741 0.050928 0.148953
0 0.146200 0.036742 0.053160 0.073484
0 0.029330 0.097430 0.052962 0.192517
0 0.156313 0.869498 0.220025 0.261005
0 0.348900 0.245071 0.042643 0.215489
0 0.326053 0.070783 0.040551 0.141567
0 0.303458 0.257540 0.047347 0.201207
0 0.275227 0.419714 0.052124 0.179662
0 0.293427 0.066939 0.042549 0.133879
0 0.238090 0.113727 0.039841 0.195763
0 0.231358 0.038337 0.041284 0.076675
0 0.390269 0.445761 0.051566 0.126183
0 0.208157 0.431457 0.061356 0.159359
0 0.594389 0.124678 0.037489 0.184815
0 0.606857 0.459801 0.044738 0.102853
0 0.438415 0.903697 0.378699 0.192605
0 0.441044 0.036353 0.041243 0.072706
0 0.614906 0.388849 0.031395 0.188828
0 0.622300 0.264030 0.015918 0.179315
1 0.204811 0.746532 0.383098 0.506936
