0 0.709477 0.540030 0.046844 0.216981
0 0.735661 0.647621 0.048675 0.206005
0 0.329522 0.792033 0.055002 0.212097
0 0.652449 0.109225 0.047490 0.128710
0 0.654109 0.050267 0.049314 0.100533
0 0.419810 0.335088 0.042866 0.222621
0 0.423424 0.210547 0.041738 0.128307
0 0.372704 0.257012 0.049747 0.124082
0 0.491296 0.128568 0.036314 0.163612
0 0.524622 0.606832 0.055496 0.216620
0 0.518671 0.116603 0.034358 0.158138
0 0.513304 0.323791 0.040172 0.165184
0 0.390046 0.069894 0.038527 0.139504
0 0.832695 0.065330 0.032346 0.130629
0 0.438332 0.760245 0.055729 0.250607
0 0.801316 0.260175 0.041966 0.148394
0 0.448990 0.656375 0.049626 0.212011
0 0.474890 0.308081 0.036871 0.179793
0 0.223499 0.151764 0.033263 0.130126
0 0.547120 0.048043 0.029600 0.096085
0 0.868275 0.215473 0.041461 0.154896
0 0.794432 0.124236 0.032053 0.113135
0 0.421252 0.071669 0.036269 0.141727
0 0.524533 0.046755 0.032415 0.093510
0 0.942492 0.522269 0.046992 0.203530
0 0.574948 0.381774 0.053654 0.214266
0 0.254547 0.147977 0.034478 0.178101
0 0.554070 0.127938 0.040233 0.156400
0 0.091126 0.358144 0.043600 0.197443
0 0.954023 0.277066 0.039739 0.184463
0 0.228736 0.327672 0.036832 0.179044
0 0.390157 0.399810 0.039432 0.190620
0 0.982855 0.531802 0.034290 0.203038
0 0.900081 0.129831 0.035548 0.134832
0 0.205071 0.264537 0.035826 0.156117
0 0.377423 0.695698 0.038521 0.206306
0 0.972105 0.420849 0.040053 0.104548
0 0.226662 0.045685 0.026566 0.091370
0 0.791734 0.059630 0.030057 0.119259
0 0.175864 0.212859 0.032578 0.176825
0 0.639249 0.255089 0.048186 0.168271
0 0.918086 0.286189 0.042722 0.184007
0 0.216625 0.460876 0.052587 0.190427
0 0.167003 0.262547 0.034754 0.174729
0 0.910518 0.206002 0.038181 0.154273
0 0.768387 0.065973 0.036124 0.131712
0 0.196170 0.065702 0.031175 0.115807
0 0.222105 0.477211 0.048484 0.207853
0 0.158433 0.199342 0.030348 0.169072
2 0.691836 0.434655 0.139451 0.256576
