0 0.735854 0.647285 0.048602 0.207392
0 0.328664 0.792386 0.055610 0.213803
0 0.709705 0.540418 0.046810 0.217417
0 0.652669 0.109070 0.047496 0.128704
0 0.420123 0.334662 0.043170 0.220939
0 0.654338 0.049952 0.049261 0.099904
0 0.369508 0.399704 0.045390 0.186054
0 0.398481 0.731237 0.051272 0.237851
0 0.372448 0.256830 0.049188 0.124529
0 0.438892 0.623997 0.056596 0.217518
0 0.512740 0.341386 0.040582 0.168105
0 0.423384 0.212225 0.041786 0.130183
0 0.493091 0.142307 0.036677 0.168296
0 0.523659 0.040760 0.033322 0.081520
0 0.473374 0.330433 0.036157 0.183953
0 0.522090 0.570205 0.053609 0.210975
0 0.798584 0.065364 0.028257 0.130728
0 0.585875 0.488115 0.046672 0.244182
0 0.521512 0.132691 0.040201 0.172016
0 0.897482 0.114767 0.037744 0.157498
0 0.376664 0.697125 0.036892 0.208536
0 0.966703 0.572982 0.062813 0.233673
0 0.837000 0.070714 0.032236 0.138677
0 0.392101 0.078406 0.037613 0.151210
0 0.423589 0.070143 0.034548 0.140287
0 0.174548 0.198051 0.032270 0.161542
0 0.681990 0.235261 0.043729 0.171173
0 0.776558 0.072030 0.030105 0.142274
0 0.236251 0.517983 0.048439 0.219085
0 0.232104 0.342262 0.038080 0.165698
0 0.260128 0.053960 0.028183 0.104648
0 0.144693 0.304664 0.042161 0.185690
0 0.203912 0.281931 0.036088 0.170388
0 0.881349 0.240500 0.045395 0.163769
0 0.223698 0.039164 0.029417 0.078327
0 0.106378 0.305345 0.038786 0.180516
0 0.555441 0.139361 0.043958 0.167221
0 0.196520 0.056972 0.031682 0.113944
0 0.938377 0.313756 0.043378 0.184576
0 0.557630 0.062991 0.033146 0.107896
0 0.834796 0.325987 0.043101 0.155457
0 0.221435 0.142439 0.033207 0.136818
0 0.973302 0.303362 0.036168 0.192564
0 0.989815 0.530984 0.020370 0.163347
0 0.922549 0.232028 0.038827 0.168489
0 0.124205 0.291568 0.028744 0.182902
0 0.250963 0.150358 0.035830 0.146606
0 0.930130 0.241340 0.043031 0.159656
0 0.979240 0.430568 0.039538 0.098421
2 0.692558 0.435862 0.138847 0.251281
