0 0.225369 0.283240 0.051677 0.215020
0 0.253496 0.169892 0.050339 0.228155
0 0.334296 0.647806 0.044627 0.195965
0 0.029010 0.845234 0.048687 0.228634
0 0.384491 0.582333 0.052553 0.063579
0 0.384273 0.123088 0.051824 0.242035
0 0.225580 0.898960 0.057125 0.201940
0 0.234574 0.638278 0.044302 0.167475
0 0.388373 0.698438 0.047506 0.200881
0 0.308507 0.924763 0.056192 0.150475
0 0.014296 0.924758 0.028316 0.149026
0 0.276873 0.632197 0.038654 0.159297
0 0.451378 0.199236 0.054487 0.223366
0 0.529595 0.245013 0.040384 0.227488
0 0.459019 0.025962 0.040550 0.051668
0 0.167785 0.746634 0.052728 0.239703
0 0.380323 0.953441 0.041253 0.093118
0 0.057031 0.582605 0.044324 0.066742
0 0.498127 0.020540 0.033369 0.041079
0 0.532022 0.644120 0.035061 0.175496
0 0.329854 0.969286 0.058968 0.061428
0 0.659666 0.775446 0.126017 0.143599
0 0.533711 0.789147 0.032874 0.225312
0 0.603917 0.281222 0.017205 0.090131
0 0.713378 0.284430 0.015771 0.083635
0 0.011457 0.031316 0.022913 0.062633
0 0.623858 0.278957 0.016438 0.092219
0 0.010508 0.180786 0.020982 0.217430
0 0.729848 0.283846 0.016180 0.082596
0 0.574281 0.264890 0.021532 0.074160
0 0.862810 0.274841 0.013417 0.057054
0 0.668538 0.280680 0.016225 0.065096
1 0.773977 0.777314 0.451362 0.443274
1 0.775279 0.275293 0.447724 0.550586
2 0.058421 0.791393 0.116842 0.396805
