0 0.161892 0.476231 0.051217 0.214361
0 0.188847 0.364570 0.048678 0.228213
0 0.491610 0.150702 0.044250 0.232520
0 0.489435 0.044437 0.044437 0.088873
0 0.469019 0.414322 0.058203 0.227233
0 0.376932 0.352987 0.059244 0.216636
0 0.393508 0.157737 0.042953 0.172312
0 0.435563 0.142561 0.038467 0.192061
0 0.303849 0.362543 0.050402 0.261105
0 0.528770 0.067698 0.027505 0.128301
0 0.530678 0.226919 0.019964 0.183897
0 0.528061 0.520253 0.022049 0.198422
0 0.416581 0.025352 0.036064 0.050545
0 0.148186 0.048352 0.040510 0.094995
0 0.341770 0.925256 0.075064 0.120211
0 0.010055 0.080423 0.020020 0.143029
0 0.056670 0.143547 0.045696 0.187333
0 0.381574 0.022327 0.037828 0.043412
0 0.339839 0.026631 0.039476 0.052345
2 0.205609 0.258530 0.148931 0.274028
