0 0.867712 0.894639 0.052816 0.210723
0 0.543344 0.683435 0.047183 0.246223
0 0.490191 0.610025 0.057565 0.108336
0 0.036558 0.084285 0.049539 0.168570
0 0.091841 0.056040 0.048306 0.111175
0 0.207096 0.276551 0.057683 0.241499
0 0.895717 0.957555 0.054143 0.084890
0 0.545662 0.584528 0.046219 0.055152
0 0.790865 0.622389 0.052655 0.126313
0 0.268378 0.118211 0.054310 0.233017
0 0.198559 0.044770 0.045626 0.088888
0 0.714795 0.731337 0.062952 0.234797
0 0.097679 0.435070 0.064558 0.247256
0 0.509355 0.752535 0.045190 0.213453
0 0.026470 0.836832 0.052939 0.320403
0 0.045707 0.397778 0.043695 0.237190
0 0.607712 0.651858 0.042321 0.188428
0 0.117004 0.334039 0.059700 0.254140
0 0.662437 0.943384 0.065543 0.113233
0 0.153941 0.043165 0.044674 0.086329
0 0.010947 0.472119 0.021894 0.179119
0 0.971470 0.620530 0.049094 0.122380
0 0.687496 0.480001 0.251672 0.156990
0 0.243785 0.871935 0.097828 0.255006
0 0.650219 0.654958 0.043006 0.187315
0 0.581750 0.969224 0.060095 0.061552
2 0.851727 0.815979 0.153706 0.329348
