0 0.735685 0.647201 0.048612 0.206808
0 0.709543 0.539201 0.046434 0.218283
0 0.328839 0.790209 0.054915 0.214473
0 0.969156 0.582184 0.061404 0.217621
0 0.653977 0.050346 0.049673 0.100693
0 0.420140 0.334076 0.043665 0.223451
0 0.369061 0.400574 0.044626 0.188103
0 0.652409 0.110329 0.046880 0.129585
0 0.423152 0.210563 0.043411 0.129961
0 0.372377 0.256640 0.048930 0.124077
0 0.796210 0.064336 0.027924 0.127922
0 0.753474 0.192931 0.043070 0.172225
0 0.521732 0.132760 0.040462 0.165120
0 0.438068 0.545276 0.044841 0.206669
0 0.541034 0.502751 0.046165 0.204278
0 0.474339 0.330713 0.035494 0.177641
0 0.524728 0.044556 0.034317 0.088076
0 0.961347 0.364133 0.045910 0.191187
0 0.257505 0.052777 0.029146 0.104623
0 0.397487 0.097159 0.040839 0.174544
0 0.493667 0.137901 0.036798 0.163269
0 0.513903 0.342777 0.041110 0.159251
0 0.571326 0.209674 0.035793 0.163336
0 0.949266 0.278707 0.048433 0.178876
0 0.599541 0.539846 0.050912 0.243896
0 0.247138 0.587908 0.042955 0.226800
0 0.380950 0.701547 0.041495 0.214069
0 0.890038 0.089129 0.037646 0.155224
0 0.578551 0.105657 0.035656 0.133610
0 0.861865 0.375736 0.043846 0.168942
0 0.177236 0.198038 0.033576 0.148390
0 0.154859 0.268260 0.040303 0.178209
0 0.197816 0.057321 0.027712 0.109295
0 0.858865 0.080837 0.028309 0.144932
0 0.221177 0.211850 0.039240 0.140272
0 0.221853 0.048666 0.027104 0.096912
0 0.232012 0.446229 0.048984 0.156260
0 0.904258 0.290127 0.048604 0.164668
0 0.260432 0.217480 0.031620 0.150483
0 0.989015 0.358099 0.021970 0.179032
0 0.106242 0.386238 0.047463 0.191369
0 0.444312 0.112923 0.042126 0.149788
0 0.215147 0.318592 0.039662 0.154145
0 0.255198 0.154996 0.031046 0.142728
2 0.691975 0.433468 0.138596 0.252605
