0 0.538555 0.834667 0.050511 0.236194
0 0.193165 0.745062 0.369964 0.509875
0 0.510522 0.921009 0.052223 0.157983
0 0.851018 0.615048 0.046399 0.242123
0 0.905497 0.685847 0.047950 0.203220
0 0.200365 0.070252 0.051524 0.133313
0 0.847953 0.501007 0.044794 0.100085
0 0.902881 0.532028 0.052840 0.133416
0 0.199641 0.028762 0.053144 0.057208
0 0.656593 0.832295 0.054937 0.268867
0 0.828636 0.875894 0.058317 0.243628
0 0.749623 0.618401 0.045417 0.184444
0 0.793317 0.604435 0.039037 0.201768
0 0.733108 0.818432 0.061541 0.231624
0 0.899253 0.947121 0.037691 0.105757
0 0.122677 0.184960 0.041817 0.190798
0 0.489023 0.503337 0.045996 0.107833
0 0.348043 0.318415 0.045576 0.175477
0 0.342718 0.092209 0.046744 0.175243
0 0.365424 0.102467 0.028508 0.193290
0 0.772601 0.476190 0.038607 0.051507
0 0.270800 0.410694 0.051253 0.082593
0 0.306894 0.101747 0.044718 0.162573
0 0.293861 0.055979 0.043898 0.111957
0 0.045840 0.048884 0.034494 0.096464
0 0.350419 0.098707 0.056400 0.187898
0 0.388932 0.662481 0.019388 0.177908
0 0.064967 0.054702 0.036580 0.109030
0 0.700383 0.476090 0.041313 0.049292
0 0.367819 0.078438 0.021678 0.153887
1 0.190300 0.725418 0.379445 0.525098
2 0.163399 0.370102 0.145956 0.174049
2 0.555344 0.754648 0.150935 0.349010
1 0.688082 0.226562 0.609934 0.446549
