0 0.257380 0.185779 0.052338 0.135037
0 0.555517 0.047812 0.049975 0.095479
0 0.308253 0.249438 0.046401 0.201847
0 0.730362 0.280185 0.063819 0.138423
0 0.584898 0.163383 0.043249 0.172401
0 0.862038 0.285188 0.056889 0.126015
0 0.310243 0.140239 0.044990 0.130221
0 0.414500 0.065499 0.039140 0.130806
0 0.924372 0.281315 0.074099 0.134816
0 0.383607 0.071829 0.041136 0.143658
0 0.450725 0.071658 0.043572 0.142769
0 0.975857 0.282972 0.047913 0.133885
0 0.811752 0.289204 0.050813 0.122116
0 0.365710 0.247113 0.042310 0.198999
0 0.129170 0.075852 0.037437 0.150466
0 0.775596 0.287018 0.037076 0.124843
0 0.687793 0.283854 0.033786 0.132998
0 0.406726 0.257571 0.043529 0.176090
0 0.278491 0.032462 0.041224 0.064189
0 0.079953 0.208163 0.040594 0.179148
0 0.043668 0.126927 0.034923 0.168523
0 0.474475 0.296646 0.051469 0.105608
0 0.034518 0.212392 0.038860 0.181441
0 0.249813 0.292928 0.045387 0.113814
0 0.107944 0.268538 0.044880 0.163473
0 0.311968 0.031696 0.038794 0.061938
0 0.099643 0.069982 0.031097 0.130822
1 0.835176 0.186775 0.326804 0.373549
