0 0.709495 0.540125 0.046684 0.217134
0 0.329165 0.792289 0.055337 0.213133
0 0.735604 0.648093 0.048207 0.206175
0 0.652357 0.108932 0.047496 0.129013
0 0.419911 0.333798 0.042770 0.222130
0 0.654209 0.050270 0.049239 0.100540
0 0.422743 0.211177 0.041351 0.125331
0 0.426865 0.752921 0.054750 0.245624
0 0.372585 0.257497 0.049281 0.125358
0 0.513768 0.332522 0.040393 0.169434
0 0.378104 0.694256 0.038311 0.204606
0 0.368926 0.400097 0.044845 0.185437
0 0.491697 0.135857 0.034850 0.167096
0 0.523389 0.603310 0.053393 0.215984
0 0.683002 0.235236 0.043160 0.168097
0 0.390215 0.071528 0.037869 0.143057
0 0.473625 0.322703 0.038513 0.185607
0 0.445271 0.649107 0.052032 0.211619
0 0.802024 0.262909 0.041983 0.149472
0 0.578401 0.430200 0.050761 0.246320
0 0.833303 0.067528 0.033270 0.135057
0 0.950290 0.527958 0.048948 0.197533
0 0.519334 0.123995 0.034448 0.165090
0 0.252202 0.144762 0.035752 0.166760
0 0.524358 0.046627 0.033202 0.093253
0 0.871706 0.226335 0.042012 0.153430
0 0.796641 0.065173 0.029428 0.130347
0 0.898871 0.118628 0.036217 0.150515
0 0.548344 0.049629 0.031114 0.099258
0 0.985557 0.535659 0.028886 0.187263
0 0.422189 0.070358 0.037642 0.139838
0 0.774693 0.070449 0.030616 0.140433
0 0.229203 0.333629 0.036153 0.177181
0 0.554764 0.134020 0.040493 0.161087
0 0.170891 0.199893 0.032276 0.165295
0 0.925238 0.294255 0.039830 0.187300
0 0.794624 0.124585 0.031952 0.110533
0 0.959848 0.287463 0.037180 0.193382
0 0.205561 0.273327 0.035674 0.161157
0 0.918415 0.219297 0.040167 0.169851
0 0.225054 0.493916 0.048219 0.213907
0 0.976149 0.434350 0.040226 0.104675
0 0.220212 0.150140 0.032321 0.127281
0 0.225156 0.040613 0.025617 0.081226
0 0.162893 0.277361 0.038177 0.173821
0 0.090751 0.352837 0.045919 0.195225
2 0.692161 0.435450 0.138353 0.259432
1 0.920230 0.500000 0.155554 1.000000
