0 0.735579 0.647708 0.048234 0.206106
0 0.709767 0.539437 0.046579 0.219146
0 0.328741 0.790698 0.055575 0.211503
0 0.419805 0.333520 0.042889 0.223132
0 0.652366 0.110344 0.046420 0.127625
0 0.654255 0.049922 0.048762 0.099845
0 0.422928 0.211175 0.041654 0.128317
0 0.369275 0.400607 0.045020 0.185770
0 0.969495 0.578938 0.059236 0.216718
0 0.372549 0.256380 0.049551 0.125505
0 0.440910 0.582469 0.056471 0.210419
0 0.473379 0.325394 0.035728 0.179891
0 0.528060 0.527396 0.056967 0.203945
0 0.377154 0.698096 0.036152 0.209575
0 0.524980 0.045144 0.036067 0.089803
0 0.493318 0.142614 0.038021 0.170128
0 0.514085 0.338306 0.040759 0.169525
0 0.797981 0.066352 0.027994 0.132703
0 0.258217 0.051813 0.028178 0.102445
0 0.598735 0.531882 0.049761 0.238345
0 0.520790 0.129824 0.041824 0.166043
0 0.398307 0.096725 0.040714 0.167644
0 0.175336 0.194889 0.033406 0.167296
0 0.890901 0.090697 0.035363 0.157975
0 0.136266 0.278715 0.044585 0.168669
0 0.836308 0.323274 0.039218 0.164269
0 0.940843 0.259485 0.044333 0.162239
0 0.223819 0.044829 0.027690 0.089658
0 0.898004 0.265541 0.039980 0.160857
0 0.748551 0.200066 0.037868 0.165431
0 0.201111 0.053091 0.027238 0.106183
0 0.851411 0.093225 0.029031 0.140906
0 0.119057 0.349293 0.045930 0.185012
0 0.947649 0.332628 0.045577 0.192461
0 0.568319 0.083584 0.035447 0.123417
0 0.239110 0.520307 0.055151 0.216005
0 0.441674 0.113553 0.037285 0.155175
0 0.181316 0.055122 0.023497 0.110244
0 0.231280 0.343295 0.040411 0.195467
0 0.980702 0.331899 0.035726 0.197982
0 0.222983 0.139234 0.033667 0.140898
0 0.246515 0.141361 0.035546 0.151746
0 0.254812 0.207169 0.030791 0.137121
0 0.208962 0.279369 0.038723 0.165438
0 0.252985 0.140071 0.033170 0.167688
0 0.859831 0.367249 0.044830 0.171027
2 0.692875 0.434044 0.138499 0.252597
