0 0.735798 0.647456 0.048695 0.206564
0 0.709443 0.539708 0.046825 0.217624
0 0.329122 0.792830 0.056622 0.214069
0 0.652208 0.109177 0.046755 0.129764
0 0.419931 0.335075 0.043284 0.222122
0 0.369436 0.399736 0.045327 0.187198
0 0.654529 0.049751 0.048808 0.099502
0 0.968742 0.580974 0.060116 0.220171
0 0.372620 0.256570 0.049742 0.126077
0 0.439068 0.615936 0.056389 0.212399
0 0.423902 0.210198 0.041711 0.129073
0 0.523329 0.043396 0.033184 0.086792
0 0.493581 0.144890 0.038528 0.166629
0 0.474025 0.329850 0.037648 0.179553
0 0.840776 0.070756 0.032254 0.137388
0 0.513789 0.344748 0.039954 0.160183
0 0.797975 0.067691 0.030006 0.135382
0 0.586970 0.498342 0.047242 0.235645
0 0.522613 0.567568 0.053260 0.212936
0 0.377179 0.699112 0.037499 0.210007
0 0.396767 0.727882 0.050237 0.242361
0 0.174489 0.197363 0.031672 0.162229
0 0.896477 0.112521 0.036857 0.156928
0 0.395610 0.087414 0.039358 0.165693
0 0.725164 0.214234 0.039718 0.169630
0 0.522248 0.132652 0.041385 0.174790
0 0.258099 0.053178 0.032837 0.106182
0 0.887521 0.252100 0.041343 0.156134
0 0.936026 0.253372 0.042452 0.160633
0 0.775611 0.072701 0.031159 0.141306
0 0.238483 0.520113 0.049855 0.222605
0 0.232498 0.339766 0.038291 0.180591
0 0.833273 0.322983 0.040802 0.163126
0 0.946138 0.331466 0.044419 0.199917
0 0.423413 0.074548 0.033316 0.147796
0 0.204958 0.288065 0.034939 0.160640
0 0.224765 0.040422 0.029308 0.079923
0 0.223712 0.144015 0.034965 0.139148
0 0.552297 0.140620 0.041163 0.160310
0 0.977719 0.322021 0.036455 0.199093
0 0.565448 0.076052 0.035698 0.129199
0 0.113302 0.296837 0.036091 0.162690
0 0.193716 0.057579 0.030648 0.115159
0 0.149857 0.292398 0.043196 0.178171
0 0.198042 0.050783 0.030764 0.101565
0 0.981759 0.445865 0.035901 0.090312
2 0.692844 0.433536 0.139308 0.252560
1 0.976698 0.734949 0.046466 0.523829
