0 0.709752 0.539521 0.046879 0.218457
0 0.735582 0.647274 0.048270 0.206869
0 0.328870 0.791452 0.055601 0.210874
0 0.419891 0.333632 0.043209 0.224091
0 0.652343 0.108807 0.046951 0.129679
0 0.369302 0.400352 0.045428 0.187897
0 0.969073 0.581971 0.060233 0.218780
0 0.654234 0.049749 0.048179 0.099498
0 0.422912 0.209964 0.042708 0.130842
0 0.372389 0.256510 0.049375 0.125681
0 0.493287 0.144348 0.038883 0.164500
0 0.440412 0.603407 0.055602 0.219408
0 0.474540 0.326361 0.037121 0.177102
0 0.523842 0.045649 0.034709 0.090002
0 0.515196 0.341012 0.041014 0.162402
0 0.524987 0.549697 0.055456 0.216351
0 0.258281 0.053692 0.029242 0.106500
0 0.523410 0.136849 0.042912 0.165699
0 0.396672 0.092086 0.039443 0.167257
0 0.377691 0.698385 0.036926 0.209864
0 0.797549 0.066647 0.028778 0.133295
0 0.592628 0.519660 0.049313 0.251633
0 0.176133 0.195005 0.031217 0.167661
0 0.723753 0.213233 0.035818 0.163682
0 0.834715 0.320827 0.041234 0.163390
0 0.224183 0.042879 0.027840 0.085758
0 0.894091 0.099446 0.034925 0.161091
0 0.935070 0.252022 0.042064 0.150851
0 0.199993 0.054748 0.029488 0.109497
0 0.945399 0.328113 0.045813 0.195463
0 0.128830 0.288435 0.036496 0.149262
0 0.238895 0.521951 0.052896 0.222164
0 0.885320 0.253565 0.040654 0.160301
0 0.555689 0.141525 0.037556 0.163873
0 0.567999 0.088076 0.035620 0.125259
0 0.777924 0.071787 0.029723 0.141100
0 0.442982 0.104524 0.036526 0.158735
0 0.232264 0.338244 0.037653 0.177138
0 0.422507 0.075189 0.032821 0.150268
0 0.248648 0.143297 0.034703 0.153436
0 0.978492 0.320943 0.037785 0.191416
0 0.222551 0.140928 0.032841 0.136369
0 0.207611 0.280666 0.037154 0.166310
0 0.114763 0.348304 0.044908 0.181770
0 0.846482 0.073097 0.029150 0.137693
0 0.396789 0.732633 0.049916 0.244347
2 0.693106 0.433769 0.137971 0.251909
