0 0.485964 0.304530 0.050714 0.131380
0 0.775952 0.712288 0.229819 0.572544
0 0.175000 0.138441 0.044715 0.239376
0 0.124012 0.058751 0.053510 0.117502
0 0.177549 0.034369 0.045607 0.068739
0 0.410928 0.069901 0.050003 0.138641
0 0.235648 0.100329 0.039469 0.197156
0 0.582956 0.068370 0.043010 0.136739
0 0.340148 0.187440 0.058808 0.223693
0 0.276091 0.113363 0.041941 0.160795
0 0.140156 0.202284 0.039238 0.212017
0 0.784890 0.162610 0.053771 0.045445
0 0.812982 0.077072 0.048572 0.056339
0 0.640880 0.043010 0.020482 0.086019
0 0.287945 0.343137 0.061616 0.055115
0 0.923905 0.144120 0.030827 0.070914
1 0.824737 0.500000 0.349724 1.000000
2 0.468973 0.235773 0.150894 0.260961
