0 0.213918 0.089376 0.045230 0.178360
0 0.797443 0.230596 0.241298 0.416255
0 0.103341 0.342265 0.059999 0.189398
0 0.264798 0.021758 0.049282 0.042444
0 0.167041 0.771129 0.031033 0.103777
0 0.053163 0.111883 0.060704 0.219846
0 0.137534 0.763727 0.032346 0.113304
0 0.179253 0.368402 0.053102 0.138872
0 0.247050 0.130390 0.044598 0.201984
0 0.115598 0.061922 0.042058 0.123845
0 0.653707 0.735267 0.066318 0.171328
0 0.154575 0.059807 0.038075 0.119614
0 0.109106 0.761672 0.029084 0.111419
0 0.192492 0.771965 0.026367 0.103249
0 0.082521 0.758875 0.029321 0.112726
0 0.356422 0.785467 0.030688 0.088600
0 0.236825 0.770403 0.024578 0.103395
0 0.214668 0.770567 0.020801 0.102419
0 0.258756 0.772697 0.023238 0.098969
0 0.328041 0.774336 0.026985 0.103370
0 0.302906 0.783579 0.027274 0.084704
0 0.280199 0.773073 0.022342 0.100487
0 0.026234 0.754382 0.029238 0.125385
0 0.418045 0.072435 0.035893 0.144870
0 0.463429 0.801597 0.035157 0.089308
0 0.438385 0.035459 0.035712 0.070918
0 0.435107 0.778248 0.029260 0.118934
0 0.409985 0.787083 0.022171 0.098512
0 0.054042 0.752833 0.030224 0.126057
0 0.334504 0.689679 0.025463 0.097341
0 0.427607 0.203156 0.056289 0.214378
0 0.103937 0.676130 0.028367 0.086027
0 0.196286 0.697410 0.029216 0.077903
0 0.382749 0.784153 0.022088 0.094987
0 0.163131 0.681662 0.034574 0.085346
0 0.310576 0.679409 0.027843 0.088715
0 0.485240 0.042268 0.027350 0.084536
0 0.078991 0.671687 0.027350 0.083921
0 0.256550 0.682102 0.029893 0.091064
0 0.284981 0.680449 0.028588 0.083389
0 0.362005 0.693728 0.028974 0.088721
0 0.258787 0.698486 0.028556 0.074910
0 0.131570 0.678144 0.032248 0.090119
0 0.387432 0.681300 0.026739 0.117218
0 0.310881 0.695100 0.026912 0.101139
1 0.751049 0.222495 0.497896 0.442641
