0 0.735726 0.647623 0.048373 0.206691
0 0.709912 0.539600 0.046383 0.219109
0 0.328680 0.792652 0.055928 0.211024
0 0.419646 0.334134 0.043356 0.223354
0 0.423046 0.211038 0.041173 0.130667
0 0.652417 0.109830 0.047169 0.129233
0 0.969619 0.581514 0.060104 0.215754
0 0.369213 0.400730 0.045385 0.186415
0 0.654185 0.049457 0.049618 0.098913
0 0.372511 0.256482 0.049348 0.124996
0 0.440944 0.577288 0.054904 0.213307
0 0.529035 0.521530 0.057402 0.205493
0 0.524593 0.044337 0.034711 0.088674
0 0.473409 0.323984 0.036530 0.179453
0 0.797515 0.065289 0.028348 0.130578
0 0.600296 0.537109 0.049699 0.248038
0 0.514373 0.337790 0.041441 0.169019
0 0.493237 0.140456 0.038314 0.167039
0 0.522815 0.131355 0.041187 0.168044
0 0.257446 0.051815 0.030758 0.103630
0 0.398358 0.096272 0.040820 0.171718
0 0.888855 0.085723 0.039357 0.156678
0 0.945749 0.272575 0.045720 0.166841
0 0.752944 0.199504 0.043150 0.166659
0 0.377172 0.699762 0.037061 0.209479
0 0.902671 0.275668 0.041727 0.166394
0 0.174003 0.194702 0.035668 0.161330
0 0.862772 0.374167 0.043518 0.172957
0 0.223138 0.044821 0.027133 0.089642
0 0.443942 0.117937 0.038036 0.156704
0 0.198129 0.057525 0.028932 0.114230
0 0.854034 0.085759 0.030744 0.136094
0 0.959987 0.354256 0.045026 0.195073
0 0.569578 0.086424 0.036986 0.125710
0 0.119948 0.350020 0.044260 0.184213
0 0.555121 0.143334 0.039023 0.160730
0 0.231054 0.351427 0.037758 0.174429
0 0.146912 0.272488 0.046713 0.170870
0 0.137524 0.274078 0.047763 0.172215
0 0.238592 0.514781 0.051560 0.219350
0 0.247820 0.145681 0.037442 0.157825
0 0.223075 0.156998 0.036753 0.162931
0 0.177890 0.056544 0.021813 0.111219
0 0.988935 0.357484 0.022131 0.187299
0 0.211205 0.302247 0.036898 0.172444
0 0.253817 0.145771 0.033690 0.161588
0 0.837410 0.332597 0.042666 0.159189
2 0.692594 0.435382 0.139620 0.255279
