0 0.361766 0.135375 0.046678 0.203852
0 0.307624 0.089823 0.045153 0.177769
0 0.284644 0.312403 0.058588 0.211135
0 0.012486 0.277553 0.024971 0.230128
0 0.358898 0.023938 0.053525 0.045570
0 0.659141 0.736957 0.141276 0.330738
0 0.208029 0.078452 0.043413 0.154712
0 0.116473 0.274336 0.052388 0.258407
0 0.252057 0.075835 0.038606 0.151671
0 0.191630 0.261631 0.059439 0.218435
0 0.351828 0.376379 0.039330 0.087319
1 0.026775 0.931008 0.053439 0.137984
2 0.045621 0.178210 0.090023 0.277409
2 0.674957 0.217330 0.067905 0.102727
