0 0.735782 0.647765 0.048331 0.206074
0 0.709929 0.540018 0.046304 0.217697
0 0.329088 0.792314 0.055601 0.212244
0 0.419948 0.334461 0.043153 0.221097
0 0.423008 0.211855 0.041665 0.125087
0 0.652402 0.109375 0.047419 0.129388
0 0.653942 0.049716 0.049047 0.099432
0 0.372447 0.257396 0.049587 0.126193
0 0.369230 0.399856 0.045358 0.185517
0 0.493141 0.138954 0.037351 0.171996
0 0.377885 0.697628 0.038264 0.208610
0 0.425251 0.747774 0.059505 0.243745
0 0.514445 0.337376 0.041606 0.171927
0 0.682382 0.236533 0.041991 0.165781
0 0.834293 0.066296 0.032773 0.132509
0 0.474832 0.324729 0.038642 0.187467
0 0.522590 0.588668 0.053363 0.212064
0 0.520181 0.129675 0.035118 0.161841
0 0.523015 0.044228 0.033293 0.088456
0 0.390030 0.074066 0.037459 0.148131
0 0.953217 0.530940 0.050710 0.179244
0 0.579549 0.449242 0.049468 0.214494
0 0.799600 0.260984 0.042424 0.145381
0 0.443823 0.640714 0.051092 0.224122
0 0.797757 0.065731 0.029444 0.131462
0 0.555566 0.137579 0.043602 0.159394
0 0.422344 0.067145 0.036787 0.134290
0 0.230893 0.338031 0.036763 0.171284
0 0.899720 0.118882 0.036505 0.153698
0 0.172832 0.196594 0.033427 0.164515
0 0.775603 0.071587 0.029503 0.142291
0 0.870272 0.219930 0.042960 0.158646
0 0.959537 0.282855 0.038911 0.188485
0 0.985795 0.528624 0.028410 0.181605
0 0.551370 0.048318 0.030566 0.096182
0 0.925281 0.296599 0.042876 0.190959
0 0.228266 0.497274 0.047741 0.205465
0 0.794847 0.126146 0.030682 0.108506
0 0.920008 0.215552 0.037181 0.154833
0 0.253067 0.141444 0.034341 0.176095
0 0.224720 0.041617 0.025618 0.081969
0 0.204199 0.280698 0.036709 0.169397
0 0.101641 0.333760 0.037115 0.177219
0 0.222787 0.147151 0.032189 0.129515
0 0.978401 0.441153 0.039619 0.100629
0 0.146934 0.298757 0.044622 0.184968
0 0.199560 0.056148 0.031241 0.107174
2 0.691648 0.434956 0.139658 0.253172
