0 0.709448 0.539553 0.046929 0.219125
0 0.735742 0.647671 0.048056 0.205784
0 0.422982 0.211383 0.041814 0.130632
0 0.328843 0.790067 0.055580 0.213315
0 0.654202 0.050161 0.049658 0.100322
0 0.419852 0.334219 0.043088 0.222208
0 0.652350 0.109959 0.046595 0.128924
0 0.969258 0.580973 0.061205 0.216344
0 0.369158 0.400727 0.044730 0.187147
0 0.372533 0.257274 0.049389 0.124219
0 0.796241 0.065734 0.028346 0.131469
0 0.440149 0.561412 0.052417 0.211041
0 0.600873 0.542696 0.049806 0.243067
0 0.524213 0.043739 0.034540 0.086767
0 0.473514 0.328907 0.035839 0.178197
0 0.514099 0.340767 0.040457 0.162669
0 0.888747 0.087386 0.040362 0.156405
0 0.397588 0.093031 0.040282 0.174023
0 0.534120 0.516697 0.050667 0.211388
0 0.521088 0.131278 0.041534 0.168642
0 0.175199 0.198372 0.032594 0.156865
0 0.377139 0.700094 0.036341 0.216485
0 0.950963 0.276229 0.047203 0.173319
0 0.491982 0.138396 0.036763 0.165955
0 0.753962 0.195735 0.045695 0.169514
0 0.256502 0.052714 0.031369 0.105428
0 0.862579 0.380679 0.045905 0.162164
0 0.962206 0.367080 0.047070 0.186990
0 0.223701 0.047317 0.027724 0.094635
0 0.904465 0.281461 0.043733 0.164714
0 0.855671 0.086123 0.030061 0.137878
0 0.444345 0.119907 0.040552 0.159553
0 0.196965 0.057000 0.028901 0.113999
0 0.575823 0.098990 0.037057 0.136500
0 0.990229 0.369002 0.019542 0.180287
0 0.150923 0.272944 0.041891 0.170319
0 0.568528 0.204760 0.033508 0.157439
0 0.116668 0.362272 0.043645 0.190698
0 0.223035 0.166542 0.036570 0.162562
0 0.231533 0.432209 0.046979 0.162153
0 0.258058 0.216458 0.030570 0.153566
0 0.213849 0.310619 0.037484 0.161761
0 0.251415 0.565119 0.040134 0.213453
0 0.253293 0.150104 0.033655 0.159180
2 0.692809 0.432870 0.138783 0.253822
