0 0.709524 0.540321 0.046859 0.217728
0 0.735662 0.647768 0.048436 0.206450
0 0.329249 0.792256 0.055287 0.212797
0 0.652154 0.109505 0.047006 0.128967
0 0.654094 0.050321 0.049275 0.100642
0 0.419839 0.334726 0.042993 0.223468
0 0.423374 0.210598 0.041738 0.128536
0 0.372723 0.257025 0.049634 0.123702
0 0.513519 0.328487 0.041022 0.169008
0 0.491700 0.130549 0.035394 0.164426
0 0.523729 0.604297 0.053035 0.216111
0 0.447395 0.654445 0.050813 0.215408
0 0.433434 0.756759 0.053047 0.245333
0 0.390020 0.070604 0.038514 0.141209
0 0.800900 0.259911 0.041515 0.147796
0 0.681112 0.234784 0.041823 0.163535
0 0.518786 0.119876 0.033713 0.159766
0 0.474140 0.312559 0.036829 0.183632
0 0.576086 0.422372 0.053753 0.242987
0 0.833887 0.065192 0.033357 0.130171
0 0.524737 0.045764 0.032502 0.091529
0 0.869988 0.218617 0.042008 0.153396
0 0.547836 0.048472 0.030204 0.096944
0 0.421429 0.069847 0.036608 0.138437
0 0.253771 0.149480 0.034212 0.177266
0 0.377603 0.694358 0.038784 0.205777
0 0.794890 0.124149 0.032697 0.113109
0 0.945319 0.522727 0.048643 0.201214
0 0.223514 0.151333 0.031989 0.131677
0 0.554718 0.128799 0.039693 0.154674
0 0.900064 0.123869 0.036372 0.144225
0 0.229312 0.328042 0.036839 0.177560
0 0.922458 0.285435 0.038282 0.182972
0 0.092161 0.351899 0.044152 0.188483
0 0.983247 0.530419 0.033507 0.195034
0 0.956081 0.282160 0.038954 0.189961
0 0.203653 0.268531 0.035409 0.162366
0 0.175834 0.204604 0.033440 0.168719
0 0.368813 0.400682 0.044520 0.183333
0 0.795432 0.063117 0.029907 0.126234
0 0.226573 0.043282 0.025464 0.086564
0 0.974463 0.427394 0.040402 0.104493
0 0.914985 0.213385 0.039979 0.170468
0 0.165815 0.267732 0.036412 0.173019
0 0.770502 0.065875 0.033915 0.131749
0 0.219547 0.471484 0.052142 0.193845
0 0.389942 0.401660 0.039011 0.185868
0 0.198254 0.045592 0.029944 0.090139
2 0.692029 0.433663 0.138620 0.254174
