0 0.377768 0.288187 0.052618 0.245535
0 0.407031 0.359966 0.055794 0.137830
0 0.051461 0.091072 0.047134 0.180377
0 0.157687 0.074818 0.046793 0.149635
0 0.169455 0.332548 0.059137 0.189021
0 0.228520 0.147961 0.059724 0.288727
0 0.112401 0.072580 0.042722 0.145161
0 0.080741 0.363053 0.057037 0.131694
0 0.010562 0.132874 0.021124 0.209282
0 0.910669 0.748953 0.100436 0.303049
0 0.962653 0.777780 0.071353 0.241069
0 0.012306 0.018548 0.024612 0.034885
0 0.299932 0.030763 0.053061 0.061526
0 0.015361 0.133106 0.030722 0.211075
0 0.068073 0.407189 0.058587 0.042252
2 0.357648 0.167532 0.155491 0.291016
2 0.265444 0.638136 0.118790 0.124618
1 0.901921 0.120391 0.196157 0.240781
