0 0.811910 0.800574 0.374168 0.384872
0 0.187831 0.048250 0.049405 0.096370
0 0.770275 0.201384 0.098628 0.302313
0 0.263422 0.148854 0.051544 0.217228
0 0.696561 0.207331 0.092907 0.272973
0 0.200997 0.283452 0.044334 0.169020
0 0.878313 0.188039 0.153915 0.348137
0 0.439692 0.201024 0.162248 0.330403
0 0.375353 0.758201 0.090721 0.213157
0 0.056608 0.178864 0.046114 0.238470
0 0.583813 0.192133 0.083976 0.306700
0 0.040718 0.057923 0.048319 0.115845
0 0.515647 0.189810 0.091314 0.331618
0 0.509722 0.669186 0.353784 0.609039
0 0.144853 0.332628 0.059302 0.074975
0 0.242777 0.019921 0.038424 0.039843
0 0.121692 0.656595 0.211857 0.560106
1 0.167128 0.680530 0.334256 0.627158
1 0.247553 0.181222 0.164209 0.361625
1 0.766233 0.185218 0.333331 0.364545
1 0.478605 0.170586 0.273926 0.341171
