0 0.691175 0.766728 0.322633 0.411540
0 0.257001 0.222377 0.047316 0.218904
0 0.230561 0.330524 0.048880 0.210597
0 0.013426 0.261938 0.026768 0.220476
0 0.239748 0.777008 0.112714 0.445984
0 0.021385 0.050807 0.042304 0.100740
0 0.407362 0.333095 0.063505 0.191717
0 0.138376 0.762354 0.054959 0.416885
0 0.062581 0.782255 0.063209 0.374903
0 0.021336 0.780316 0.042672 0.412615
0 0.182072 0.756979 0.067749 0.441183
3 0.251625 0.137641 0.095928 0.275282
2 0.017737 0.590708 0.034514 0.089261
3 0.632265 0.528548 0.664246 0.942904
