0 0.163152 0.270452 0.048255 0.202347
0 0.745360 0.828800 0.062875 0.212573
0 0.941038 0.863160 0.073222 0.273681
0 0.216693 0.199081 0.045567 0.232567
0 0.523313 0.410628 0.048900 0.223519
0 0.166515 0.116525 0.051202 0.133203
0 0.578060 0.863750 0.055831 0.268731
0 0.876860 0.827993 0.056770 0.189737
0 0.697809 0.827561 0.043729 0.199121
0 0.218736 0.070167 0.045813 0.132250
0 0.325725 0.424708 0.059505 0.190375
0 0.662996 0.917278 0.061557 0.164953
0 0.717809 0.926255 0.057519 0.147112
0 0.274164 0.188950 0.039255 0.195525
0 0.316912 0.202182 0.043478 0.175567
0 0.793600 0.832497 0.041392 0.196857
0 0.821635 0.920332 0.067611 0.159337
0 0.884831 0.922135 0.064196 0.155731
0 0.602548 0.918203 0.071942 0.163595
0 0.236931 0.450911 0.061763 0.137477
0 0.765670 0.932895 0.054449 0.133496
0 0.623546 0.823761 0.043584 0.196942
0 0.830131 0.830451 0.046176 0.182563
0 0.661440 0.824099 0.045090 0.184184
0 0.394553 0.383551 0.052975 0.251990
0 0.294742 0.045769 0.038789 0.091538
0 0.983916 0.862870 0.032169 0.274259
0 0.537760 0.469697 0.023839 0.096842
0 0.025849 0.397416 0.050436 0.237905
0 0.325637 0.040735 0.043425 0.081470
0 0.534520 0.080008 0.031181 0.155231
0 0.017588 0.189683 0.035176 0.178878
0 0.360482 0.039177 0.042796 0.078354
0 0.171741 0.497456 0.039910 0.045105
0 0.038177 0.039607 0.033342 0.079215
0 0.193630 0.019853 0.038659 0.039706
0 0.463569 0.014448 0.047287 0.028723
3 0.489658 0.305233 0.116541 0.290944
