0 0.714068 0.209918 0.307048 0.398634
0 0.799443 0.783410 0.124718 0.433179
0 0.405270 0.242216 0.054608 0.219206
0 0.300388 0.049046 0.044369 0.097145
0 0.250434 0.074045 0.044268 0.148091
0 0.462999 0.105171 0.050350 0.209422
0 0.397570 0.039378 0.042354 0.078141
0 0.210402 0.373202 0.057926 0.071783
0 0.323208 0.291532 0.052635 0.221165
0 0.358052 0.037172 0.039217 0.074322
0 0.258864 0.325026 0.037196 0.166935
0 0.899933 0.728460 0.066713 0.322210
0 0.697525 0.751207 0.079873 0.386146
0 0.736698 0.719314 0.034418 0.212134
0 0.645672 0.764341 0.058135 0.414589
0 0.302184 0.342466 0.058760 0.135453
0 0.105096 0.139729 0.049703 0.203427
0 0.110005 0.038507 0.034620 0.077014
0 0.009407 0.044419 0.018609 0.088404
1 0.798788 0.705078 0.377884 0.589843
1 0.534065 0.100299 0.055712 0.191063
