0 0.293102 0.342270 0.049354 0.234636
0 0.311933 0.449262 0.035602 0.204540
0 0.701541 0.740484 0.189600 0.370317
0 0.112038 0.307246 0.048762 0.220377
0 0.039439 0.120484 0.040501 0.208738
0 0.083585 0.130939 0.045446 0.177358
0 0.175430 0.336337 0.054666 0.261024
0 0.012581 0.347280 0.025143 0.219657
0 0.076980 0.825137 0.081535 0.201243
0 0.144432 0.037691 0.036117 0.075382
1 0.665579 0.492997 0.668387 0.931320
1 0.666620 0.731406 0.666761 0.440504
2 0.263202 0.225707 0.131148 0.279448
1 0.166902 0.774093 0.324576 0.449468
