0 0.709794 0.539806 0.046474 0.217769
0 0.735743 0.647337 0.048554 0.207461
0 0.329020 0.790446 0.054753 0.216298
0 0.369052 0.400122 0.044795 0.190163
0 0.653904 0.049818 0.050113 0.099636
0 0.419805 0.333347 0.042847 0.218750
0 0.969327 0.583818 0.060759 0.217584
0 0.652745 0.109762 0.046977 0.129040
0 0.422973 0.210939 0.042426 0.132287
0 0.372434 0.256700 0.048900 0.123830
0 0.797999 0.066963 0.029442 0.131744
0 0.521765 0.135188 0.039972 0.164440
0 0.754130 0.186976 0.042780 0.170883
0 0.438030 0.537462 0.044449 0.212370
0 0.258228 0.052276 0.030530 0.103996
0 0.572068 0.212170 0.036037 0.162237
0 0.524870 0.045866 0.034160 0.091522
0 0.492450 0.140871 0.036561 0.163592
0 0.395558 0.710996 0.050040 0.223430
0 0.399566 0.099729 0.043786 0.175632
0 0.472924 0.332996 0.034459 0.179540
0 0.620131 0.624803 0.055549 0.250663
0 0.963001 0.362136 0.048593 0.203049
0 0.245482 0.592539 0.046719 0.217446
0 0.512419 0.345020 0.042079 0.163142
0 0.538145 0.502099 0.045970 0.207269
0 0.198225 0.057484 0.027587 0.112914
0 0.953158 0.281661 0.044949 0.184800
0 0.921951 0.296150 0.041487 0.168428
0 0.165330 0.253565 0.036292 0.176759
0 0.445237 0.122059 0.040402 0.154349
0 0.860395 0.070216 0.030597 0.136551
0 0.578483 0.106243 0.034637 0.135000
0 0.864264 0.374140 0.048511 0.176226
0 0.989186 0.366504 0.021627 0.179031
0 0.222181 0.048550 0.024140 0.096716
0 0.222425 0.197488 0.037085 0.143127
0 0.100786 0.391557 0.048963 0.195182
0 0.215265 0.332318 0.039322 0.160818
0 0.232464 0.457687 0.047833 0.160505
0 0.890373 0.097956 0.036204 0.150810
0 0.876611 0.115757 0.027810 0.155787
0 0.379531 0.696451 0.038732 0.208141
2 0.691901 0.432594 0.140397 0.252749
1 0.883104 0.500000 0.233536 1.000000
