0 0.371368 0.194363 0.048343 0.219149
0 0.398608 0.303341 0.049948 0.204544
0 0.026460 0.076319 0.050489 0.152219
0 0.171873 0.038783 0.040467 0.077456
0 0.182419 0.228079 0.055241 0.212035
0 0.097716 0.284948 0.054278 0.215512
0 0.131973 0.037137 0.037644 0.074257
0 0.842704 0.430337 0.085384 0.241425
0 0.636057 0.425539 0.073366 0.238411
0 0.579124 0.405579 0.076624 0.297573
0 0.772787 0.418388 0.093637 0.257641
0 0.077923 0.050556 0.043403 0.099672
0 0.245613 0.148666 0.047741 0.231477
0 0.708771 0.412698 0.084882 0.246143
0 0.685600 0.277798 0.073307 0.156081
0 0.055528 0.388386 0.050058 0.244405
0 0.036564 0.362269 0.039592 0.246040
0 0.354184 0.937502 0.046921 0.124996
0 0.812984 0.281193 0.073972 0.149034
0 0.200286 0.942110 0.061201 0.115781
0 0.629493 0.277395 0.054655 0.144775
0 0.929204 0.369156 0.092783 0.352763
0 0.745818 0.280377 0.073820 0.135878
0 0.006070 0.445746 0.012056 0.209129
0 0.528802 0.363279 0.118204 0.379504
0 0.880165 0.375687 0.071538 0.312192
0 0.736276 0.722565 0.179228 0.208332
0 0.293654 0.952398 0.017889 0.090716
0 0.548310 0.358418 0.086024 0.371863
0 0.528888 0.749625 0.118747 0.143229
1 0.730952 0.497383 0.536060 0.994766
2 0.366936 0.145782 0.113999 0.149265
