0 0.735899 0.647887 0.048586 0.205879
0 0.329019 0.791956 0.055678 0.212892
0 0.710031 0.540295 0.046678 0.217507
0 0.419992 0.335010 0.043400 0.221304
0 0.652758 0.109158 0.047986 0.129897
0 0.654474 0.049814 0.048792 0.099629
0 0.423249 0.212210 0.041459 0.128258
0 0.372601 0.257044 0.049526 0.126014
0 0.369200 0.400209 0.045045 0.185870
0 0.378011 0.699627 0.039769 0.214098
0 0.514505 0.341849 0.040554 0.170590
0 0.523482 0.044216 0.033202 0.088432
0 0.493842 0.142640 0.036123 0.166688
0 0.474837 0.328767 0.037789 0.187067
0 0.441051 0.630277 0.054198 0.211184
0 0.520430 0.131128 0.036062 0.164873
0 0.953539 0.530401 0.052197 0.182953
0 0.390017 0.074378 0.037368 0.147740
0 0.683545 0.236275 0.043880 0.167498
0 0.799506 0.065589 0.028360 0.131178
0 0.175290 0.198141 0.033721 0.158806
0 0.422684 0.066156 0.036653 0.132270
0 0.800117 0.262487 0.041768 0.146446
0 0.406961 0.740815 0.043727 0.248140
0 0.835698 0.067684 0.031829 0.133708
0 0.580789 0.451358 0.050520 0.212114
0 0.898765 0.117103 0.037607 0.158137
0 0.522262 0.583980 0.052811 0.209736
0 0.775976 0.072391 0.030522 0.144291
0 0.555654 0.143858 0.043797 0.167687
0 0.231851 0.342090 0.037231 0.173632
0 0.985460 0.521615 0.029080 0.193810
0 0.930179 0.302118 0.043130 0.189079
0 0.229958 0.498892 0.048785 0.202726
0 0.870225 0.223302 0.042921 0.159826
0 0.964483 0.294873 0.037264 0.189605
0 0.224757 0.038229 0.026276 0.074488
0 0.203283 0.279947 0.036770 0.170139
0 0.252972 0.137432 0.033860 0.150492
0 0.552410 0.046473 0.031855 0.092783
0 0.921766 0.224665 0.040579 0.156639
0 0.105100 0.326662 0.037534 0.172348
0 0.142017 0.306973 0.039277 0.185095
0 0.795453 0.130758 0.029311 0.100112
0 0.252669 0.045630 0.032328 0.090424
0 0.198169 0.055060 0.030815 0.108832
0 0.223503 0.143553 0.032779 0.139707
0 0.975628 0.426867 0.042559 0.098918
2 0.692065 0.433786 0.139068 0.250868
1 0.942948 0.500000 0.108867 1.000000
