0 0.839660 0.825067 0.320660 0.349866
0 0.348864 0.067478 0.053481 0.134956
0 0.267446 0.295865 0.061462 0.247457
0 0.185577 0.033959 0.046351 0.066570
0 0.175895 0.233974 0.060528 0.230289
0 0.111624 0.114507 0.057681 0.229014
0 0.337867 0.374897 0.047473 0.243506
0 0.290046 0.041658 0.045172 0.083132
0 0.833790 0.322908 0.166456 0.447363
0 0.665080 0.403336 0.095722 0.388643
0 0.328086 0.625283 0.052763 0.050273
0 0.294212 0.724290 0.051481 0.196577
0 0.742770 0.390969 0.139862 0.419687
0 0.265144 0.970244 0.052213 0.056980
0 0.572386 0.371249 0.155097 0.455962
0 0.022930 0.729502 0.045633 0.163607
0 0.229927 0.028166 0.040225 0.056038
0 0.291169 0.409188 0.063699 0.270689
0 0.125144 0.821015 0.046906 0.196215
0 0.072915 0.723708 0.047518 0.185518
0 0.371630 0.474168 0.017351 0.218340
0 0.019565 0.808968 0.039016 0.207674
0 0.544561 0.380413 0.093495 0.423163
2 0.283052 0.906608 0.152359 0.186784
2 0.032639 0.107617 0.065049 0.213301
