0 0.652474 0.440561 0.050674 0.238568
0 0.952058 0.610169 0.054011 0.217237
0 0.922957 0.493649 0.050523 0.239101
0 0.281059 0.290886 0.049376 0.204012
0 0.336163 0.216938 0.046432 0.240254
0 0.339489 0.086018 0.045954 0.134284
0 0.284696 0.131822 0.053906 0.135564
0 0.236989 0.674470 0.059919 0.151988
0 0.676484 0.557654 0.045059 0.222559
0 0.861006 0.046639 0.052267 0.092846
0 0.395236 0.214168 0.041068 0.196156
0 0.804732 0.495085 0.055039 0.267565
0 0.534209 0.442979 0.054993 0.271412
0 0.289521 0.613971 0.042519 0.229556
0 0.440108 0.224226 0.045571 0.181192
0 0.733129 0.474669 0.052544 0.228482
0 0.357108 0.457467 0.055728 0.229491
0 0.463083 0.416582 0.052188 0.228203
0 0.069547 0.078325 0.035004 0.153314
0 0.415272 0.049714 0.038922 0.099428
0 0.591880 0.018567 0.048529 0.037134
0 0.715993 0.280494 0.040514 0.177226
0 0.970640 0.121599 0.051999 0.185434
0 0.044012 0.150785 0.040108 0.175624
0 0.161713 0.085480 0.032956 0.165782
0 0.131156 0.332949 0.051303 0.170757
0 0.119958 0.066333 0.042295 0.132667
0 0.768598 0.111438 0.040309 0.165751
0 0.778724 0.043159 0.037265 0.086319
0 0.449827 0.048588 0.041370 0.097176
0 0.114263 0.192713 0.041656 0.173341
0 0.012217 0.240594 0.024380 0.194850
0 0.313333 0.023770 0.040874 0.046678
0 0.310465 0.870132 0.200078 0.042742
0 0.360463 0.031129 0.041570 0.062257
0 0.500537 0.076129 0.038128 0.152258
0 0.149789 0.467028 0.046369 0.223166
2 0.904726 0.376194 0.154310 0.285779
2 0.630820 0.328148 0.146834 0.293131
3 0.874745 0.868306 0.134185 0.242030
1 0.047969 0.118994 0.032457 0.086091
