0 0.709501 0.539376 0.046759 0.218756
0 0.735657 0.647144 0.048505 0.205760
0 0.328995 0.790019 0.055231 0.211742
0 0.422793 0.212141 0.040860 0.129466
0 0.654018 0.050051 0.049551 0.100102
0 0.652333 0.109550 0.046568 0.128456
0 0.969409 0.580677 0.060934 0.217563
0 0.420185 0.333812 0.043570 0.223194
0 0.369116 0.400590 0.044893 0.186153
0 0.372357 0.256947 0.049223 0.124429
0 0.796618 0.064547 0.028502 0.129094
0 0.438519 0.549221 0.048774 0.196504
0 0.599881 0.541878 0.049815 0.243566
0 0.474844 0.329304 0.036098 0.178792
0 0.379131 0.701083 0.039175 0.216002
0 0.521265 0.129365 0.041814 0.161712
0 0.515104 0.340259 0.040341 0.162947
0 0.174454 0.196142 0.034002 0.157947
0 0.523926 0.044531 0.034833 0.087744
0 0.398233 0.093993 0.040575 0.174028
0 0.752508 0.196292 0.043476 0.173690
0 0.889083 0.088615 0.039636 0.149091
0 0.538876 0.511430 0.045381 0.201997
0 0.492344 0.137458 0.036399 0.164966
0 0.952352 0.279125 0.045366 0.174206
0 0.570381 0.206093 0.033769 0.160712
0 0.256473 0.054147 0.031586 0.108294
0 0.222913 0.048898 0.027872 0.097797
0 0.232642 0.440418 0.046498 0.163425
0 0.577925 0.101283 0.037469 0.138668
0 0.963961 0.373056 0.046736 0.188453
0 0.863101 0.375374 0.047352 0.168611
0 0.907693 0.286946 0.044527 0.162338
0 0.247636 0.574691 0.042889 0.223561
0 0.443435 0.115844 0.042434 0.159519
0 0.152392 0.266344 0.041255 0.178878
0 0.856802 0.089134 0.030514 0.134733
0 0.196613 0.056315 0.028468 0.112630
0 0.112790 0.367760 0.042521 0.203009
0 0.991334 0.378509 0.017333 0.176906
0 0.259438 0.219382 0.029906 0.157572
0 0.249935 0.156952 0.034535 0.161911
0 0.222761 0.176623 0.037192 0.151910
0 0.212769 0.309571 0.038889 0.149340
2 0.692495 0.432233 0.138387 0.251982
