0 0.449815 0.812893 0.355804 0.369311
0 0.053266 0.191886 0.047252 0.244481
0 0.055233 0.064467 0.045060 0.124884
0 0.679872 0.218704 0.099619 0.236547
0 0.912667 0.235246 0.122386 0.209477
0 0.157887 0.199930 0.046654 0.177871
0 0.014793 0.107725 0.029051 0.134972
0 0.111363 0.180811 0.039431 0.195806
0 0.791308 0.203057 0.149158 0.273167
0 0.133226 0.043702 0.041350 0.087404
0 0.388394 0.075743 0.044204 0.151486
0 0.937807 0.307509 0.093137 0.060476
0 0.037088 0.784261 0.074176 0.225170
0 0.671742 0.313214 0.085348 0.052334
0 0.418434 0.068543 0.045521 0.137085
0 0.009005 0.251103 0.018009 0.174373
0 0.167670 0.027930 0.043589 0.055859
0 0.575516 0.118825 0.047603 0.168777
0 0.172118 0.677351 0.344236 0.645298
0 0.537686 0.225777 0.048328 0.184918
0 0.508284 0.178714 0.047299 0.170305
0 0.568301 0.108933 0.050256 0.174868
0 0.372973 0.318695 0.046609 0.041703
0 0.617859 0.114077 0.023610 0.168404
2 0.351613 0.253242 0.153398 0.182544
1 0.813304 0.169022 0.373161 0.336796
1 0.352955 0.767552 0.566695 0.464001
