0 0.524603 0.207762 0.051710 0.234939
0 0.552476 0.325934 0.053563 0.223029
0 0.156659 0.080674 0.048056 0.161349
0 0.209920 0.052510 0.045909 0.104274
0 0.310924 0.043300 0.041798 0.085927
0 0.164643 0.353268 0.040206 0.173132
0 0.233466 0.311216 0.061454 0.235787
0 0.383802 0.113213 0.056085 0.224797
0 0.845212 0.278525 0.104834 0.322738
0 0.269623 0.038485 0.042152 0.076881
0 0.321388 0.260952 0.056239 0.229388
0 0.109556 0.403223 0.066501 0.073951
0 0.805533 0.883906 0.033728 0.232187
0 0.753791 0.271881 0.075482 0.316230
0 0.930975 0.257613 0.054723 0.246478
0 0.785511 0.243319 0.028761 0.167528
0 0.837196 0.890414 0.026949 0.207806
0 0.763911 0.862989 0.029651 0.215191
0 0.702786 0.270727 0.052967 0.334325
0 0.201052 0.366387 0.045916 0.147356
0 0.012531 0.050487 0.025017 0.100973
0 0.015311 0.165268 0.030315 0.240726
0 0.877429 0.894642 0.042680 0.207939
0 0.743119 0.850705 0.020369 0.183032
