0 0.735803 0.647528 0.048536 0.206561
0 0.709719 0.539946 0.046768 0.217904
0 0.328784 0.792703 0.055969 0.214339
0 0.419898 0.334993 0.043288 0.221256
0 0.652113 0.110278 0.046834 0.129553
0 0.654268 0.050035 0.049336 0.100070
0 0.369391 0.399492 0.045293 0.187027
0 0.968682 0.579843 0.060056 0.223167
0 0.372480 0.256368 0.049260 0.124966
0 0.439613 0.621498 0.056828 0.217006
0 0.493142 0.145130 0.038758 0.167705
0 0.473698 0.329832 0.037454 0.180901
0 0.840158 0.070759 0.032715 0.138141
0 0.522911 0.042398 0.032761 0.084795
0 0.423987 0.209840 0.042082 0.129410
0 0.513391 0.342115 0.040176 0.162711
0 0.521748 0.567914 0.054102 0.213160
0 0.797853 0.067944 0.029095 0.135888
0 0.587707 0.496568 0.047570 0.239230
0 0.378006 0.698761 0.038066 0.209402
0 0.397448 0.730469 0.051219 0.246969
0 0.395042 0.086424 0.039258 0.162996
0 0.896729 0.113856 0.037363 0.160448
0 0.173950 0.199363 0.032793 0.159897
0 0.522577 0.131712 0.041541 0.174430
0 0.936978 0.252459 0.041688 0.162669
0 0.775342 0.074249 0.030636 0.144690
0 0.945436 0.328968 0.043626 0.194791
0 0.238190 0.521006 0.048623 0.220739
0 0.886090 0.253126 0.043158 0.156494
0 0.259938 0.052404 0.029944 0.104808
0 0.423170 0.073673 0.032725 0.146493
0 0.723953 0.215515 0.038245 0.163564
0 0.232577 0.346286 0.038179 0.173125
0 0.205513 0.286096 0.035307 0.162890
0 0.223573 0.144187 0.033893 0.141064
0 0.224937 0.039234 0.029365 0.078468
0 0.977730 0.322227 0.036585 0.195320
0 0.832946 0.322266 0.041574 0.160121
0 0.110808 0.307253 0.036643 0.179464
0 0.553250 0.137334 0.043148 0.160953
0 0.564448 0.073858 0.034950 0.125073
0 0.194916 0.055378 0.030741 0.110756
0 0.252027 0.149308 0.035093 0.145498
0 0.141710 0.310313 0.038972 0.181311
0 0.981964 0.448327 0.035656 0.087973
0 0.198609 0.047923 0.029249 0.095410
2 0.693192 0.434106 0.137992 0.252166
1 0.977105 0.736740 0.045695 0.522644
