0 0.237507 0.290243 0.052431 0.245108
0 0.208252 0.362353 0.056423 0.139383
0 0.618104 0.132223 0.050854 0.216191
0 0.560954 0.090693 0.047334 0.181371
0 0.500379 0.080191 0.040792 0.160383
0 0.540882 0.299285 0.049150 0.239612
0 0.614811 0.021076 0.051392 0.039902
0 0.718904 0.810421 0.045907 0.365540
0 0.455529 0.080287 0.047233 0.160573
0 0.758269 0.817653 0.048075 0.353126
0 0.807422 0.819956 0.036687 0.332186
0 0.367052 0.602561 0.028097 0.142701
0 0.869692 0.810705 0.042979 0.350883
0 0.356600 0.289013 0.060355 0.278356
0 0.948779 0.796235 0.039585 0.353283
0 0.062174 0.110309 0.051033 0.189330
0 0.430102 0.251972 0.051164 0.236413
0 0.896541 0.810033 0.028568 0.342975
0 0.610022 0.391733 0.041518 0.082746
0 0.982083 0.067339 0.035309 0.132717
0 0.840387 0.805643 0.039912 0.362431
0 0.920092 0.798878 0.032591 0.343841
0 0.014849 0.053242 0.029699 0.106483
1 0.913027 0.211868 0.173946 0.416131
