0 0.735578 0.647510 0.048532 0.207428
0 0.709629 0.539405 0.046878 0.218622
0 0.328897 0.792096 0.055542 0.210878
0 0.419806 0.334076 0.043268 0.224774
0 0.652263 0.109078 0.047218 0.129872
0 0.653940 0.050032 0.049266 0.100065
0 0.369415 0.400239 0.045171 0.186978
0 0.969181 0.581430 0.060118 0.216051
0 0.422839 0.210543 0.042842 0.129596
0 0.372289 0.256210 0.049099 0.125260
0 0.493572 0.144607 0.038556 0.165297
0 0.440466 0.600690 0.056044 0.220705
0 0.523977 0.044971 0.035268 0.089103
0 0.474661 0.325836 0.036513 0.178059
0 0.514842 0.341494 0.040520 0.162335
0 0.525717 0.539896 0.055995 0.211772
0 0.593466 0.521873 0.049958 0.251031
0 0.797520 0.066637 0.028841 0.133275
0 0.258470 0.054107 0.028498 0.107070
0 0.523328 0.137214 0.042450 0.164142
0 0.377390 0.698043 0.036837 0.208267
0 0.396741 0.092284 0.039838 0.168294
0 0.175910 0.194993 0.031578 0.167057
0 0.723584 0.212701 0.035598 0.160075
0 0.834768 0.320640 0.040369 0.162413
0 0.935512 0.251735 0.042199 0.150463
0 0.893191 0.098451 0.033508 0.159894
0 0.224350 0.042976 0.027916 0.085951
0 0.239045 0.522320 0.052426 0.216247
0 0.945901 0.329622 0.045290 0.193028
0 0.128939 0.287833 0.037427 0.152666
0 0.200609 0.054479 0.028685 0.108958
0 0.555915 0.144462 0.040365 0.164103
0 0.887384 0.254547 0.040374 0.159454
0 0.567707 0.086051 0.034863 0.122917
0 0.777889 0.071759 0.029698 0.141937
0 0.232215 0.338837 0.038358 0.177441
0 0.978533 0.323578 0.037910 0.187200
0 0.422597 0.076705 0.032970 0.152945
0 0.115457 0.347211 0.044758 0.181115
0 0.223217 0.140502 0.032886 0.138301
0 0.247407 0.142223 0.034143 0.152306
0 0.442841 0.100308 0.037210 0.150994
0 0.208494 0.281905 0.037176 0.163673
0 0.233022 0.370718 0.043418 0.180396
0 0.846591 0.074045 0.029863 0.140774
2 0.692889 0.433610 0.138864 0.251853
