0 0.709423 0.540191 0.046696 0.217198
0 0.735611 0.648043 0.048581 0.206745
0 0.329408 0.792325 0.054978 0.213369
0 0.651928 0.109673 0.046788 0.128057
0 0.654006 0.050213 0.049494 0.100427
0 0.419815 0.334555 0.042903 0.222847
0 0.423305 0.210431 0.041731 0.128515
0 0.372611 0.257102 0.049217 0.124749
0 0.513497 0.329425 0.040712 0.168937
0 0.430866 0.756508 0.052822 0.246785
0 0.523774 0.603843 0.052791 0.214952
0 0.491431 0.132096 0.035522 0.163685
0 0.801412 0.261223 0.041214 0.147585
0 0.519009 0.121808 0.033605 0.160057
0 0.446811 0.653668 0.051141 0.216849
0 0.681568 0.235169 0.041728 0.165360
0 0.389893 0.071260 0.038733 0.142358
0 0.833646 0.065984 0.032963 0.131968
0 0.474164 0.314134 0.037178 0.185133
0 0.576608 0.423194 0.053200 0.244041
0 0.377607 0.694412 0.038498 0.203696
0 0.525007 0.046309 0.032538 0.092619
0 0.870625 0.221278 0.042161 0.154969
0 0.547918 0.048581 0.030286 0.097162
0 0.253304 0.146826 0.035032 0.173098
0 0.421956 0.070180 0.037520 0.138896
0 0.947170 0.525827 0.049559 0.205466
0 0.555501 0.133528 0.038237 0.151174
0 0.899620 0.121483 0.036230 0.148826
0 0.795032 0.124180 0.032934 0.114089
0 0.368803 0.400780 0.044236 0.183247
0 0.923434 0.288801 0.038919 0.178407
0 0.229073 0.331812 0.036728 0.178177
0 0.984141 0.532202 0.031717 0.202369
0 0.223266 0.150029 0.030710 0.131970
0 0.204848 0.267944 0.036247 0.158101
0 0.792616 0.060722 0.030118 0.121444
0 0.957158 0.283220 0.038113 0.190717
0 0.092468 0.350907 0.044741 0.185693
0 0.226129 0.042418 0.025517 0.084837
0 0.173070 0.201527 0.033315 0.167023
0 0.916007 0.214117 0.040286 0.170058
0 0.976601 0.433587 0.041149 0.107935
0 0.772022 0.066743 0.032180 0.133486
0 0.223927 0.485411 0.048589 0.207691
0 0.164283 0.276335 0.035946 0.172014
0 0.390061 0.401965 0.038527 0.183740
0 0.971386 0.418253 0.038684 0.098572
2 0.692453 0.434101 0.139110 0.255194
