0 0.735854 0.647162 0.048924 0.206995
0 0.328859 0.792441 0.056167 0.214036
0 0.709534 0.539724 0.046862 0.217342
0 0.419782 0.334698 0.043075 0.221003
0 0.652149 0.109905 0.046811 0.129318
0 0.654253 0.049521 0.048825 0.099043
0 0.369262 0.399789 0.045341 0.187405
0 0.968688 0.579233 0.059730 0.223997
0 0.439496 0.622982 0.056885 0.218748
0 0.372498 0.256553 0.049551 0.125047
0 0.493125 0.143922 0.038528 0.167949
0 0.473635 0.329761 0.037179 0.179786
0 0.523205 0.042641 0.033439 0.085282
0 0.840113 0.071263 0.032510 0.139523
0 0.513068 0.342040 0.040113 0.160773
0 0.521518 0.567111 0.053654 0.211681
0 0.423834 0.210565 0.041528 0.128073
0 0.378205 0.699118 0.038588 0.209240
0 0.797657 0.068054 0.029135 0.136108
0 0.587189 0.494637 0.048391 0.239171
0 0.397524 0.730491 0.051784 0.244752
0 0.393860 0.085130 0.038611 0.160518
0 0.174074 0.199806 0.033061 0.160484
0 0.896988 0.114419 0.038636 0.161634
0 0.522030 0.130294 0.040666 0.172416
0 0.774773 0.073822 0.031972 0.142388
0 0.936746 0.252175 0.042012 0.161741
0 0.423111 0.074654 0.033294 0.148160
0 0.886151 0.251315 0.042942 0.156494
0 0.944803 0.327347 0.044662 0.197013
0 0.258853 0.051203 0.030593 0.101604
0 0.238028 0.518952 0.048143 0.222074
0 0.232339 0.345190 0.037870 0.170989
0 0.205497 0.285795 0.035337 0.164437
0 0.222764 0.144136 0.033569 0.142747
0 0.224891 0.039497 0.029461 0.078319
0 0.833543 0.321739 0.041485 0.162046
0 0.553498 0.137023 0.044332 0.161110
0 0.978146 0.320904 0.036772 0.195681
0 0.250359 0.143568 0.034163 0.159271
0 0.724665 0.215786 0.039022 0.162027
0 0.109845 0.308265 0.037655 0.178950
0 0.140821 0.310226 0.041259 0.188988
0 0.196291 0.055000 0.031506 0.110000
0 0.564265 0.072467 0.034288 0.124812
2 0.693027 0.433922 0.138604 0.251276
1 0.976824 0.727805 0.046209 0.537652
