0 0.709734 0.540144 0.046559 0.218016
0 0.735721 0.647800 0.048396 0.206374
0 0.329192 0.792083 0.055611 0.213556
0 0.652486 0.109714 0.047455 0.130025
0 0.420023 0.334473 0.043319 0.222582
0 0.423134 0.211311 0.041415 0.125574
0 0.654044 0.049795 0.048930 0.099589
0 0.372387 0.257476 0.049579 0.125218
0 0.425291 0.750404 0.060529 0.247727
0 0.493187 0.138556 0.037319 0.170610
0 0.514783 0.335477 0.041201 0.172556
0 0.369306 0.399651 0.045241 0.185137
0 0.834862 0.067153 0.032900 0.133958
0 0.378039 0.698115 0.037995 0.209744
0 0.682779 0.237491 0.042240 0.166238
0 0.474961 0.322687 0.038366 0.187167
0 0.522948 0.589922 0.053404 0.211919
0 0.953112 0.531134 0.051338 0.179814
0 0.520165 0.129878 0.034763 0.160297
0 0.523261 0.044877 0.033468 0.089754
0 0.443887 0.644920 0.050414 0.223875
0 0.799913 0.261110 0.042472 0.146050
0 0.579303 0.449282 0.049443 0.216672
0 0.389927 0.073573 0.036788 0.147147
0 0.797619 0.064759 0.029362 0.129518
0 0.555618 0.138772 0.043200 0.158217
0 0.775715 0.072300 0.029674 0.143490
0 0.899242 0.119365 0.036177 0.154748
0 0.230813 0.338533 0.037083 0.172978
0 0.421874 0.067026 0.036215 0.134052
0 0.985815 0.529493 0.028369 0.180242
0 0.870439 0.222213 0.043654 0.160794
0 0.549615 0.048496 0.029472 0.096772
0 0.960176 0.281928 0.038755 0.187687
0 0.172041 0.197539 0.032960 0.162035
0 0.795264 0.124889 0.031487 0.111246
0 0.924947 0.295122 0.042686 0.190662
0 0.099955 0.331153 0.038876 0.177586
0 0.227852 0.494970 0.048620 0.204841
0 0.252596 0.142607 0.033998 0.183174
0 0.920080 0.217580 0.037003 0.155076
0 0.224610 0.042011 0.025711 0.082413
0 0.205048 0.280760 0.035624 0.169384
0 0.199476 0.056700 0.032010 0.111703
0 0.976270 0.426976 0.043232 0.095755
0 0.219554 0.141384 0.031198 0.121828
2 0.691897 0.434489 0.139531 0.253258
