0 0.833283 0.307870 0.051029 0.212043
0 0.413837 0.443271 0.055680 0.189355
0 0.806411 0.194572 0.048025 0.224124
0 0.455771 0.075186 0.047036 0.150372
0 0.313570 0.217595 0.050036 0.128230
0 0.070942 0.862378 0.068276 0.273716
0 0.343980 0.861949 0.053836 0.275719
0 0.132414 0.859001 0.060991 0.279571
0 0.214471 0.713350 0.058639 0.206535
0 0.508491 0.050715 0.045097 0.100890
0 0.526586 0.272494 0.058355 0.221141
0 0.287833 0.861708 0.061454 0.275814
0 0.562416 0.037745 0.040497 0.075306
0 0.604420 0.039273 0.046573 0.077598
0 0.612130 0.221845 0.055504 0.212432
0 0.678935 0.151599 0.049335 0.236425
0 0.187074 0.867330 0.055304 0.262105
0 0.463115 0.360914 0.042964 0.215170
0 0.236359 0.873969 0.053561 0.248712
0 0.481786 0.394611 0.055728 0.251125
0 0.356193 0.301967 0.032406 0.225409
0 0.357491 0.169586 0.027897 0.126495
0 0.297463 0.713686 0.044470 0.171597
0 0.167440 0.710787 0.044685 0.185896
0 0.341022 0.713313 0.053264 0.184024
0 0.259418 0.716864 0.043123 0.191824
0 0.047647 0.806504 0.061237 0.375133
0 0.096240 0.706471 0.043373 0.188059
0 0.162763 0.103566 0.033356 0.134613
0 0.191710 0.102075 0.037900 0.165870
0 0.130557 0.708957 0.040600 0.174788
0 0.014708 0.816509 0.029384 0.366983
0 0.330672 0.362567 0.041541 0.199773
0 0.333068 0.047035 0.035390 0.094069
0 0.141157 0.224334 0.037775 0.167067
0 0.358384 0.047245 0.023737 0.094490
0 0.164064 0.281854 0.035171 0.182513
0 0.153059 0.422289 0.051265 0.200412
0 0.114468 0.174874 0.036183 0.188790
0 0.093108 0.153957 0.031846 0.178643
0 0.323752 0.364704 0.041123 0.195311
0 0.937665 0.028304 0.047707 0.055693
0 0.048077 0.721341 0.062160 0.204983
0 0.130441 0.032255 0.031625 0.064510
0 0.159377 0.024891 0.028242 0.049071
0 0.023081 0.320756 0.040085 0.184614
0 0.111197 0.207787 0.036243 0.172252
2 0.792279 0.105845 0.144220 0.208783
