0 0.421476 0.568503 0.053940 0.183399
0 0.393294 0.471522 0.050631 0.240377
0 0.072544 0.247387 0.047170 0.248836
0 0.020800 0.317604 0.041599 0.212582
0 0.023355 0.160440 0.046646 0.138567
0 0.133135 0.242567 0.041381 0.198621
0 0.176097 0.253343 0.044516 0.186042
0 0.185565 0.519055 0.061395 0.234458
0 0.075309 0.111525 0.047098 0.140646
0 0.330491 0.033334 0.052213 0.066668
0 0.199320 0.824873 0.246383 0.286293
0 0.094815 0.557047 0.060454 0.205429
0 0.152818 0.063073 0.042330 0.126146
0 0.184603 0.056993 0.043295 0.113987
0 0.224469 0.063316 0.049961 0.126631
0 0.250759 0.383829 0.054710 0.223109
0 0.025939 0.596435 0.040644 0.126496
0 0.528463 0.233194 0.046875 0.183110
0 0.564675 0.143631 0.029675 0.142366
0 0.486906 0.035435 0.034549 0.070870
0 0.466637 0.020518 0.035102 0.040934
0 0.941144 0.354136 0.073974 0.288046
0 0.360704 0.133686 0.048423 0.191717
0 0.050498 0.609736 0.051556 0.097934
0 0.042372 0.019608 0.036266 0.039216
0 0.487148 0.025150 0.032142 0.050299
2 0.372221 0.355987 0.152000 0.286668
1 0.791180 0.235707 0.417641 0.471414
