0 0.649707 0.689923 0.255133 0.454769
0 0.139043 0.326941 0.047260 0.220689
0 0.756972 0.685619 0.160633 0.401188
0 0.113274 0.395477 0.048989 0.127774
0 0.430009 0.120819 0.043009 0.221306
0 0.480453 0.188189 0.045102 0.187240
0 0.887020 0.684933 0.139222 0.273994
0 0.428454 0.030692 0.043058 0.060977
0 0.477616 0.052778 0.050074 0.105556
0 0.768876 0.259124 0.081357 0.399931
0 0.407692 0.359418 0.054513 0.201529
0 0.334943 0.125520 0.042446 0.165373
0 0.319645 0.313337 0.057568 0.209070
0 0.935625 0.231213 0.098225 0.460772
0 0.847698 0.229863 0.073170 0.459726
0 0.686763 0.250327 0.081018 0.420959
0 0.377118 0.114081 0.036463 0.184072
0 0.249082 0.327961 0.049790 0.253941
0 0.472548 0.419290 0.041422 0.083987
0 0.639585 0.250330 0.060446 0.420213
0 0.092839 0.034389 0.038034 0.068779
0 0.283231 0.027182 0.038637 0.054192
1 0.258174 0.726040 0.516206 0.543318
1 0.752821 0.225555 0.493995 0.451110
2 0.155635 0.237112 0.143383 0.287538
