0 0.735821 0.647633 0.048679 0.206679
0 0.709512 0.539865 0.046846 0.217920
0 0.328964 0.792416 0.056547 0.214027
0 0.419900 0.334913 0.043354 0.221348
0 0.652053 0.109735 0.046769 0.129915
0 0.654225 0.049915 0.048942 0.099830
0 0.968787 0.580846 0.060255 0.221698
0 0.369365 0.399792 0.045337 0.187125
0 0.372603 0.256516 0.049586 0.125444
0 0.439235 0.617571 0.056705 0.214383
0 0.493396 0.144748 0.039233 0.169253
0 0.424184 0.210790 0.042038 0.128897
0 0.473792 0.330079 0.037648 0.179952
0 0.522794 0.042279 0.032991 0.084557
0 0.840720 0.070660 0.032408 0.137588
0 0.513649 0.343175 0.040082 0.161363
0 0.797908 0.067228 0.029348 0.134457
0 0.522195 0.569478 0.053817 0.215823
0 0.587240 0.497355 0.047547 0.237277
0 0.377613 0.698090 0.037189 0.208551
0 0.397477 0.728049 0.049514 0.245270
0 0.174636 0.197871 0.032633 0.162328
0 0.896853 0.111662 0.036797 0.156356
0 0.395574 0.089077 0.039388 0.164552
0 0.522797 0.132669 0.041773 0.175106
0 0.724550 0.215215 0.038411 0.164853
0 0.936449 0.253588 0.041477 0.161381
0 0.259689 0.053561 0.030497 0.106206
0 0.775259 0.073585 0.031627 0.142002
0 0.887051 0.252629 0.042853 0.156962
0 0.238337 0.520565 0.050080 0.219718
0 0.946342 0.330618 0.043950 0.197933
0 0.232807 0.343345 0.037884 0.174345
0 0.224959 0.040210 0.029463 0.080365
0 0.423050 0.073865 0.033448 0.146817
0 0.205198 0.288295 0.034975 0.160107
0 0.223717 0.143675 0.034283 0.139701
0 0.832888 0.319709 0.040175 0.157747
0 0.555698 0.139285 0.042932 0.162026
0 0.977766 0.322316 0.036434 0.197641
0 0.565154 0.075951 0.035093 0.127682
0 0.194615 0.055667 0.030656 0.111334
0 0.253053 0.147273 0.034504 0.146543
0 0.112953 0.304783 0.036644 0.176217
0 0.198882 0.048968 0.028959 0.097594
2 0.692725 0.433192 0.138663 0.251936
1 0.976661 0.736305 0.046582 0.519375
