0 0.709793 0.539288 0.046663 0.219587
0 0.735719 0.647722 0.048167 0.206168
0 0.328786 0.792279 0.055682 0.209737
0 0.419630 0.334585 0.043013 0.221424
0 0.652407 0.109542 0.046922 0.129290
0 0.422978 0.211585 0.041321 0.129429
0 0.654129 0.049970 0.049863 0.099940
0 0.969811 0.581799 0.059489 0.213704
0 0.368991 0.400309 0.045149 0.186136
0 0.372523 0.256459 0.049868 0.126116
0 0.441075 0.579015 0.055260 0.212553
0 0.529328 0.523223 0.057073 0.209420
0 0.472963 0.324557 0.036608 0.179841
0 0.525115 0.045145 0.035610 0.090034
0 0.797653 0.065352 0.028465 0.130704
0 0.493324 0.139993 0.037918 0.164016
0 0.514309 0.337590 0.042135 0.171146
0 0.600273 0.539935 0.049514 0.253710
0 0.377302 0.697922 0.037055 0.209159
0 0.258021 0.051425 0.029017 0.102850
0 0.521165 0.131781 0.042259 0.173605
0 0.888997 0.086750 0.039029 0.159741
0 0.398236 0.100512 0.038545 0.163594
0 0.901847 0.271443 0.041459 0.161317
0 0.944106 0.268259 0.045134 0.165080
0 0.174699 0.194676 0.034487 0.166315
0 0.752115 0.199002 0.043165 0.167372
0 0.222783 0.045082 0.027380 0.090163
0 0.199255 0.056031 0.028523 0.112063
0 0.861890 0.369651 0.045625 0.167898
0 0.138518 0.277150 0.050311 0.176890
0 0.568171 0.084256 0.034953 0.121086
0 0.853177 0.088044 0.030053 0.140151
0 0.836509 0.321709 0.042042 0.167657
0 0.238462 0.517694 0.049810 0.215529
0 0.554283 0.143378 0.039648 0.159791
0 0.957036 0.349118 0.045878 0.195800
0 0.442952 0.115002 0.038199 0.151257
0 0.119870 0.349044 0.044025 0.182770
0 0.179190 0.053855 0.021876 0.107710
0 0.231260 0.348514 0.038558 0.178968
0 0.222812 0.137726 0.035228 0.143627
0 0.247809 0.141814 0.035947 0.155960
0 0.253928 0.142628 0.032409 0.166485
0 0.983962 0.352027 0.030165 0.181713
0 0.256352 0.212234 0.029722 0.151615
2 0.693015 0.433868 0.138295 0.252463
1 0.860170 0.500000 0.277545 1.000000
