0 0.458431 0.244416 0.048751 0.257801
0 0.455968 0.110297 0.048099 0.140465
0 0.197263 0.033428 0.053702 0.066855
0 0.350932 0.255970 0.048106 0.188088
0 0.375127 0.064796 0.042875 0.129593
0 0.133680 0.404895 0.053446 0.093452
0 0.216209 0.801344 0.083786 0.397311
0 0.397756 0.240245 0.042926 0.203231
0 0.158035 0.804701 0.078508 0.390598
0 0.343139 0.057483 0.045502 0.114967
0 0.117608 0.113056 0.044435 0.194123
0 0.784588 0.211740 0.156881 0.420710
0 0.352191 0.763243 0.069760 0.103139
0 0.306891 0.060756 0.047590 0.121513
0 0.268929 0.378465 0.053462 0.141434
0 0.341990 0.417021 0.060982 0.066767
0 0.479657 0.035876 0.037882 0.071752
0 0.286579 0.762010 0.058032 0.086979
1 0.759403 0.712668 0.480678 0.532550
1 0.808065 0.712259 0.332540 0.533894
2 0.154407 0.336081 0.158975 0.227760
