0 0.709568 0.539494 0.046507 0.218353
0 0.735766 0.647738 0.048491 0.206136
0 0.328869 0.789966 0.054779 0.215181
0 0.653918 0.050146 0.049817 0.100293
0 0.969019 0.581465 0.061716 0.218286
0 0.420268 0.333705 0.043662 0.223077
0 0.369127 0.400546 0.044833 0.188813
0 0.652427 0.109992 0.047080 0.129854
0 0.422961 0.211211 0.042896 0.130344
0 0.372380 0.256664 0.048925 0.124069
0 0.796360 0.065118 0.028570 0.129818
0 0.753445 0.194114 0.043141 0.171690
0 0.438160 0.544639 0.044472 0.206553
0 0.521690 0.131760 0.040432 0.166499
0 0.524877 0.045000 0.034463 0.089267
0 0.474815 0.329053 0.035953 0.175627
0 0.540810 0.502943 0.046423 0.204912
0 0.397469 0.096586 0.040115 0.172979
0 0.257681 0.051613 0.028806 0.102939
0 0.599648 0.536685 0.052614 0.254521
0 0.493335 0.137397 0.037027 0.163202
0 0.961297 0.363953 0.046630 0.191381
0 0.514362 0.342300 0.040935 0.158778
0 0.570673 0.208728 0.035489 0.164542
0 0.949188 0.278633 0.049214 0.178294
0 0.380765 0.702590 0.041291 0.216432
0 0.890530 0.088835 0.037369 0.151703
0 0.247872 0.585285 0.044090 0.223823
0 0.578504 0.104254 0.036320 0.135143
0 0.232739 0.445200 0.049437 0.155946
0 0.176572 0.199792 0.033360 0.147851
0 0.197880 0.056662 0.028264 0.110030
0 0.903343 0.288778 0.044157 0.160768
0 0.861847 0.375104 0.043620 0.170618
0 0.154147 0.267390 0.041040 0.182023
0 0.443390 0.113105 0.042244 0.158062
0 0.220636 0.207653 0.039230 0.140156
0 0.858841 0.084238 0.028151 0.142799
0 0.221814 0.047727 0.027047 0.095454
0 0.259445 0.216442 0.032083 0.148119
0 0.989115 0.361230 0.021769 0.184046
0 0.107327 0.383433 0.046721 0.191599
0 0.254042 0.151886 0.030934 0.142125
0 0.214851 0.311426 0.040949 0.151517
2 0.692093 0.432923 0.138814 0.252589
