0 0.709632 0.539488 0.046712 0.218677
0 0.735840 0.647077 0.048269 0.205604
0 0.422882 0.211247 0.041125 0.130461
0 0.328840 0.789958 0.055403 0.214434
0 0.654081 0.050174 0.049455 0.100347
0 0.652344 0.109933 0.046810 0.129245
0 0.420019 0.334093 0.043353 0.222753
0 0.369369 0.400687 0.044724 0.186747
0 0.969244 0.580952 0.061229 0.216002
0 0.372515 0.256713 0.049125 0.124714
0 0.796290 0.064955 0.029130 0.129911
0 0.599666 0.541385 0.050677 0.244223
0 0.439264 0.553823 0.050717 0.199690
0 0.474468 0.327376 0.036086 0.178032
0 0.520731 0.131848 0.042490 0.164741
0 0.524308 0.045630 0.034485 0.089713
0 0.514921 0.341670 0.040548 0.161522
0 0.377521 0.698928 0.036516 0.212537
0 0.888759 0.086675 0.040045 0.153605
0 0.398321 0.094231 0.040732 0.172486
0 0.174259 0.196701 0.033286 0.158892
0 0.536490 0.513947 0.048387 0.208269
0 0.753445 0.196661 0.044657 0.174262
0 0.492057 0.139362 0.036424 0.163110
0 0.256808 0.053172 0.030769 0.106344
0 0.962648 0.368172 0.047607 0.194930
0 0.951880 0.279827 0.046712 0.178817
0 0.223291 0.047840 0.027777 0.095680
0 0.856567 0.086497 0.029907 0.139036
0 0.862974 0.376382 0.045576 0.167757
0 0.196143 0.057787 0.028835 0.115574
0 0.576427 0.100447 0.037888 0.135956
0 0.569412 0.207274 0.033128 0.156983
0 0.443015 0.114373 0.042802 0.157467
0 0.905562 0.286744 0.045957 0.164424
0 0.114303 0.363106 0.042512 0.197958
0 0.232498 0.442788 0.048084 0.160549
0 0.150518 0.269692 0.040021 0.173644
0 0.991056 0.373580 0.017887 0.184316
0 0.223206 0.168155 0.037489 0.164021
0 0.247439 0.562244 0.045170 0.220567
0 0.258756 0.219497 0.029782 0.153998
0 0.213661 0.308678 0.038918 0.155392
0 0.249548 0.156043 0.036688 0.160775
2 0.692377 0.432463 0.138435 0.251067
