0 0.046441 0.235220 0.047580 0.217691
0 0.022442 0.342117 0.044885 0.207246
0 0.388792 0.097866 0.046280 0.189696
0 0.294582 0.781356 0.347382 0.437288
0 0.429011 0.465116 0.056172 0.170525
0 0.316615 0.280934 0.055939 0.218924
0 0.337337 0.070117 0.042308 0.140186
0 0.243400 0.059017 0.043818 0.118033
0 0.157346 0.236799 0.051372 0.259491
0 0.228175 0.220442 0.057920 0.207103
0 0.380325 0.385130 0.040451 0.204508
0 0.629001 0.794715 0.318331 0.407400
0 0.283519 0.055653 0.035895 0.111306
2 0.065954 0.132955 0.131907 0.249887
1 0.758300 0.437902 0.480736 0.753248
1 0.771961 0.246832 0.455675 0.480690
1 0.234995 0.768136 0.466613 0.428367
3 0.622164 0.341658 0.165128 0.212607
