0 0.744040 0.898209 0.048987 0.203581
0 0.247401 0.097264 0.045553 0.194529
0 0.301242 0.147771 0.046018 0.195332
0 0.717024 0.954800 0.052532 0.087313
0 0.878583 0.358190 0.059380 0.182368
0 0.803783 0.490143 0.049453 0.076431
0 0.296841 0.032186 0.051415 0.064372
0 0.227861 0.354174 0.060513 0.187124
0 0.191517 0.084136 0.036619 0.168273
0 0.750466 0.363380 0.051795 0.174399
0 0.150215 0.087402 0.042932 0.168317
0 0.142641 0.318306 0.055792 0.212045
0 0.626495 0.361549 0.079040 0.177204
0 0.075848 0.252161 0.049590 0.230800
0 0.885554 0.742898 0.058802 0.221222
0 0.692556 0.360998 0.069362 0.176338
0 0.797728 0.364108 0.047949 0.174031
0 0.946013 0.675177 0.041090 0.162957
0 0.932638 0.936303 0.058398 0.127394
0 0.924575 0.361142 0.043702 0.177851
0 0.832537 0.363809 0.040590 0.171302
0 0.983534 0.658849 0.032731 0.187130
0 0.969286 0.501775 0.037366 0.101583
0 0.651012 0.619777 0.042053 0.150859
0 0.938920 0.500925 0.036328 0.102171
0 0.961143 0.362127 0.043081 0.173948
0 0.434631 0.271553 0.052374 0.237151
0 0.987765 0.361100 0.024470 0.178933
0 0.292718 0.399627 0.038310 0.096707
0 0.470860 0.060188 0.032834 0.120375
0 0.655115 0.495512 0.033392 0.092108
0 0.441259 0.096125 0.040118 0.170577
0 0.817474 0.615795 0.049206 0.171752
0 0.907397 0.502792 0.043101 0.103741
0 0.592216 0.578903 0.024855 0.145492
0 0.685045 0.474471 0.037076 0.048048
0 0.564908 0.072223 0.027256 0.144445
1 0.789507 0.227752 0.419480 0.454493
2 0.758793 0.826950 0.145336 0.313834
2 0.017950 0.184624 0.035760 0.266976
