0 0.221190 0.227725 0.046731 0.247404
0 0.169724 0.141697 0.054071 0.138858
0 0.722608 0.881262 0.048078 0.226484
0 0.670407 0.798710 0.053226 0.135715
0 0.977585 0.656330 0.044033 0.094240
0 0.726001 0.748524 0.045718 0.140341
0 0.224488 0.091995 0.046775 0.139286
0 0.188708 0.297757 0.043387 0.215893
0 0.697452 0.220925 0.201008 0.313053
0 0.321720 0.517611 0.033681 0.183740
0 0.888160 0.903094 0.058416 0.191908
0 0.284104 0.188124 0.041989 0.199061
0 0.543607 0.699565 0.033368 0.171802
0 0.258706 0.542491 0.053513 0.132062
0 0.963914 0.797803 0.050188 0.181138
0 0.321470 0.193324 0.035697 0.178244
0 0.688682 0.924100 0.039463 0.151089
0 0.799478 0.660801 0.043025 0.101370
0 0.488775 0.785234 0.040039 0.171051
0 0.868929 0.663051 0.040835 0.106739
0 0.298481 0.037690 0.035157 0.073629
0 0.436268 0.724880 0.034394 0.185978
0 0.826404 0.849403 0.044169 0.192073
0 0.830064 0.650318 0.037506 0.082620
0 0.041417 0.056886 0.039105 0.112419
0 0.014940 0.201538 0.029881 0.198367
0 0.494006 0.945493 0.059992 0.107093
0 0.787867 0.828106 0.043433 0.205493
0 0.507616 0.841488 0.037962 0.182860
0 0.325341 0.031579 0.027986 0.061039
0 0.176617 0.564114 0.044777 0.090494
0 0.017930 0.361037 0.035780 0.215292
0 0.202584 0.763650 0.151156 0.212917
0 0.459915 0.762354 0.034574 0.176849
0 0.994465 0.710539 0.011071 0.104318
