0 0.539014 0.861354 0.048850 0.220435
0 0.883235 0.175606 0.045267 0.191660
0 0.537072 0.319035 0.047669 0.223677
0 0.882364 0.575753 0.049390 0.128511
0 0.833180 0.654929 0.043729 0.229303
0 0.831910 0.114837 0.043458 0.216470
0 0.076883 0.073898 0.047073 0.130771
0 0.512830 0.933763 0.048838 0.132473
0 0.314895 0.305401 0.042759 0.226330
0 0.312427 0.180703 0.041108 0.131076
0 0.885125 0.721171 0.046111 0.194077
0 0.880205 0.047217 0.051321 0.094433
0 0.363229 0.227593 0.048811 0.127037
0 0.812156 0.901785 0.059234 0.196429
0 0.831121 0.528884 0.043926 0.129779
0 0.509811 0.380873 0.050115 0.116893
0 0.076044 0.030963 0.051279 0.061416
0 0.778038 0.647660 0.037540 0.183256
0 0.723033 0.854947 0.055614 0.207665
0 0.736587 0.661589 0.042948 0.168283
0 0.828291 0.024701 0.046423 0.049403
0 0.259221 0.297119 0.038445 0.188702
0 0.813050 0.318969 0.046455 0.211575
0 0.210763 0.097760 0.042081 0.178050
0 0.218830 0.308333 0.039776 0.168115
0 0.241199 0.109573 0.037681 0.165451
0 0.758387 0.492056 0.038719 0.104272
0 0.776525 0.104023 0.036425 0.187318
0 0.653776 0.854840 0.049524 0.263471
0 0.595830 0.462740 0.047847 0.044326
0 0.734599 0.118003 0.043233 0.162598
0 0.710844 0.284678 0.046648 0.217717
0 0.290345 0.084942 0.041327 0.165684
0 0.875459 0.959484 0.040212 0.081033
0 0.334365 0.071114 0.038973 0.140924
0 0.152656 0.071705 0.033946 0.124187
0 0.629550 0.356400 0.052318 0.165998
0 0.161448 0.166277 0.033815 0.179598
0 0.365676 0.357162 0.040999 0.161909
0 0.210825 0.023372 0.039428 0.046743
0 0.255636 0.722455 0.215808 0.555089
0 0.852934 0.467921 0.042303 0.051956
0 0.524496 0.534103 0.032303 0.152873
0 0.507586 0.524802 0.032539 0.168176
0 0.728911 0.485053 0.036423 0.095526
0 0.990613 0.367120 0.018774 0.138911
0 0.691582 0.487180 0.042143 0.092744
0 0.676190 0.031977 0.034939 0.063834
0 0.189226 0.408847 0.052703 0.060889
0 0.473160 0.036817 0.026183 0.073633
0 0.872580 0.406376 0.038493 0.065628
0 0.990286 0.877161 0.019415 0.245678
2 0.554599 0.754678 0.142862 0.261923
