0 0.410417 0.328882 0.028014 0.131298
0 0.425899 0.394021 0.029056 0.124393
0 0.186238 0.485150 0.034088 0.129561
0 0.212061 0.155656 0.029427 0.076609
0 0.379048 0.029128 0.028967 0.058255
0 0.240979 0.202827 0.025071 0.136656
0 0.376276 0.064859 0.028224 0.078501
0 0.210074 0.244808 0.026196 0.115376
0 0.241613 0.129680 0.025132 0.077538
0 0.311140 0.307447 0.027144 0.124549
0 0.561486 0.353580 0.034646 0.129785
0 0.272597 0.203007 0.020023 0.108387
0 0.095514 0.826103 0.070661 0.248379
0 0.283876 0.084817 0.022620 0.099601
0 0.251435 0.337036 0.025645 0.123365
0 0.170252 0.818940 0.079560 0.228265
0 0.676693 0.829042 0.085380 0.341917
0 0.299213 0.078952 0.024363 0.100777
0 0.863825 0.445956 0.072191 0.328664
0 0.437162 0.115660 0.026040 0.102864
0 0.331878 0.063230 0.021117 0.083566
0 0.138181 0.359635 0.027765 0.135184
0 0.215220 0.426584 0.022702 0.131566
0 0.652928 0.899394 0.120337 0.201212
0 0.294213 0.200524 0.024591 0.118441
0 0.744223 0.824688 0.070156 0.340062
0 0.801018 0.465887 0.066530 0.287800
0 0.639369 0.354629 0.034412 0.165288
0 0.143563 0.030332 0.017628 0.060567
0 0.812808 0.840889 0.079839 0.308848
0 0.557821 0.227242 0.026760 0.118814
0 0.228771 0.054832 0.023825 0.091561
0 0.301768 0.023098 0.020489 0.046196
0 0.087645 0.162470 0.023804 0.106226
0 0.890538 0.840696 0.061956 0.306593
0 0.452500 0.815152 0.099011 0.245667
0 0.515332 0.514168 0.708862 0.527824
0 0.123686 0.129088 0.023581 0.083051
0 0.118610 0.193768 0.023823 0.094650
0 0.937956 0.900383 0.105011 0.199233
0 0.329696 0.125851 0.020896 0.106641
0 0.129964 0.266060 0.028623 0.103027
0 0.551587 0.171448 0.026176 0.094478
0 0.144180 0.113179 0.020314 0.099146
0 0.255277 0.063480 0.022938 0.093325
0 0.758116 0.907977 0.097144 0.184046
0 0.255808 0.822874 0.144760 0.241727
0 0.850317 0.905548 0.094042 0.188904
0 0.496712 0.053487 0.021158 0.084955
0 0.347175 0.331959 0.032226 0.156128
0 0.526160 0.170866 0.025379 0.092081
0 0.500366 0.234539 0.024223 0.100987
0 0.109744 0.036180 0.018066 0.063188
0 0.227878 0.433438 0.028574 0.132096
0 0.449535 0.567102 0.703310 0.524714
0 0.582672 0.410338 0.664141 0.481804
0 0.515607 0.058753 0.021428 0.084916
0 0.616968 0.559695 0.674369 0.524323
0 0.532526 0.174527 0.023057 0.098131
0 0.458658 0.033870 0.016898 0.067740
1 0.789991 0.500000 0.418591 1.000000
1 0.791735 0.807814 0.413968 0.384371
2 0.399757 0.265384 0.087580 0.150294
1 0.790013 0.312249 0.418499 0.624498
