0 0.709502 0.540502 0.046784 0.217763
0 0.735608 0.647739 0.048358 0.206646
0 0.329382 0.792622 0.054642 0.211790
0 0.652407 0.109124 0.047620 0.128407
0 0.654082 0.050116 0.049304 0.100233
0 0.419929 0.335247 0.043186 0.222334
0 0.423557 0.211686 0.042002 0.127397
0 0.372758 0.257166 0.049976 0.125342
0 0.524860 0.619914 0.058521 0.219747
0 0.442492 0.765915 0.054270 0.251749
0 0.390327 0.399299 0.040141 0.186927
0 0.389341 0.067488 0.037200 0.134266
0 0.490029 0.122351 0.034676 0.164724
0 0.572286 0.381511 0.055906 0.211471
0 0.639553 0.256166 0.048338 0.165463
0 0.801601 0.260530 0.042687 0.148772
0 0.454349 0.654615 0.050184 0.187804
0 0.518016 0.115397 0.033629 0.153692
0 0.422407 0.068856 0.037702 0.136787
0 0.938263 0.516429 0.049490 0.217158
0 0.763108 0.061150 0.035987 0.121573
0 0.833460 0.067147 0.032595 0.134212
0 0.224145 0.149604 0.033971 0.132612
0 0.555545 0.126714 0.038134 0.152738
0 0.513979 0.313996 0.040004 0.160538
0 0.476413 0.298392 0.037330 0.174303
0 0.864491 0.213760 0.034735 0.148303
0 0.788998 0.056506 0.026520 0.113012
0 0.907440 0.276976 0.042377 0.179170
0 0.159044 0.200606 0.027328 0.163999
0 0.978769 0.531876 0.041128 0.208957
0 0.918909 0.153795 0.029346 0.112811
0 0.205312 0.261642 0.034673 0.158194
0 0.258934 0.145041 0.033830 0.170507
0 0.228379 0.320984 0.036426 0.182349
0 0.795197 0.125130 0.030790 0.112526
0 0.213123 0.458394 0.054447 0.206485
0 0.227311 0.038780 0.026271 0.077561
0 0.523088 0.044809 0.032408 0.089619
0 0.942329 0.261595 0.035172 0.154884
0 0.088101 0.381531 0.045460 0.198833
0 0.179912 0.222777 0.032562 0.176507
0 0.972453 0.423826 0.035307 0.103349
0 0.190599 0.067669 0.028387 0.098221
0 0.543967 0.048623 0.027978 0.097245
0 0.194972 0.056968 0.032991 0.104955
2 0.692355 0.435140 0.139033 0.255765
