0 0.735905 0.647450 0.048474 0.207408
0 0.709949 0.539672 0.046482 0.217532
0 0.329116 0.791652 0.054577 0.214205
0 0.369151 0.400494 0.044914 0.190447
0 0.653850 0.050333 0.050155 0.100666
0 0.419868 0.333421 0.042874 0.219995
0 0.969088 0.585005 0.061520 0.218702
0 0.652654 0.110448 0.047296 0.129291
0 0.372421 0.256580 0.049476 0.124496
0 0.423566 0.210809 0.042368 0.131420
0 0.799076 0.066305 0.029948 0.130412
0 0.522050 0.135628 0.039242 0.166643
0 0.753091 0.186548 0.043525 0.171531
0 0.438033 0.532615 0.044516 0.213854
0 0.620933 0.626485 0.056183 0.254261
0 0.524582 0.046173 0.033867 0.092026
0 0.493010 0.144172 0.037507 0.170746
0 0.396608 0.710829 0.049592 0.223703
0 0.399651 0.100386 0.042911 0.170642
0 0.472433 0.331953 0.035093 0.178058
0 0.572437 0.215694 0.036224 0.168061
0 0.256819 0.056765 0.033763 0.111700
0 0.964799 0.366740 0.046759 0.202273
0 0.245493 0.592672 0.046644 0.216458
0 0.445815 0.125324 0.040621 0.158725
0 0.920690 0.296586 0.041425 0.168671
0 0.539382 0.501596 0.048151 0.206058
0 0.953234 0.281975 0.045057 0.186844
0 0.512355 0.344434 0.041448 0.164300
0 0.578868 0.106942 0.035010 0.132605
0 0.168584 0.251204 0.038322 0.184746
0 0.858131 0.068057 0.028391 0.132789
0 0.223012 0.201886 0.038602 0.143902
0 0.096361 0.396037 0.049354 0.192708
0 0.214180 0.334131 0.038962 0.162614
0 0.989570 0.364476 0.020859 0.184496
0 0.233063 0.455984 0.048560 0.154025
0 0.868131 0.379965 0.047791 0.170070
0 0.263656 0.223784 0.035159 0.155076
0 0.198350 0.056604 0.027026 0.110590
0 0.877909 0.116188 0.029157 0.153869
0 0.890926 0.097538 0.036994 0.151743
0 0.221886 0.046111 0.023261 0.091491
2 0.691904 0.433048 0.139707 0.252726
