0 0.635769 0.721055 0.128036 0.555837
0 0.292046 0.326219 0.101357 0.204210
0 0.740635 0.727230 0.119415 0.540067
0 0.833413 0.732198 0.126563 0.530280
0 0.938211 0.738237 0.123544 0.512754
0 0.643143 0.293159 0.024342 0.087080
0 0.622325 0.302676 0.026449 0.099511
0 0.140296 0.343631 0.132822 0.171165
0 0.315164 0.776708 0.035369 0.156379
0 0.673499 0.291789 0.020993 0.080255
0 0.747235 0.281014 0.021361 0.082238
1 0.782413 0.725051 0.433778 0.549899
1 0.287997 0.214448 0.575394 0.428895
1 0.785261 0.205163 0.427507 0.410327
