0 0.324553 0.093986 0.051011 0.187971
0 0.758037 0.776528 0.373022 0.442144
0 0.533106 0.275337 0.207571 0.239736
0 0.267004 0.065107 0.049134 0.130213
0 0.248060 0.240648 0.049537 0.227578
0 0.809904 0.288936 0.365199 0.202019
0 0.211154 0.051132 0.044749 0.102264
0 0.478290 0.789060 0.173652 0.421409
0 0.163076 0.052844 0.048404 0.104430
0 0.875798 0.733169 0.187914 0.320214
0 0.135273 0.200537 0.045932 0.237595
0 0.296607 0.354933 0.060023 0.106341
0 0.044969 0.299002 0.058306 0.219696
1 0.696095 0.500000 0.607810 1.000000
1 0.047068 0.685000 0.094136 0.562815
1 0.250217 0.594655 0.275377 0.363765
