0 0.706694 0.703487 0.042600 0.222481
0 0.656515 0.769695 0.045129 0.187571
0 0.659230 0.623656 0.049237 0.126957
0 0.708962 0.577997 0.041677 0.131144
0 0.815998 0.899427 0.055706 0.199824
0 0.887903 0.893298 0.050483 0.213158
0 0.080830 0.773320 0.160987 0.450662
0 0.760019 0.698695 0.036702 0.179690
0 0.987565 0.899044 0.024814 0.201599
0 0.729135 0.920526 0.055659 0.157102
0 0.801608 0.708853 0.041405 0.168913
0 0.780603 0.539086 0.038464 0.099820
0 0.941299 0.513082 0.048311 0.049037
0 0.308062 0.828234 0.160441 0.343531
0 0.460159 0.570072 0.033813 0.154118
0 0.407369 0.720461 0.035566 0.182669
0 0.527406 0.894090 0.050701 0.208332
0 0.684769 0.518679 0.039740 0.058589
0 0.423717 0.650738 0.039295 0.169512
0 0.664800 0.974742 0.037784 0.047517
0 0.812018 0.535891 0.043002 0.093750
0 0.518735 0.718707 0.035840 0.183777
0 0.509559 0.537945 0.035448 0.099164
0 0.849147 0.546963 0.042544 0.116302
0 0.362559 0.274268 0.053118 0.327075
0 0.728397 0.521007 0.036243 0.063057
3 0.954379 0.806899 0.090702 0.263631
