0 0.837889 0.138929 0.055660 0.141878
0 0.892224 0.212153 0.050608 0.181562
0 0.596033 0.079760 0.050527 0.157264
0 0.698916 0.085843 0.040515 0.170705
0 0.911135 0.281150 0.059313 0.233078
0 0.258580 0.389949 0.163773 0.447951
0 0.862481 0.540666 0.060246 0.138808
0 0.953176 0.121704 0.055410 0.207314
0 0.914132 0.098347 0.052679 0.185173
0 0.656868 0.130006 0.045646 0.170702
0 0.983150 0.127439 0.033700 0.202240
0 0.188694 0.121557 0.196242 0.239201
0 0.492488 0.403116 0.045973 0.239591
0 0.669601 0.280541 0.055079 0.204093
0 0.664277 0.301233 0.061869 0.221418
1 0.356297 0.238181 0.227176 0.476362
1 0.236984 0.235474 0.462993 0.470948
2 0.106662 0.446160 0.213324 0.367345
1 0.733100 0.307847 0.531468 0.612824
1 0.734468 0.809618 0.530768 0.380763
