0 0.261853 0.763206 0.051262 0.225790
0 0.233893 0.881024 0.057065 0.237952
0 0.587728 0.886739 0.053180 0.226522
0 0.540013 0.570786 0.059771 0.204233
0 0.936624 0.811679 0.065059 0.376189
0 0.575404 0.553348 0.042692 0.191551
0 0.625935 0.487198 0.036945 0.055944
0 0.872353 0.808560 0.064676 0.381084
0 0.669249 0.965775 0.057152 0.068450
0 0.947111 0.229833 0.105777 0.459665
0 0.825638 0.818752 0.046383 0.325451
0 0.784092 0.806871 0.051825 0.333569
0 0.431354 0.951918 0.069042 0.096163
0 0.022249 0.772313 0.044498 0.246065
0 0.087836 0.576870 0.042347 0.198742
0 0.396294 0.546572 0.047992 0.177274
0 0.054285 0.576303 0.037369 0.196853
0 0.425218 0.494020 0.044980 0.070534
0 0.017720 0.543932 0.035204 0.172111
0 0.029027 0.257619 0.053694 0.128351
0 0.083157 0.486382 0.042080 0.054701
0 0.492706 0.476535 0.042339 0.036408
1 0.855355 0.226825 0.289068 0.453650
1 0.359220 0.231295 0.716338 0.462590
