0 0.644262 0.205323 0.047356 0.197408
0 0.603102 0.610346 0.056480 0.216935
0 0.697033 0.136749 0.043888 0.230872
0 0.718634 0.871527 0.298101 0.256946
0 0.293587 0.837630 0.045502 0.212339
0 0.244586 0.771117 0.050215 0.080360
0 0.701191 0.036912 0.044480 0.073825
0 0.648089 0.059688 0.051512 0.119375
0 0.716681 0.426357 0.058476 0.221050
0 0.888005 0.899870 0.223991 0.200260
0 0.240695 0.898734 0.046288 0.202533
0 0.671838 0.544088 0.056453 0.257524
0 0.986195 0.346413 0.027427 0.226896
0 0.389979 0.828442 0.042690 0.176557
0 0.651799 0.513964 0.039118 0.222784
0 0.795429 0.144464 0.043692 0.163859
0 0.803046 0.374048 0.055106 0.219247
0 0.349089 0.823175 0.035986 0.179389
0 0.753730 0.127573 0.037953 0.188682
0 0.870008 0.307716 0.050263 0.236845
0 0.464424 0.934833 0.047879 0.130333
0 0.098425 0.839132 0.044016 0.174788
0 0.296130 0.748649 0.045658 0.034379
0 0.101815 0.950227 0.050617 0.099546
0 0.070845 0.793808 0.033272 0.126523
0 0.555682 0.770545 0.027764 0.077834
0 0.236093 0.325931 0.014316 0.067058
0 0.397460 0.974635 0.049991 0.050730
0 0.011390 0.809089 0.022780 0.158860
1 0.784856 0.867193 0.429213 0.265615
2 0.956398 0.235258 0.087204 0.275781
1 0.534632 0.897820 0.069136 0.203574
