0 0.453888 0.112287 0.061033 0.223986
0 0.015284 0.678545 0.027340 0.086860
0 0.343138 0.808190 0.068583 0.253284
0 0.276986 0.837847 0.081462 0.272096
0 0.173457 0.798880 0.058743 0.223261
0 0.879205 0.157338 0.012321 0.056247
0 0.129177 0.649315 0.015908 0.057693
0 0.176714 0.635263 0.015929 0.052945
0 0.941169 0.313202 0.016633 0.037527
0 0.323165 0.616926 0.013515 0.050396
0 0.944129 0.209753 0.011059 0.040033
0 0.806630 0.133175 0.010601 0.038945
0 0.978791 0.171396 0.010999 0.042703
0 0.962672 0.222614 0.011514 0.043998
1 0.249048 0.500000 0.498096 1.000000
1 0.751244 0.736304 0.496833 0.511839
1 0.747135 0.171800 0.494530 0.343600
