0 0.842218 0.725041 0.049467 0.223501
0 0.869371 0.834772 0.051429 0.211282
0 0.545941 0.514436 0.034409 0.222267
0 0.641013 0.509243 0.041908 0.185519
0 0.552714 0.906546 0.046154 0.186813
0 0.813727 0.449034 0.045203 0.097826
0 0.598392 0.501557 0.040162 0.187413
0 0.648480 0.785314 0.056151 0.224724
0 0.707073 0.623838 0.051328 0.231240
0 0.566696 0.836312 0.054530 0.224895
0 0.546752 0.421542 0.034498 0.049145
0 0.191907 0.199240 0.119754 0.195540
0 0.938940 0.456687 0.043986 0.115376
2 0.823997 0.614134 0.145099 0.267811
1 0.753022 0.182276 0.443427 0.364552
