0 0.416248 0.839827 0.111425 0.317992
0 0.510367 0.828764 0.097229 0.340020
0 0.325980 0.822203 0.096438 0.355014
0 0.420609 0.650926 0.109187 0.283746
0 0.332276 0.641510 0.092709 0.274592
0 0.217722 0.810853 0.135826 0.375344
0 0.590148 0.861567 0.061862 0.275233
0 0.510121 0.654676 0.094389 0.292170
0 0.243318 0.650325 0.108391 0.293468
0 0.429816 0.236539 0.103000 0.304648
0 0.753547 0.944218 0.099605 0.111563
0 0.850324 0.619968 0.028764 0.122679
0 0.666748 0.871889 0.095116 0.202303
0 0.630813 0.611121 0.042643 0.197568
0 0.586047 0.639314 0.048809 0.201292
0 0.577051 0.191654 0.023205 0.092384
0 0.672106 0.527526 0.029071 0.037028
0 0.699775 0.526176 0.026770 0.035163
0 0.723271 0.539755 0.023564 0.064525
0 0.700701 0.532298 0.026302 0.048529
0 0.547552 0.836292 0.023839 0.322764
1 0.870779 0.386545 0.251613 0.772921
