0 0.680344 0.343503 0.129698 0.330015
0 0.810102 0.368977 0.130132 0.281054
0 0.945037 0.254174 0.109927 0.508186
0 0.854405 0.919525 0.057516 0.160951
0 0.778986 0.861225 0.057805 0.266491
0 0.571659 0.245764 0.122656 0.459564
0 0.841849 0.275945 0.109973 0.459860
0 0.512134 0.363369 0.144652 0.288868
0 0.481001 0.181982 0.082609 0.363964
0 0.322424 0.537431 0.044737 0.065179
0 0.722904 0.200482 0.072657 0.311316
0 0.074234 0.283279 0.148209 0.445103
0 0.119943 0.288071 0.234407 0.429862
0 0.309860 0.253014 0.162638 0.506027
1 0.722436 0.358547 0.550709 0.717094
1 0.220908 0.220080 0.439694 0.440160
