0 0.372012 0.587913 0.113947 0.316471
0 0.274380 0.316415 0.083228 0.154527
0 0.687584 0.593056 0.129124 0.394905
0 0.281005 0.547821 0.100894 0.322103
0 0.208682 0.518316 0.088509 0.295892
0 0.128433 0.504193 0.092699 0.253413
0 0.051773 0.499421 0.086051 0.204595
0 0.809062 0.558631 0.156620 0.409418
0 0.544434 0.564300 0.146984 0.381259
0 0.057086 0.376820 0.062434 0.095329
0 0.489592 0.365701 0.118361 0.132456
0 0.143346 0.363151 0.064675 0.141104
0 0.481172 0.514082 0.096846 0.354941
0 0.653464 0.398052 0.112421 0.189606
1 0.500000 0.372840 1.000000 0.745680
