0 0.646188 0.277750 0.065035 0.289620
0 0.159551 0.311013 0.104505 0.374652
0 0.095744 0.152716 0.074707 0.234927
0 0.086896 0.378287 0.100126 0.239656
0 0.339491 0.660811 0.029109 0.125779
0 0.303151 0.603310 0.030273 0.202482
0 0.465263 0.367395 0.049652 0.268326
0 0.411199 0.360230 0.067437 0.285291
0 0.233325 0.292254 0.065940 0.386155
0 0.736473 0.799092 0.087271 0.079274
0 0.470760 0.134449 0.037220 0.228065
0 0.014691 0.149026 0.029379 0.223194
0 0.323592 0.386347 0.097505 0.224851
0 0.239464 0.094822 0.069052 0.175271
0 0.353151 0.195459 0.078698 0.242466
0 0.045393 0.306350 0.090785 0.356943
0 0.275304 0.312922 0.104489 0.365202
0 0.166561 0.071637 0.076263 0.143275
0 0.289693 0.097835 0.058299 0.195670
0 0.443697 0.183493 0.057431 0.211272
0 0.022639 0.833116 0.045130 0.278278
1 0.242776 0.241122 0.484749 0.480156
