0 0.781538 0.308029 0.206775 0.522672
0 0.626355 0.347203 0.216998 0.447257
0 0.260069 0.785145 0.520137 0.429648
0 0.874743 0.170421 0.112766 0.281513
0 0.947988 0.131485 0.104025 0.260172
0 0.809398 0.892395 0.058410 0.215211
0 0.898096 0.895750 0.070781 0.208500
0 0.464397 0.357110 0.027779 0.213778
0 0.858699 0.841926 0.024871 0.135587
1 0.759034 0.483755 0.481932 0.967509
2 0.141537 0.387694 0.149530 0.277195
2 0.243331 0.291436 0.051461 0.091078
1 0.263544 0.786257 0.512794 0.427485
1 0.073163 0.146754 0.146201 0.290026
