0 0.333568 0.616372 0.206356 0.755935
0 0.958320 0.263511 0.082985 0.427558
0 0.176339 0.759800 0.189428 0.479959
0 0.950152 0.733196 0.099697 0.533608
0 0.471869 0.552934 0.140163 0.869364
0 0.201708 0.522532 0.147753 0.888152
0 0.852278 0.720749 0.130705 0.548845
0 0.202570 0.322944 0.149010 0.509017
0 0.724599 0.478657 0.148630 0.711065
0 0.638790 0.777283 0.157636 0.445434
0 0.554103 0.525438 0.143551 0.475080
0 0.036958 0.396705 0.073916 0.573595
0 0.340117 0.137539 0.151139 0.273561
0 0.582739 0.194513 0.144021 0.388574
0 0.089026 0.626637 0.176145 0.724211
1 0.501048 0.499497 0.997903 0.998993
