0 0.486700 0.258432 0.127172 0.360187
0 0.829531 0.298948 0.055316 0.276048
0 0.095837 0.748013 0.119435 0.498383
0 0.893675 0.250009 0.041018 0.167242
0 0.260975 0.243933 0.513295 0.394885
0 0.192635 0.759730 0.113502 0.477746
0 0.263672 0.785340 0.143494 0.426016
0 0.709326 0.246567 0.034761 0.193947
0 0.715340 0.943715 0.023642 0.104408
0 0.094973 0.223759 0.189946 0.342241
0 0.982229 0.947348 0.034041 0.102449
0 0.352256 0.087189 0.120062 0.172104
1 0.279985 0.721914 0.537548 0.556173
1 0.973928 0.876709 0.052145 0.235057
1 0.607401 0.939531 0.092155 0.117388
