0 0.537962 0.501666 0.048804 0.226999
0 0.890486 0.206460 0.051414 0.131945
0 0.518333 0.582028 0.036599 0.153252
0 0.597120 0.059029 0.049192 0.118057
0 0.869272 0.580576 0.052134 0.156830
0 0.840721 0.286726 0.045110 0.234728
0 0.871590 0.353975 0.041902 0.197865
0 0.837750 0.156029 0.045012 0.133790
0 0.595704 0.020723 0.046405 0.041407
0 0.729694 0.581343 0.061870 0.156582
0 0.767922 0.066634 0.037483 0.133268
0 0.681601 0.331891 0.057862 0.221183
0 0.612209 0.203568 0.049896 0.180163
0 0.741760 0.254950 0.039828 0.175033
0 0.701486 0.067630 0.040006 0.135260
0 0.277153 0.140236 0.056290 0.090717
0 0.070797 0.894263 0.110493 0.211473
0 0.736980 0.062392 0.036676 0.124783
0 0.796643 0.614415 0.055912 0.093336
0 0.781388 0.242596 0.040493 0.182516
0 0.523977 0.889451 0.051491 0.193940
0 0.125630 0.259592 0.050518 0.121162
0 0.220112 0.865987 0.148433 0.268026
0 0.316465 0.287422 0.068038 0.063264
3 0.781077 0.837835 0.306199 0.324329
3 0.565315 0.396212 0.133192 0.298148
