0 0.884735 0.814914 0.060187 0.132014
0 0.632247 0.516658 0.060478 0.228065
0 0.675797 0.100149 0.048740 0.199782
0 0.730405 0.072400 0.045885 0.144353
0 0.832932 0.061803 0.044022 0.123606
0 0.751425 0.331468 0.061873 0.249037
0 0.790045 0.058775 0.039600 0.117550
0 0.839786 0.274525 0.057321 0.225513
0 0.706217 0.451166 0.056816 0.262027
0 0.910336 0.202344 0.051384 0.244437
0 0.685527 0.417935 0.044383 0.232649
0 0.300516 0.314305 0.057798 0.208490
0 0.108656 0.563984 0.075435 0.209412
1 0.781304 0.835106 0.436134 0.329788
3 0.974122 0.137673 0.051756 0.266202
1 0.307652 0.496735 0.501206 0.991427
