0 0.836835 0.216028 0.045207 0.218298
0 0.517377 0.396627 0.053069 0.145543
0 0.801465 0.243214 0.058583 0.204053
0 0.888081 0.132807 0.038097 0.108612
0 0.832708 0.071773 0.052358 0.143545
0 0.683674 0.064739 0.054491 0.129477
0 0.130358 0.750817 0.096379 0.377153
0 0.723377 0.734499 0.551935 0.531002
0 0.291054 0.764482 0.058140 0.471036
0 0.359182 0.219364 0.046861 0.198015
0 0.982326 0.073483 0.033068 0.144462
0 0.473262 0.027524 0.040429 0.052653
0 0.191175 0.841480 0.135077 0.317041
0 0.693595 0.235859 0.056097 0.222685
0 0.051922 0.775729 0.088670 0.326876
0 0.520400 0.859503 0.391502 0.280994
0 0.227805 0.255790 0.051728 0.386065
0 0.333054 0.214761 0.024968 0.193933
0 0.370080 0.072705 0.040061 0.145309
0 0.229906 0.729622 0.071405 0.246950
0 0.268620 0.251975 0.047082 0.402719
0 0.176940 0.239131 0.052714 0.319028
0 0.578887 0.012416 0.044106 0.024831
0 0.781044 0.059407 0.037616 0.118814
0 0.125121 0.148087 0.055232 0.191372
0 0.810939 0.054557 0.037912 0.109114
0 0.354822 0.036497 0.033933 0.072994
2 0.534724 0.317335 0.155761 0.275587
1 0.675143 0.733090 0.649713 0.533820
