0 0.731596 0.723809 0.048986 0.213682
0 0.705024 0.839899 0.053639 0.236340
0 0.983798 0.540538 0.032403 0.194559
0 0.574624 0.618728 0.049299 0.193682
0 0.569633 0.474331 0.036409 0.155983
0 0.911956 0.561439 0.045022 0.199501
0 0.600704 0.485904 0.038814 0.184459
0 0.791124 0.308457 0.043607 0.054239
0 0.969773 0.351847 0.038622 0.139341
0 0.896906 0.348420 0.044059 0.140165
0 0.591487 0.311324 0.031034 0.062672
0 0.810112 0.964746 0.067172 0.070508
0 0.688298 0.299435 0.037844 0.038556
0 0.563604 0.433156 0.027768 0.144616
0 0.613839 0.308106 0.026878 0.057745
0 0.333322 0.706719 0.016572 0.100943
0 0.647296 0.303119 0.034718 0.044596
0 0.318473 0.709135 0.014096 0.101632
0 0.993121 0.344314 0.013757 0.132019
0 0.753160 0.187139 0.196315 0.108268
2 0.117894 0.742636 0.108065 0.142927
2 0.748652 0.730431 0.146676 0.483898
3 0.750030 0.622604 0.146943 0.268154
