0 0.185382 0.789145 0.047485 0.220592
0 0.158919 0.895883 0.051033 0.200697
0 0.509157 0.897706 0.049070 0.203673
0 0.481410 0.624376 0.043752 0.134056
0 0.329200 0.644633 0.057524 0.170079
0 0.372536 0.898263 0.059533 0.203473
0 0.510474 0.653506 0.038532 0.186614
0 0.571840 0.968111 0.053623 0.063778
0 0.438152 0.931195 0.055077 0.137055
0 0.387309 0.594146 0.037863 0.071988
0 0.425500 0.597104 0.036556 0.076046
0 0.367073 0.440655 0.053488 0.105108
0 0.424675 0.964822 0.063021 0.070356
1 0.297392 0.215340 0.594783 0.430679
1 0.800400 0.660672 0.388337 0.675683
