0 0.282423 0.864853 0.050209 0.208830
0 0.256958 0.756558 0.048510 0.223159
0 0.800340 0.894312 0.056829 0.211300
0 0.890562 0.450382 0.048249 0.176607
0 0.592910 0.263155 0.043807 0.229631
0 0.668041 0.079694 0.037327 0.157541
0 0.541333 0.331910 0.046478 0.191727
0 0.544783 0.184544 0.049966 0.127962
0 0.116705 0.620426 0.055761 0.162481
0 0.832186 0.049680 0.048954 0.099354
0 0.647919 0.258096 0.037725 0.193059
0 0.697529 0.071895 0.040993 0.143789
0 0.689465 0.270171 0.041430 0.166165
0 0.764341 0.420863 0.048951 0.224074
0 0.849766 0.803573 0.039374 0.214845
0 0.899043 0.860424 0.057582 0.256575
0 0.068041 0.837595 0.058472 0.225132
0 0.596123 0.136935 0.042369 0.132491
0 0.917643 0.749175 0.049581 0.227933
0 0.697679 0.466957 0.055143 0.143904
0 0.488479 0.737771 0.042086 0.222300
0 0.614578 0.492192 0.055534 0.093924
0 0.917577 0.508871 0.050058 0.058412
0 0.695800 0.624530 0.047658 0.172606
0 0.864226 0.161655 0.047195 0.179741
0 0.734302 0.080644 0.045050 0.157386
0 0.565703 0.038751 0.036093 0.077503
0 0.984818 0.700276 0.030363 0.231414
0 0.599169 0.030467 0.038535 0.060934
0 0.257858 0.502525 0.102713 0.073949
0 0.843227 0.565550 0.046857 0.051865
0 0.957548 0.036593 0.032208 0.073185
0 0.904688 0.144301 0.035836 0.171814
0 0.009592 0.880341 0.019082 0.205222
0 0.059003 0.569347 0.038608 0.060141
0 0.170046 0.502855 0.080755 0.073706
0 0.741069 0.025630 0.036899 0.051259
0 0.977209 0.026021 0.027619 0.051289
0 0.472445 0.561004 0.034973 0.045973
0 0.018612 0.565130 0.036658 0.052819
0 0.314395 0.315003 0.094263 0.142436
2 0.875879 0.386785 0.143032 0.300814
2 0.245514 0.659522 0.132719 0.254343
