0 0.106904 0.919739 0.092550 0.160418
0 0.387583 0.175701 0.258337 0.351152
0 0.633965 0.215713 0.131197 0.286530
0 0.918186 0.801949 0.163627 0.396101
0 0.448440 0.915108 0.135044 0.169784
0 0.021612 0.898739 0.043223 0.202379
0 0.192973 0.943142 0.094355 0.113716
0 0.599740 0.764252 0.059371 0.471496
0 0.342545 0.935721 0.101259 0.128559
0 0.649937 0.700393 0.066528 0.182270
0 0.868309 0.179448 0.262668 0.358896
0 0.816122 0.799181 0.096073 0.401637
1 0.286313 0.178006 0.572626 0.356012
2 0.441958 0.859058 0.046374 0.068953
