0 0.463173 0.579793 0.049120 0.225005
0 0.855582 0.839951 0.055409 0.217681
0 0.440839 0.691772 0.042807 0.214855
0 0.357130 0.270722 0.126653 0.197086
0 0.745998 0.444765 0.050146 0.148381
0 0.789115 0.708624 0.051353 0.245595
0 0.730010 0.871537 0.054416 0.253380
0 0.642301 0.908837 0.065150 0.182325
0 0.636994 0.750105 0.060595 0.200973
0 0.965368 0.441594 0.052752 0.141747
0 0.766063 0.410227 0.038721 0.078795
0 0.628338 0.396973 0.047414 0.054879
0 0.561402 0.398728 0.047757 0.058599
0 0.095332 0.321674 0.088468 0.093743
