0 0.842191 0.330941 0.027256 0.128914
0 0.173711 0.435540 0.139199 0.320229
0 0.855719 0.395822 0.029573 0.118516
0 0.634825 0.489735 0.034003 0.118748
0 0.683836 0.205784 0.025761 0.127623
0 0.656103 0.247683 0.026391 0.105975
0 0.310169 0.449868 0.148855 0.302156
0 0.811748 0.028652 0.028330 0.057305
0 0.811475 0.068108 0.030259 0.070853
0 0.983267 0.359412 0.033143 0.121146
0 0.657944 0.158423 0.027868 0.065781
0 0.694437 0.330577 0.028316 0.121747
0 0.587228 0.363557 0.027556 0.113512
0 0.670548 0.434195 0.034075 0.133274
0 0.733363 0.215276 0.026278 0.093304
0 0.687025 0.135229 0.028074 0.071920
0 0.544393 0.157699 0.026064 0.097018
0 0.749683 0.308947 0.028930 0.121551
0 0.714026 0.210712 0.020704 0.100121
0 0.676698 0.054174 0.027290 0.087710
0 0.793660 0.379050 0.034569 0.137519
0 0.743054 0.025603 0.018884 0.050921
0 0.868387 0.112817 0.026394 0.100385
0 0.581317 0.283379 0.028639 0.090830
0 0.140714 0.860512 0.280305 0.277384
0 0.698730 0.073784 0.025952 0.090912
0 0.594685 0.035054 0.022200 0.067317
0 0.978735 0.233448 0.027295 0.095113
0 0.768627 0.066880 0.022100 0.068553
0 0.725747 0.086904 0.024141 0.087448
0 0.741346 0.086748 0.022028 0.090686
0 0.564541 0.033447 0.018778 0.062956
0 0.966794 0.810118 0.066178 0.379763
0 0.511213 0.236846 0.027759 0.113470
0 0.575967 0.126131 0.021790 0.074007
0 0.770502 0.023090 0.023528 0.046180
0 0.956402 0.180508 0.028030 0.096514
0 0.924852 0.229187 0.028850 0.087010
0 0.766153 0.132951 0.021430 0.090929
0 0.597307 0.134072 0.020323 0.080130
0 0.992697 0.229880 0.014606 0.095186
0 0.943413 0.067868 0.022045 0.075763
2 0.832494 0.263811 0.081393 0.157383
1 0.445864 0.033651 0.070863 0.067302
1 0.106946 0.792613 0.213832 0.414775
