0 0.454215 0.879378 0.055502 0.214235
0 0.070046 0.623255 0.047513 0.218216
0 0.043851 0.731314 0.049878 0.206959
0 0.362347 0.419657 0.043579 0.214343
0 0.410943 0.355705 0.048757 0.088641
0 0.098596 0.355819 0.040636 0.091346
0 0.257022 0.688595 0.054687 0.225172
0 0.338107 0.738990 0.053261 0.225662
0 0.307404 0.403052 0.035540 0.179312
0 0.267433 0.410614 0.042483 0.173957
0 0.361185 0.332313 0.045590 0.043423
0 0.413728 0.479710 0.046197 0.192653
0 0.405894 0.782631 0.039513 0.211967
0 0.352426 0.839793 0.056700 0.248410
0 0.203113 0.511082 0.052975 0.234552
0 0.750970 0.637901 0.067512 0.409210
0 0.580313 0.371338 0.037304 0.121303
0 0.556396 0.420010 0.036868 0.174470
0 0.562052 0.566907 0.048242 0.210033
0 0.865318 0.164500 0.267444 0.289903
0 0.322023 0.071705 0.169179 0.072892
0 0.620292 0.374774 0.038177 0.132198
0 0.300855 0.166313 0.138666 0.127516
0 0.603594 0.334119 0.035421 0.048292
0 0.123736 0.181288 0.246856 0.186050
1 0.834909 0.158204 0.328785 0.311101
2 0.079473 0.526229 0.125417 0.279229
