0 0.218395 0.739971 0.088212 0.263841
0 0.462070 0.288681 0.224037 0.577363
0 0.305795 0.291140 0.087394 0.571135
0 0.833178 0.336193 0.147932 0.481790
0 0.745986 0.271333 0.059715 0.239763
0 0.694248 0.251592 0.034294 0.128001
0 0.165182 0.452091 0.063575 0.250816
0 0.038891 0.435809 0.077160 0.283583
0 0.973131 0.336582 0.053461 0.473930
0 0.629175 0.247995 0.026011 0.145456
0 0.230669 0.397069 0.082978 0.335415
0 0.318410 0.693716 0.061929 0.232867
0 0.894209 0.198646 0.063245 0.202652
0 0.084912 0.452370 0.044675 0.238723
0 0.760699 0.881084 0.325723 0.233486
0 0.647746 0.243729 0.020114 0.143506
0 0.665514 0.242129 0.015899 0.099036
1 0.883588 0.287158 0.232469 0.574317
