0 0.466555 0.298790 0.049289 0.207683
0 0.521211 0.228152 0.046535 0.241966
0 0.834083 0.394421 0.051239 0.130636
0 0.470387 0.146105 0.054409 0.136043
0 0.524957 0.095523 0.048029 0.140914
0 0.623507 0.233014 0.045118 0.187260
0 0.580380 0.217198 0.040149 0.203396
0 0.849925 0.095889 0.043213 0.180938
0 0.771912 0.027097 0.053313 0.053642
0 0.598518 0.054720 0.040316 0.109441
0 0.514116 0.919706 0.107916 0.151254
0 0.702209 0.368918 0.051036 0.182964
0 0.641811 0.898787 0.134749 0.188321
0 0.632132 0.409421 0.059806 0.103132
0 0.632123 0.053728 0.044201 0.107456
0 0.673210 0.061254 0.046632 0.122508
0 0.259647 0.080655 0.032164 0.155774
0 0.318457 0.245518 0.040115 0.191851
0 0.496195 0.030654 0.039639 0.061307
0 0.967776 0.221520 0.047955 0.174940
0 0.324399 0.385176 0.051842 0.151023
0 0.541425 0.433454 0.057463 0.056408
0 0.061667 0.743907 0.123335 0.512186
0 0.338476 0.054954 0.033338 0.107826
0 0.288713 0.170735 0.037359 0.175458
0 0.213834 0.206359 0.037717 0.189195
0 0.306651 0.046359 0.036583 0.092719
0 0.220224 0.857023 0.045537 0.117913
2 0.815555 0.325986 0.157961 0.263506
