0 0.841931 0.823691 0.093238 0.351915
0 0.203644 0.306523 0.058872 0.296709
0 0.628566 0.040961 0.032432 0.051173
0 0.703911 0.274452 0.591295 0.408520
0 0.596025 0.040352 0.035336 0.047469
0 0.539817 0.038768 0.026969 0.050789
0 0.509657 0.034322 0.038444 0.062906
0 0.745221 0.044186 0.037588 0.056499
0 0.965791 0.062246 0.067337 0.124492
0 0.276812 0.260101 0.048543 0.116305
2 0.523299 0.735507 0.229936 0.510656
1 0.702439 0.421120 0.594077 0.842240
1 0.703319 0.258749 0.593362 0.517499
1 0.235454 0.081925 0.134570 0.155810
