0 0.708212 0.783613 0.084807 0.233166
0 0.494997 0.258809 0.149901 0.516527
0 0.797885 0.883832 0.072104 0.148181
0 0.637364 0.255117 0.155240 0.510084
0 0.235989 0.326338 0.093458 0.368562
0 0.831368 0.256611 0.119244 0.508379
0 0.754703 0.258250 0.132292 0.513024
0 0.345738 0.266221 0.068284 0.133655
0 0.539068 0.256843 0.083694 0.513686
0 0.911285 0.253294 0.129868 0.501649
0 0.964468 0.241580 0.071064 0.474939
1 0.211284 0.748980 0.418246 0.490936
1 0.712774 0.246021 0.574452 0.491353
1 0.669101 0.751752 0.498907 0.496496
1 0.883386 0.128589 0.232981 0.257098
1 0.209686 0.254782 0.419373 0.509564
