0 0.494824 0.290919 0.190093 0.558786
0 0.105373 0.316635 0.210745 0.511156
0 0.461850 0.817473 0.127631 0.365054
0 0.049468 0.831032 0.098937 0.337936
0 0.200145 0.856442 0.070806 0.287117
0 0.274590 0.840095 0.089215 0.319810
0 0.296641 0.291676 0.156394 0.560070
0 0.360022 0.837273 0.094538 0.323918
0 0.625394 0.842857 0.073755 0.314287
0 0.565575 0.810827 0.046653 0.378347
0 0.311746 0.736163 0.043770 0.150760
0 0.141322 0.848584 0.084630 0.302833
0 0.858555 0.846280 0.098957 0.306736
0 0.403727 0.715067 0.048495 0.169141
0 0.520723 0.802817 0.103917 0.391868
0 0.276666 0.696253 0.037028 0.132223
1 0.794338 0.237927 0.409350 0.475855
2 0.520836 0.089346 0.104905 0.165572
