0 0.436610 0.295161 0.251918 0.587420
0 0.186512 0.302390 0.253623 0.571862
0 0.799726 0.682037 0.053884 0.138275
0 0.851474 0.752763 0.048669 0.187102
0 0.867923 0.819028 0.058892 0.219744
0 0.911304 0.672501 0.051737 0.166929
0 0.872661 0.660566 0.051659 0.142247
0 0.668164 0.650747 0.038650 0.125084
0 0.942906 0.673709 0.043021 0.167338
0 0.649589 0.812359 0.039036 0.217616
0 0.986711 0.727976 0.026578 0.217721
0 0.331211 0.806547 0.033494 0.069278
0 0.638293 0.676536 0.017539 0.168563
2 0.724374 0.314026 0.082544 0.182034
1 0.038248 0.217104 0.076209 0.434207
1 0.309973 0.790885 0.619946 0.406157
1 0.345428 0.184617 0.538379 0.366629
1 0.814565 0.791741 0.368880 0.406392
