0 0.215342 0.765787 0.048650 0.227185
0 0.243166 0.879441 0.051542 0.219603
0 0.026904 0.887189 0.053807 0.225622
0 0.584282 0.753737 0.030044 0.076276
0 0.793510 0.741031 0.040388 0.090485
0 0.829481 0.740952 0.036019 0.083633
0 0.141285 0.520616 0.047635 0.076258
0 0.481117 0.760212 0.030987 0.069094
0 0.667453 0.746788 0.035794 0.083043
0 0.932925 0.740337 0.042295 0.092894
0 0.757103 0.747222 0.035650 0.078221
0 0.071131 0.584873 0.053739 0.205059
0 0.515409 0.757230 0.038992 0.068857
0 0.611167 0.752796 0.026008 0.072341
0 0.449029 0.755607 0.032133 0.083275
0 0.416445 0.757280 0.034611 0.082535
0 0.637763 0.750271 0.028370 0.075533
0 0.863430 0.740769 0.037923 0.080328
0 0.379553 0.772540 0.041895 0.076137
0 0.550580 0.753670 0.033867 0.072727
0 0.695361 0.748997 0.029609 0.071846
0 0.722296 0.751949 0.031402 0.069944
0 0.015275 0.527577 0.030549 0.095895
0 0.574918 0.684153 0.031656 0.058146
0 0.605183 0.692626 0.031870 0.054046
0 0.507343 0.688188 0.034886 0.061645
0 0.543405 0.689664 0.030164 0.058641
0 0.898702 0.737689 0.037377 0.086586
0 0.646808 0.683980 0.032209 0.059240
0 0.792615 0.674154 0.029555 0.066872
0 0.718788 0.704120 0.030584 0.064787
0 0.765907 0.689387 0.037134 0.070512
0 0.810348 0.691735 0.030479 0.061955
0 0.490005 0.736271 0.022128 0.048005
0 0.476636 0.687159 0.031311 0.080386
0 0.838684 0.689311 0.033820 0.064459
0 0.867845 0.685707 0.035459 0.075687
1 0.652046 0.567093 0.691050 0.487085
2 0.198494 0.657412 0.143056 0.274008
2 0.592485 0.194162 0.026065 0.048755
2 0.574913 0.193520 0.029275 0.050927
1 0.123442 0.331695 0.184543 0.338314
