0 0.892380 0.218038 0.057150 0.235540
0 0.862888 0.108146 0.052729 0.216292
0 0.553338 0.174377 0.064260 0.268557
0 0.722537 0.089102 0.054217 0.178204
0 0.651396 0.123190 0.063530 0.244078
0 0.517471 0.303762 0.034465 0.230407
0 0.828543 0.529595 0.043059 0.152983
0 0.619614 0.880950 0.080574 0.131897
0 0.221854 0.890322 0.160836 0.217200
0 0.117715 0.914083 0.057090 0.134208
1 0.250665 0.205913 0.499365 0.411309
1 0.123272 0.709758 0.246283 0.570433
1 0.752880 0.706768 0.494174 0.579034
2 0.817573 0.057686 0.062550 0.103652
2 0.894150 0.058005 0.052630 0.107343
1 0.748699 0.208221 0.502602 0.403693
1 0.366432 0.707687 0.267866 0.584626
1 0.635702 0.206346 0.277969 0.409835
