0 0.740481 0.313649 0.054510 0.225083
0 0.285637 0.316204 0.276454 0.505071
0 0.098515 0.294686 0.196986 0.589372
0 0.768990 0.195581 0.051366 0.236934
0 0.356391 0.875593 0.076369 0.136838
0 0.601055 0.056396 0.055122 0.109587
0 0.887286 0.199707 0.056370 0.273306
0 0.951799 0.156590 0.051725 0.231101
0 0.980141 0.037131 0.039408 0.074262
0 0.698606 0.944577 0.114761 0.109397
0 0.936415 0.836925 0.124092 0.202036
0 0.907960 0.967294 0.121822 0.065412
0 0.870362 0.268090 0.048808 0.248934
2 0.780220 0.107257 0.150391 0.214514
