0 0.616169 0.768819 0.084628 0.305792
0 0.575451 0.834724 0.098922 0.283253
0 0.494569 0.804223 0.076075 0.309880
0 0.508200 0.649329 0.096826 0.194123
0 0.672264 0.622826 0.073239 0.145744
0 0.696805 0.781886 0.110229 0.319494
0 0.922867 0.744794 0.135247 0.317174
0 0.765170 0.714248 0.089221 0.297316
0 0.204067 0.484125 0.053399 0.123750
0 0.832385 0.719638 0.107025 0.347043
0 0.713455 0.478297 0.082467 0.125895
0 0.948672 0.842608 0.102366 0.312794
0 0.586619 0.631745 0.081574 0.158460
0 0.798743 0.591807 0.073956 0.096925
0 0.517293 0.581858 0.063832 0.075371
0 0.622390 0.582155 0.047912 0.072794
0 0.955761 0.590622 0.087170 0.088266
0 0.459467 0.590036 0.019987 0.105447
