0 0.696571 0.385322 0.051952 0.212643
0 0.685043 0.733252 0.051590 0.214434
0 0.722990 0.273676 0.048243 0.225921
0 0.711785 0.656548 0.047338 0.152021
0 0.925121 0.079033 0.043728 0.156361
0 0.969448 0.076445 0.039096 0.152092
0 0.898391 0.650000 0.054776 0.139228
0 0.917090 0.303495 0.056972 0.222459
0 0.850757 0.232284 0.049114 0.225767
0 0.827060 0.662839 0.051332 0.163802
0 0.331013 0.452968 0.077365 0.128784
0 0.980953 0.679786 0.037949 0.199310
0 0.591779 0.067459 0.047728 0.134033
0 0.987077 0.347987 0.025846 0.230780
0 0.538866 0.028278 0.039500 0.056001
1 0.170497 0.808731 0.339963 0.382537
1 0.240210 0.798802 0.479773 0.402396
2 0.740830 0.165733 0.143000 0.290379
2 0.752745 0.614500 0.058895 0.069544
1 0.782647 0.791382 0.434054 0.413157
