0 0.251008 0.715565 0.047371 0.198930
0 0.303013 0.645722 0.044921 0.225159
0 0.595083 0.857879 0.029282 0.224265
0 0.253919 0.564254 0.051506 0.126833
0 0.545182 0.428942 0.049023 0.095758
0 0.305581 0.519028 0.044395 0.131614
0 0.747029 0.253510 0.080630 0.250380
0 0.869721 0.252425 0.054903 0.255645
0 0.380949 0.461072 0.038311 0.152400
0 0.282919 0.433362 0.040278 0.105610
0 0.323408 0.858033 0.047292 0.224478
0 0.357399 0.644516 0.037523 0.184583
0 0.468470 0.430779 0.035289 0.100121
0 0.411768 0.456601 0.036843 0.150267
0 0.171069 0.247118 0.108429 0.134583
0 0.428748 0.821919 0.048197 0.213788
0 0.330164 0.445548 0.042052 0.132055
0 0.511421 0.907930 0.056643 0.184140
0 0.400169 0.655213 0.043743 0.168944
0 0.119865 0.902791 0.047477 0.191502
0 0.109098 0.768300 0.048533 0.155679
0 0.088986 0.645677 0.041154 0.170941
0 0.460953 0.513888 0.038505 0.166001
0 0.044904 0.561251 0.039077 0.189056
0 0.099064 0.511368 0.040842 0.162097
0 0.549208 0.395458 0.053105 0.028173
0 0.261479 0.954211 0.037545 0.091579
0 0.139375 0.524001 0.033372 0.176901
0 0.046735 0.501553 0.038457 0.158160
0 0.810608 0.179125 0.034594 0.081656
1 0.803839 0.497451 0.391291 0.994761
1 0.385406 0.688398 0.327432 0.610636
3 0.561855 0.745331 0.097279 0.273685
1 0.405682 0.059494 0.129189 0.106472
