0 0.048181 0.704224 0.048349 0.206806
0 0.073743 0.597460 0.047190 0.218803
0 0.414392 0.475551 0.044516 0.149579
0 0.448773 0.847951 0.044274 0.219675
0 0.341962 0.638310 0.054615 0.212495
0 0.183070 0.593915 0.050216 0.237071
0 0.362747 0.450799 0.042034 0.104125
0 0.406408 0.753642 0.040738 0.213635
0 0.269966 0.438898 0.042364 0.085506
0 0.254999 0.580267 0.056531 0.212031
0 0.657048 0.315149 0.067305 0.126766
0 0.329175 0.269431 0.070416 0.124066
0 0.701981 0.303889 0.072069 0.138630
0 0.308628 0.435070 0.035950 0.079034
0 0.817367 0.223222 0.036260 0.112167
0 0.613925 0.263840 0.071401 0.255585
0 0.745816 0.303645 0.051242 0.133622
0 0.756079 0.221867 0.032776 0.118566
0 0.786366 0.222429 0.038732 0.116997
0 0.727529 0.220171 0.039584 0.112460
0 0.874892 0.310240 0.060176 0.119455
0 0.664804 0.222698 0.042418 0.118380
0 0.845673 0.224715 0.036562 0.108189
0 0.696996 0.213751 0.033260 0.099379
0 0.836643 0.305377 0.042268 0.111924
0 0.725527 0.762381 0.071598 0.167555
0 0.806833 0.299123 0.046289 0.124018
0 0.778082 0.306374 0.043928 0.120510
0 0.613051 0.215177 0.073701 0.153183
0 0.889861 0.265187 0.059895 0.206590
0 0.795039 0.301487 0.065853 0.121087
1 0.735265 0.704317 0.529469 0.583652
2 0.082306 0.511095 0.133403 0.215125
