0 0.627616 0.825384 0.216463 0.349233
0 0.567797 0.225135 0.097068 0.445723
0 0.935047 0.225506 0.104781 0.445811
0 0.852296 0.225113 0.091549 0.449931
0 0.775293 0.224406 0.092390 0.446635
0 0.693587 0.223777 0.097217 0.444485
0 0.625500 0.222209 0.077894 0.439958
0 0.211419 0.832929 0.076249 0.193995
0 0.123860 0.828213 0.063406 0.182423
0 0.989849 0.223487 0.020302 0.440173
0 0.925480 0.866853 0.148726 0.266294
0 0.379303 0.387588 0.085765 0.121780
0 0.303545 0.799476 0.073240 0.168002
1 0.760299 0.229843 0.479373 0.459686
1 0.263701 0.608555 0.507465 0.310393
