0 0.858812 0.477912 0.047070 0.217154
0 0.884825 0.541995 0.048530 0.116926
0 0.801391 0.055612 0.047313 0.110944
0 0.887738 0.813590 0.110861 0.362866
0 0.802672 0.018411 0.048984 0.036212
0 0.748347 0.474873 0.052534 0.244358
0 0.371094 0.121117 0.034478 0.157118
0 0.663555 0.279549 0.041187 0.161844
0 0.780052 0.804545 0.118420 0.310040
0 0.686012 0.450156 0.048146 0.214851
0 0.641485 0.087779 0.036853 0.161155
0 0.623500 0.268104 0.035672 0.186272
0 0.904262 0.134182 0.046251 0.175078
0 0.671713 0.076326 0.040770 0.150845
0 0.727412 0.054643 0.037783 0.109286
0 0.719209 0.143694 0.034756 0.162990
0 0.600431 0.484543 0.022562 0.191750
0 0.601182 0.059524 0.023601 0.119048
0 0.991005 0.112873 0.017397 0.146162
2 0.842972 0.417066 0.136656 0.345574
