0 0.177394 0.367700 0.113642 0.264515
0 0.507223 0.885281 0.143811 0.228898
0 0.892062 0.800986 0.116650 0.398027
0 0.679167 0.802757 0.139575 0.298754
0 0.334334 0.802589 0.088925 0.394823
0 0.787054 0.907769 0.176947 0.184462
0 0.782760 0.740463 0.124839 0.377484
0 0.550368 0.799067 0.143996 0.391849
0 0.421853 0.799581 0.132619 0.394657
0 0.697063 0.658444 0.094730 0.192063
0 0.660870 0.912069 0.168272 0.175770
0 0.962556 0.765000 0.074888 0.469999
0 0.833604 0.620903 0.076293 0.177661
0 0.355391 0.654649 0.087783 0.211849
0 0.483508 0.648110 0.066544 0.189177
0 0.611888 0.695259 0.075096 0.201464
0 0.397619 0.619424 0.081128 0.181866
0 0.562461 0.612181 0.075779 0.155736
1 0.472592 0.244814 0.229043 0.250905
1 0.504460 0.250212 0.164730 0.242624
1 0.440421 0.201047 0.294538 0.336247
2 0.112505 0.198267 0.053200 0.088206
1 0.644136 0.758823 0.711727 0.482354
