0 0.620667 0.404835 0.151406 0.464251
0 0.169599 0.314725 0.054578 0.262089
0 0.139399 0.852440 0.055483 0.094138
0 0.938565 0.920378 0.048741 0.157479
0 0.205377 0.561288 0.056084 0.120801
0 0.764182 0.911367 0.055971 0.176265
0 0.192935 0.810037 0.044844 0.106949
0 0.819289 0.916903 0.049313 0.164909
0 0.717147 0.914783 0.054295 0.170433
0 0.983702 0.904891 0.032529 0.190034
0 0.469898 0.892523 0.079054 0.214105
1 0.221020 0.330996 0.418721 0.640104
1 0.714126 0.499688 0.571620 0.999375
1 0.216830 0.826454 0.425975 0.341519
