0 0.091177 0.932518 0.053860 0.134963
0 0.118552 0.858516 0.049941 0.234724
0 0.482797 0.555063 0.052380 0.137275
0 0.485834 0.710628 0.048501 0.207041
0 0.431764 0.637778 0.045374 0.244045
0 0.179537 0.403399 0.052205 0.121096
0 0.827698 0.776350 0.091418 0.417256
0 0.336779 0.141477 0.244341 0.264782
0 0.152069 0.171345 0.304137 0.332447
0 0.409865 0.909496 0.060400 0.181008
0 0.914394 0.769882 0.100234 0.407331
0 0.429499 0.503913 0.045529 0.137900
0 0.328764 0.645112 0.044904 0.175456
0 0.319850 0.887481 0.059307 0.225038
0 0.176489 0.362388 0.053289 0.041956
0 0.351819 0.438711 0.039338 0.173942
0 0.321223 0.426173 0.041570 0.167412
0 0.531150 0.149652 0.200763 0.181804
0 0.372298 0.631077 0.040491 0.197030
0 0.745175 0.771526 0.100397 0.446319
0 0.250445 0.820195 0.052197 0.246201
0 0.102432 0.504245 0.042091 0.187644
0 0.288322 0.426592 0.045217 0.167124
0 0.797515 0.601856 0.051632 0.125388
0 0.475864 0.960222 0.044578 0.079556
0 0.454440 0.405244 0.041913 0.127576
0 0.889207 0.579711 0.032915 0.097671
0 0.904286 0.277892 0.056061 0.083739
0 0.848362 0.565652 0.053744 0.099589
0 0.721652 0.583645 0.071570 0.152406
0 0.621339 0.850185 0.052498 0.215969
0 0.800978 0.549362 0.046836 0.080191
0 0.635411 0.656880 0.040312 0.192881
0 0.867696 0.620740 0.045120 0.105302
0 0.040760 0.382453 0.039543 0.085113
0 0.429121 0.380816 0.038680 0.078426
0 0.613033 0.436456 0.038471 0.181077
0 0.637615 0.433236 0.034937 0.164501
0 0.270886 0.390386 0.038305 0.101879
0 0.638528 0.631290 0.039320 0.197888
0 0.654960 0.594213 0.029039 0.182496
0 0.020200 0.379441 0.038501 0.080657
0 0.606135 0.365354 0.039235 0.052173
2 0.136756 0.768713 0.155138 0.328495
2 0.513932 0.495871 0.069882 0.139343
