0 0.331335 0.301905 0.123996 0.239976
0 0.439285 0.332180 0.078449 0.221525
0 0.692775 0.355886 0.130851 0.275459
0 0.783369 0.268342 0.104600 0.291689
0 0.237681 0.652908 0.042661 0.114608
0 0.193278 0.659688 0.039323 0.124825
0 0.290982 0.654641 0.032028 0.107131
0 0.953642 0.778341 0.092716 0.443318
0 0.441338 0.665159 0.049581 0.149676
0 0.603979 0.773137 0.190994 0.450515
0 0.406635 0.666438 0.037521 0.105980
0 0.580457 0.514756 0.106093 0.069004
1 0.782522 0.817149 0.181789 0.365702
1 0.637999 0.048613 0.075766 0.091499
