0 0.626788 0.831775 0.093480 0.336450
0 0.246460 0.187902 0.102636 0.329583
0 0.163103 0.200108 0.066949 0.265337
0 0.699873 0.829348 0.115146 0.340934
0 0.772906 0.859016 0.075628 0.279887
0 0.171329 0.626705 0.074953 0.111302
0 0.818117 0.859244 0.056080 0.281512
0 0.856840 0.870722 0.035695 0.251894
0 0.888451 0.843060 0.030549 0.180463
0 0.878075 0.849999 0.028855 0.196736
0 0.316374 0.629049 0.091360 0.223898
1 0.289856 0.728129 0.575174 0.543742
1 0.788960 0.725413 0.422081 0.543500
1 0.292407 0.231068 0.582198 0.460608
