0 0.264364 0.793959 0.202949 0.409933
0 0.762842 0.295063 0.290120 0.590127
0 0.628200 0.856814 0.087856 0.251329
0 0.938338 0.298545 0.123324 0.589350
0 0.332892 0.271441 0.073633 0.223186
0 0.562097 0.854176 0.067395 0.259315
0 0.710974 0.822218 0.071336 0.174742
0 0.090976 0.794028 0.181951 0.410745
0 0.498422 0.793561 0.057432 0.408555
0 0.242968 0.562540 0.064645 0.052183
0 0.382882 0.794607 0.109544 0.408884
0 0.765954 0.850566 0.083963 0.248647
0 0.792773 0.858196 0.096316 0.254472
0 0.443514 0.793276 0.083182 0.412247
0 0.850280 0.784929 0.043370 0.110352
