0 0.248287 0.314354 0.072535 0.200705
0 0.446925 0.801519 0.142664 0.395925
0 0.795943 0.313608 0.039952 0.180723
0 0.936941 0.767269 0.073546 0.154291
0 0.304311 0.565504 0.093268 0.075649
0 0.091577 0.828222 0.171913 0.342392
0 0.682072 0.781151 0.080818 0.202837
0 0.738778 0.351685 0.028341 0.149513
0 0.579770 0.799225 0.095307 0.387526
0 0.802043 0.539022 0.035535 0.110389
0 0.415974 0.643906 0.069427 0.084911
0 0.986229 0.843154 0.027325 0.170910
0 0.315521 0.650587 0.065276 0.090131
1 0.322868 0.798382 0.624666 0.403235
