0 0.609796 0.209024 0.059921 0.173169
0 0.534541 0.244652 0.072880 0.169386
0 0.600382 0.935891 0.092395 0.128218
0 0.818030 0.934632 0.124761 0.130735
0 0.221925 0.284953 0.047117 0.185451
0 0.169893 0.610418 0.103194 0.282840
0 0.391362 0.930316 0.088321 0.139368
0 0.912743 0.904673 0.089044 0.187587
0 0.081238 0.732730 0.162475 0.534541
0 0.711195 0.931275 0.102757 0.137451
0 0.672280 0.418118 0.063375 0.061696
0 0.172338 0.440478 0.040964 0.049243
0 0.288458 0.733293 0.072925 0.533414
0 0.243785 0.706666 0.081317 0.475506
0 0.523561 0.954336 0.073545 0.091328
