0 0.629147 0.466908 0.215091 0.604956
0 0.258194 0.837511 0.056653 0.138468
0 0.340133 0.884046 0.142510 0.230558
0 0.041867 0.883674 0.083734 0.230138
0 0.339195 0.498631 0.075810 0.332517
0 0.207527 0.825511 0.033387 0.083703
0 0.805977 0.397413 0.285684 0.753633
0 0.089208 0.359977 0.043477 0.331752
0 0.142186 0.820523 0.024350 0.091584
0 0.482105 0.881541 0.050903 0.227375
0 0.159647 0.819759 0.020629 0.093346
0 0.385251 0.452593 0.055412 0.265521
0 0.652722 0.950313 0.107878 0.099373
0 0.545028 0.339816 0.079495 0.513631
3 0.341869 0.882978 0.128337 0.225126
2 0.858060 0.180248 0.045320 0.051979
