0 0.670117 0.321737 0.073818 0.173398
0 0.215332 0.720880 0.119706 0.364264
0 0.294206 0.717977 0.089938 0.356130
0 0.269329 0.495308 0.058140 0.086700
0 0.121427 0.242153 0.084256 0.204838
0 0.366290 0.769670 0.095097 0.460660
0 0.446317 0.837008 0.077503 0.325459
0 0.443607 0.769234 0.083797 0.461533
0 0.045313 0.691616 0.086543 0.301837
0 0.118794 0.708147 0.081957 0.337469
1 0.141235 0.767204 0.282469 0.461211
1 0.249426 0.273593 0.482682 0.547186
1 0.777443 0.768002 0.445113 0.463995
1 0.208011 0.766789 0.416023 0.458409
1 0.675368 0.767584 0.318498 0.463753
1 0.377649 0.762817 0.112401 0.450883
1 0.743499 0.273600 0.508935 0.547200
