0 0.146210 0.175128 0.061385 0.188565
0 0.071035 0.793839 0.067057 0.412323
0 0.508774 0.100142 0.217851 0.200285
0 0.283948 0.727761 0.108766 0.544478
0 0.611317 0.592889 0.079384 0.374513
0 0.185123 0.802575 0.029914 0.215242
0 0.216430 0.814435 0.042057 0.370863
0 0.352790 0.788876 0.038391 0.231539
0 0.125819 0.814207 0.046193 0.305823
0 0.192241 0.379612 0.046873 0.037639
0 0.430340 0.097331 0.061861 0.194662
1 0.199224 0.200495 0.397810 0.392693
1 0.199444 0.695754 0.398887 0.593506
1 0.864842 0.700563 0.270289 0.597125
