0 0.752535 0.410022 0.102293 0.394432
0 0.759920 0.166635 0.107034 0.330537
0 0.451809 0.177051 0.082123 0.247803
0 0.480846 0.386368 0.105865 0.438284
0 0.599728 0.216602 0.083021 0.319528
0 0.838461 0.412257 0.100313 0.386180
0 0.400063 0.396119 0.100791 0.419698
0 0.673981 0.184602 0.084626 0.305456
0 0.667370 0.413287 0.101002 0.386451
0 0.816459 0.153953 0.081559 0.303438
0 0.534250 0.226178 0.083912 0.344740
0 0.574522 0.443709 0.105325 0.327499
0 0.320690 0.383156 0.107257 0.447767
0 0.918179 0.386720 0.090102 0.441118
0 0.849029 0.873319 0.299443 0.245426
0 0.945615 0.167858 0.060728 0.182420
0 0.647030 0.856160 0.205204 0.284088
0 0.347154 0.209337 0.049899 0.213362
0 0.128265 0.800141 0.088509 0.396318
0 0.874967 0.190604 0.051375 0.230384
0 0.971779 0.350388 0.056253 0.521560
0 0.097374 0.446874 0.017325 0.092530
0 0.156881 0.120805 0.014839 0.145529
0 0.159527 0.128169 0.018891 0.131589
1 0.631935 0.827237 0.725131 0.345527
1 0.587981 0.304809 0.625441 0.609618
2 0.672413 0.508634 0.112050 0.163250
