0 0.769581 0.211265 0.131071 0.350596
0 0.329114 0.260319 0.054935 0.255721
0 0.644981 0.894859 0.104665 0.210282
0 0.853912 0.180972 0.125482 0.331858
0 0.657057 0.229724 0.137309 0.403391
0 0.942836 0.163496 0.103707 0.297855
0 0.392829 0.138604 0.036635 0.222600
0 0.746537 0.876921 0.073639 0.175777
0 0.242205 0.739794 0.082836 0.099019
0 0.865565 0.876059 0.070988 0.173385
0 0.973945 0.154504 0.052109 0.309008
1 0.795244 0.894476 0.409328 0.211047
1 0.187788 0.055865 0.049244 0.083498
1 0.795501 0.160309 0.408997 0.320617
