0 0.794174 0.230867 0.052498 0.245604
0 0.823438 0.301587 0.055354 0.135504
0 0.413195 0.090027 0.047471 0.179366
0 0.470348 0.061777 0.048207 0.123554
0 0.490780 0.236114 0.048941 0.237389
0 0.529659 0.047425 0.037684 0.094849
0 0.603371 0.195981 0.051145 0.234967
0 0.965618 0.071793 0.052122 0.142662
0 0.573754 0.052656 0.046730 0.105313
0 0.085449 0.184409 0.156348 0.368043
0 0.692576 0.276121 0.058310 0.188652
0 0.267258 0.245838 0.058741 0.250762
0 0.431811 0.333181 0.042749 0.073707
0 0.205066 0.199378 0.070551 0.339920
0 0.182382 0.844646 0.018041 0.152594
0 0.352632 0.805345 0.017737 0.108089
0 0.110686 0.850847 0.018712 0.158266
0 0.218655 0.812908 0.015267 0.102993
0 0.197037 0.845221 0.016853 0.152518
0 0.163315 0.831010 0.013659 0.120390
0 0.094009 0.845254 0.017104 0.141750
0 0.440100 0.331561 0.050419 0.076793
0 0.381494 0.796218 0.015443 0.095757
1 0.694406 0.687630 0.610145 0.624741
2 0.774466 0.124672 0.153090 0.244662
1 0.082469 0.672824 0.164939 0.613078
2 0.371053 0.200796 0.036877 0.158482
