0 0.803015 0.189435 0.383766 0.378871
0 0.424506 0.190525 0.368687 0.380175
0 0.152642 0.189952 0.305284 0.379006
0 0.765165 0.813445 0.020491 0.139827
0 0.742635 0.816921 0.023887 0.152200
0 0.871933 0.809093 0.020360 0.147795
0 0.851278 0.811880 0.023615 0.142620
0 0.723620 0.815870 0.021511 0.150759
0 0.892582 0.804550 0.022091 0.147886
0 0.826367 0.808883 0.023038 0.136845
0 0.934198 0.804340 0.024475 0.150232
0 0.784260 0.811093 0.018454 0.139754
0 0.662166 0.252114 0.106471 0.253434
0 0.643074 0.775702 0.020214 0.151705
0 0.805330 0.808899 0.019437 0.135063
0 0.984218 0.777039 0.021794 0.156620
0 0.912578 0.799979 0.017937 0.136185
0 0.664340 0.794719 0.020194 0.180154
0 0.963116 0.785834 0.015400 0.153104
0 0.700265 0.800267 0.022302 0.169101
0 0.696475 0.801219 0.022938 0.161296
0 0.919651 0.912002 0.036973 0.173285
0 0.968876 0.780659 0.018897 0.162480
0 0.662161 0.782636 0.016493 0.168223
0 0.680682 0.795060 0.013864 0.165638
0 0.839397 0.726870 0.019821 0.079920
0 0.691118 0.796624 0.017485 0.165171
0 0.918701 0.870530 0.036510 0.256944
