0 0.743870 0.892228 0.054885 0.210164
0 0.661369 0.752058 0.052943 0.249424
0 0.613993 0.427111 0.056940 0.210799
0 0.517882 0.882626 0.035492 0.233881
0 0.144486 0.371793 0.034286 0.216377
0 0.649041 0.398738 0.043446 0.217756
0 0.565072 0.259167 0.045052 0.162475
0 0.582157 0.087401 0.164755 0.114442
0 0.601186 0.259756 0.041328 0.162038
0 0.939931 0.258168 0.031888 0.158370
0 0.699393 0.313930 0.037670 0.107334
0 0.604386 0.926686 0.072179 0.142396
0 0.460528 0.406877 0.033680 0.322087
0 0.644263 0.253195 0.053220 0.148277
0 0.869828 0.390423 0.047766 0.199607
0 0.511160 0.283012 0.022223 0.212498
0 0.834450 0.244667 0.029180 0.134447
0 0.801206 0.250062 0.043104 0.144223
0 0.908811 0.218577 0.035965 0.079610
0 0.846236 0.277138 0.038497 0.181863
0 0.862492 0.232238 0.035771 0.107929
0 0.911603 0.278837 0.038967 0.182741
0 0.700535 0.069807 0.111660 0.047588
