0 0.969991 0.131787 0.050557 0.222645
0 0.604236 0.902267 0.056358 0.195110
0 0.257642 0.907573 0.051913 0.183434
0 0.443050 0.578823 0.047984 0.201859
0 0.269613 0.591674 0.041616 0.206369
0 0.415330 0.500168 0.046194 0.160152
0 0.576948 0.807911 0.049696 0.223184
0 0.303379 0.619251 0.055195 0.200390
0 0.273739 0.470340 0.051233 0.104506
0 0.316121 0.479614 0.039061 0.119277
0 0.122529 0.471232 0.040358 0.102558
0 0.090625 0.465848 0.029432 0.092719
0 0.220241 0.512754 0.036655 0.104102
0 0.350848 0.480496 0.042394 0.121281
0 0.079012 0.492265 0.037931 0.147048
0 0.063261 0.451910 0.034784 0.064848
0 0.057116 0.588031 0.047926 0.193375
0 0.785158 0.031769 0.047755 0.063526
0 0.984362 0.250758 0.031276 0.241744
0 0.018248 0.494041 0.035987 0.151673
0 0.886600 0.377927 0.063750 0.081679
0 0.621163 0.438184 0.038114 0.035985
0 0.018117 0.441452 0.034943 0.043151
2 0.557492 0.696241 0.147223 0.271276
1 0.361515 0.208893 0.722205 0.417173
1 0.880833 0.708519 0.238067 0.582962
