0 0.108296 0.774756 0.214126 0.444592
0 0.695290 0.225126 0.045976 0.221680
0 0.748101 0.139204 0.039731 0.112730
0 0.660620 0.255373 0.053870 0.219123
0 0.888077 0.066326 0.033378 0.132651
0 0.274362 0.769655 0.183361 0.460690
0 0.853397 0.073138 0.043309 0.146277
0 0.690800 0.075050 0.053684 0.150101
0 0.900995 0.104382 0.041274 0.184920
0 0.925077 0.216552 0.050280 0.207083
0 0.967623 0.104057 0.039628 0.189079
0 0.919441 0.054030 0.038548 0.108059
0 0.645294 0.084238 0.045590 0.168476
0 0.533569 0.804025 0.172963 0.391950
0 0.965286 0.039658 0.033871 0.079083
0 0.397200 0.817551 0.196445 0.364898
0 0.811763 0.510603 0.096197 0.121289
0 0.990596 0.081802 0.018807 0.161403
0 0.123961 0.268412 0.247923 0.335390
0 0.541044 0.212310 0.098650 0.250419
1 0.305869 0.500000 0.608753 1.000000
2 0.705100 0.551053 0.064164 0.075692
1 0.484632 0.714734 0.262627 0.542399
1 0.809168 0.726168 0.379979 0.547664
