0 0.687361 0.769935 0.218854 0.460130
0 0.524123 0.797583 0.148941 0.404450
0 0.822162 0.761762 0.146362 0.473623
0 0.949745 0.752647 0.100236 0.494706
0 0.281495 0.739488 0.086161 0.249950
0 0.732148 0.091253 0.055233 0.182506
0 0.467176 0.271207 0.034602 0.223104
0 0.778205 0.389255 0.051146 0.219671
0 0.765993 0.079218 0.041876 0.158436
0 0.614546 0.082620 0.058924 0.165239
0 0.977468 0.077963 0.044401 0.155177
0 0.857133 0.466590 0.051659 0.065366
0 0.814819 0.014157 0.037248 0.027985
0 0.627115 0.467055 0.072346 0.062491
1 0.225750 0.249852 0.451500 0.496340
1 0.660094 0.742644 0.410635 0.509918
3 0.499867 0.159874 0.102657 0.266899
2 0.229860 0.933936 0.094127 0.132128
