0 0.673636 0.291590 0.235154 0.345886
0 0.742023 0.807129 0.055677 0.202895
0 0.776200 0.781468 0.043231 0.209206
0 0.498331 0.380760 0.120069 0.195694
0 0.825629 0.699641 0.037155 0.105070
0 0.913352 0.353156 0.173296 0.315466
0 0.641613 0.805025 0.054031 0.206384
0 0.467975 0.942171 0.049958 0.115658
0 0.770248 0.639727 0.054239 0.141646
0 0.630433 0.633419 0.050195 0.125951
0 0.715505 0.629469 0.039353 0.121585
0 0.977736 0.716666 0.041559 0.172130
0 0.913218 0.650859 0.041708 0.158408
0 0.963264 0.672724 0.038261 0.168775
0 0.748445 0.626030 0.039199 0.114661
0 0.954789 0.385001 0.090204 0.370483
0 0.526931 0.583293 0.045923 0.027802
1 0.218536 0.552051 0.437071 0.895897
2 0.503460 0.872557 0.128212 0.243608
1 0.718483 0.289272 0.563035 0.575107
