0 0.782551 0.189477 0.050701 0.226203
0 0.810698 0.311304 0.055684 0.252066
0 0.878114 0.767745 0.056788 0.204841
0 0.844033 0.743248 0.042953 0.206451
0 0.794237 0.660866 0.037576 0.105397
0 0.652070 0.635242 0.037616 0.157737
0 0.848854 0.611138 0.052276 0.121453
0 0.890677 0.619929 0.040733 0.137992
0 0.694204 0.611888 0.039905 0.124102
0 0.926254 0.618162 0.043720 0.138358
0 0.663584 0.604729 0.028607 0.108843
0 0.604371 0.049391 0.060131 0.098634
0 0.618254 0.475535 0.070373 0.150998
0 0.589652 0.632173 0.037688 0.163613
0 0.635860 0.593078 0.034732 0.085153
0 0.629746 0.734432 0.045980 0.193374
0 0.983724 0.639746 0.032438 0.175801
0 0.706619 0.478514 0.069740 0.140258
0 0.560270 0.618226 0.030375 0.135012
0 0.587359 0.580222 0.031396 0.060318
0 0.973305 0.114536 0.048637 0.209515
0 0.931812 0.028904 0.036453 0.057265
0 0.991234 0.104451 0.017531 0.208902
0 0.050344 0.206917 0.100689 0.333477
2 0.764357 0.103034 0.145744 0.204432
