0 0.241950 0.570276 0.053847 0.157554
0 0.771212 0.394082 0.050497 0.191024
0 0.285180 0.856368 0.049792 0.233169
0 0.545725 0.415895 0.067229 0.147725
0 0.363021 0.944667 0.053046 0.110666
0 0.274670 0.558218 0.039782 0.136121
0 0.126972 0.558456 0.054054 0.139195
0 0.649876 0.029019 0.052000 0.057801
0 0.680699 0.285790 0.049694 0.228272
0 0.138151 0.944540 0.068745 0.110920
0 0.570167 0.465865 0.058463 0.046598
0 0.471468 0.432514 0.045368 0.111145
0 0.553145 0.029630 0.051966 0.057706
0 0.742068 0.789702 0.017834 0.098253
0 0.730331 0.786041 0.013489 0.089196
0 0.682891 0.018728 0.039081 0.037308
1 0.225150 0.498706 0.447573 0.997412
2 0.629215 0.807059 0.077096 0.088012
1 0.875892 0.524433 0.248134 0.935976
2 0.035152 0.630541 0.068816 0.249289
1 0.880229 0.741485 0.239543 0.507551
