0 0.497446 0.431049 0.047878 0.215804
0 0.757827 0.250462 0.053074 0.189905
0 0.471662 0.497882 0.051491 0.141640
0 0.789740 0.225832 0.039866 0.199838
0 0.244077 0.636965 0.040763 0.109906
0 0.624065 0.214879 0.046528 0.191982
0 0.836261 0.150035 0.035558 0.098726
0 0.746506 0.093515 0.038245 0.164271
0 0.242967 0.603823 0.040645 0.066048
0 0.785877 0.082616 0.048630 0.157606
0 0.970390 0.115164 0.036766 0.178943
0 0.928859 0.079275 0.039904 0.156070
0 0.801289 0.502684 0.049385 0.130084
0 0.650481 0.109460 0.044857 0.207270
0 0.959422 0.072454 0.030824 0.143434
0 0.340402 0.699543 0.048803 0.185121
0 0.042216 0.869538 0.041882 0.185988
0 0.184235 0.616760 0.035238 0.097978
0 0.641896 0.825213 0.188471 0.332263
0 0.712801 0.098147 0.041683 0.153492
0 0.146367 0.636904 0.039456 0.133870
0 0.455552 0.046415 0.033219 0.092830
0 0.737039 0.674250 0.115358 0.150169
0 0.015910 0.864550 0.031787 0.173719
0 0.488983 0.831196 0.147857 0.337607
0 0.556322 0.022509 0.039447 0.044228
0 0.348635 0.888065 0.051627 0.193779
0 0.088593 0.637270 0.032028 0.126590
0 0.984601 0.059739 0.030798 0.119478
0 0.897556 0.800030 0.191267 0.224380
0 0.037779 0.658422 0.033353 0.167308
0 0.562567 0.686635 0.085957 0.126140
0 0.013359 0.787482 0.025722 0.093066
0 0.056399 0.635841 0.031869 0.134183
0 0.053572 0.731196 0.037832 0.150704
0 0.985589 0.219916 0.028822 0.186053
0 0.071995 0.091944 0.082704 0.182405
0 0.012988 0.650274 0.025005 0.158955
0 0.186144 0.981404 0.048706 0.037193
2 0.208704 0.919671 0.135937 0.155887
2 0.515236 0.321982 0.140738 0.257407
1 0.939589 0.776243 0.120134 0.437163
