0 0.395546 0.687628 0.279028 0.466943
0 0.917640 0.702424 0.040978 0.068413
0 0.950139 0.690310 0.035905 0.082693
0 0.914770 0.652496 0.025851 0.089812
0 0.756171 0.689886 0.035809 0.068165
0 0.819151 0.697856 0.037910 0.062504
0 0.868419 0.337204 0.012456 0.063325
0 0.980015 0.692916 0.032917 0.066673
0 0.846859 0.373601 0.012503 0.066156
0 0.881759 0.688241 0.034961 0.072416
0 0.793708 0.692841 0.029392 0.066119
0 0.896440 0.667272 0.020937 0.090947
0 0.854283 0.697363 0.035540 0.059886
0 0.724184 0.689678 0.031032 0.058452
0 0.895549 0.417133 0.010946 0.060791
0 0.951065 0.647207 0.038368 0.109715
0 0.880972 0.417649 0.009954 0.059000
0 0.685910 0.737908 0.048713 0.252953
0 0.864979 0.657056 0.021083 0.086968
0 0.992733 0.414584 0.014001 0.071352
1 0.319382 0.224883 0.638764 0.449765
1 0.745892 0.079215 0.116000 0.158429
2 0.874889 0.928684 0.110105 0.134845
1 0.308965 0.285778 0.425734 0.338421
