0 0.131302 0.755190 0.070126 0.274466
0 0.198386 0.805072 0.078125 0.389108
0 0.260467 0.791785 0.112109 0.411672
0 0.075861 0.808475 0.076003 0.363699
0 0.893890 0.733472 0.211747 0.357304
0 0.717642 0.536214 0.128377 0.214488
0 0.364103 0.786099 0.092051 0.427163
0 0.040027 0.701709 0.047022 0.210567
0 0.018139 0.806020 0.036258 0.355566
0 0.343816 0.765987 0.068745 0.384381
0 0.527158 0.548880 0.105102 0.177734
0 0.472586 0.758917 0.124034 0.482165
0 0.612077 0.727739 0.209304 0.446451
1 0.772191 0.186488 0.320691 0.372975
1 0.824547 0.170786 0.220292 0.341573
