0 0.816910 0.821887 0.271589 0.356225
0 0.673773 0.415330 0.221099 0.307184
0 0.883863 0.385105 0.201126 0.367699
0 0.532302 0.344157 0.185469 0.451453
0 0.413417 0.836019 0.052539 0.221592
0 0.618944 0.292330 0.106982 0.250882
0 0.952726 0.364793 0.093965 0.400461
0 0.118048 0.959985 0.054889 0.080029
0 0.740055 0.294381 0.146126 0.409563
0 0.288568 0.816960 0.063659 0.222601
0 0.295029 0.642025 0.057898 0.144199
0 0.366365 0.664299 0.047219 0.171438
0 0.403485 0.659363 0.043323 0.180729
0 0.068804 0.613013 0.041396 0.087186
0 0.430624 0.649521 0.018506 0.162153
0 0.185880 0.586225 0.046503 0.032946
1 0.784027 0.500000 0.431263 1.000000
2 0.138390 0.885692 0.172444 0.218030
