0 0.593316 0.637978 0.050459 0.218521
0 0.200847 0.898486 0.052313 0.203029
0 0.279642 0.764674 0.050752 0.236784
0 0.619891 0.757189 0.053844 0.244968
0 0.335262 0.930905 0.070306 0.138189
0 0.430675 0.887351 0.065138 0.225297
0 0.857229 0.279353 0.139166 0.401910
0 0.547920 0.970228 0.075598 0.059543
0 0.321918 0.528556 0.051210 0.056878
0 0.440429 0.973929 0.069476 0.051790
0 0.083171 0.523755 0.038066 0.049751
1 0.824576 0.293914 0.350848 0.587827
2 0.579000 0.580638 0.122550 0.148396
1 0.326770 0.249661 0.653540 0.499322
2 0.894402 0.728552 0.093281 0.135849
