0 0.066324 0.257571 0.132647 0.334427
0 0.455401 0.906252 0.052869 0.187495
0 0.377253 0.782524 0.050303 0.235272
0 0.036406 0.768758 0.054496 0.232149
0 0.501042 0.469867 0.217165 0.128012
0 0.063818 0.680664 0.049532 0.161592
0 0.532730 0.219924 0.153284 0.390933
0 0.352886 0.276712 0.157555 0.163975
0 0.227285 0.896585 0.065253 0.206831
0 0.318497 0.942436 0.067374 0.115128
0 0.708069 0.822639 0.075103 0.183662
0 0.760079 0.398437 0.149968 0.401061
0 0.149921 0.276567 0.065134 0.092362
0 0.715473 0.342203 0.210928 0.511930
0 0.349499 0.254802 0.028429 0.078887
0 0.112423 0.972266 0.074611 0.055468
1 0.805208 0.751808 0.385257 0.291217
1 0.179988 0.157219 0.357261 0.313801
3 0.043340 0.532138 0.085848 0.312901
