0 0.908479 0.752632 0.182213 0.287166
0 0.142957 0.911893 0.050413 0.176214
0 0.187374 0.630336 0.053697 0.195190
0 0.154567 0.612360 0.040795 0.183145
0 0.322534 0.604889 0.045791 0.169992
0 0.782260 0.707625 0.110459 0.116463
0 0.451766 0.814175 0.048203 0.218876
0 0.465945 0.906984 0.028300 0.186032
0 0.107266 0.549496 0.035956 0.058303
0 0.296222 0.557605 0.045072 0.075956
0 0.199146 0.537708 0.038280 0.034740
0 0.233016 0.537345 0.041949 0.033957
1 0.799312 0.255277 0.399205 0.510555
1 0.675468 0.760229 0.387460 0.479543
3 0.419278 0.708035 0.110403 0.281653
2 0.421904 0.704300 0.114464 0.270856
