0 0.173884 0.282593 0.170614 0.365561
0 0.352254 0.798896 0.105019 0.402208
0 0.465876 0.780459 0.153718 0.327812
0 0.116678 0.256127 0.233357 0.360505
0 0.714194 0.818222 0.187395 0.247107
0 0.837444 0.808752 0.166108 0.241419
0 0.653754 0.698097 0.123187 0.199273
0 0.054460 0.051278 0.108920 0.101369
0 0.975006 0.881391 0.049452 0.237218
0 0.953111 0.786997 0.093778 0.290265
0 0.418690 0.662826 0.058437 0.083303
0 0.531158 0.679533 0.063504 0.106876
0 0.286185 0.942750 0.026733 0.113448
0 0.583187 0.683355 0.027815 0.027943
1 0.650747 0.499386 0.698507 0.998772
2 0.064421 0.939151 0.116623 0.121699
1 0.149230 0.495527 0.298041 0.986672
