0 0.699449 0.891554 0.052142 0.212743
0 0.621134 0.748611 0.049930 0.236561
0 0.575774 0.478356 0.053098 0.117747
0 0.317118 0.624510 0.033764 0.221278
0 0.471164 0.892488 0.068211 0.215025
0 0.609199 0.466710 0.040788 0.092180
0 0.971359 0.642247 0.048583 0.234965
0 0.545512 0.940591 0.060153 0.118818
0 0.363446 0.951297 0.078027 0.097406
0 0.638498 0.181082 0.120235 0.332748
0 0.439595 0.461540 0.047276 0.085408
0 0.814948 0.462918 0.043848 0.087125
0 0.453910 0.983765 0.071371 0.032471
1 0.648823 0.206432 0.696255 0.411290
1 0.209801 0.248545 0.096125 0.280965
3 0.351293 0.529020 0.099745 0.238116
1 0.649929 0.708504 0.700142 0.582991
