0 0.914155 0.267533 0.039944 0.168341
0 0.699885 0.126739 0.042975 0.150420
0 0.935652 0.357643 0.044452 0.185243
0 0.672258 0.107564 0.032801 0.152836
0 0.601234 0.454342 0.042140 0.129321
0 0.663278 0.365702 0.038966 0.183008
0 0.677096 0.026403 0.040027 0.052805
0 0.709122 0.033200 0.030645 0.066401
0 0.736543 0.033761 0.033884 0.067522
0 0.634515 0.043099 0.029184 0.083250
0 0.791661 0.113171 0.045527 0.150851
0 0.557107 0.025436 0.033553 0.050871
0 0.524075 0.043195 0.030114 0.086389
0 0.784240 0.451680 0.054229 0.133737
0 0.574629 0.651521 0.063120 0.263033
0 0.787623 0.022947 0.041159 0.045894
0 0.792846 0.629719 0.058123 0.221598
0 0.511514 0.102409 0.025802 0.146652
0 0.743130 0.640443 0.053286 0.237326
0 0.776228 0.864562 0.123561 0.270229
0 0.618958 0.902435 0.091139 0.191728
0 0.255713 0.745026 0.018182 0.089800
0 0.701751 0.624011 0.055681 0.204219
0 0.526421 0.643043 0.052879 0.247124
0 0.315547 0.721802 0.016399 0.092611
0 0.288117 0.740072 0.017444 0.088462
0 0.351067 0.883757 0.021196 0.096040
0 0.326141 0.895804 0.026390 0.102326
0 0.268224 0.574565 0.013441 0.069191
0 0.726192 0.496725 0.048202 0.045368
0 0.291077 0.661364 0.014681 0.074813
0 0.329096 0.596272 0.009937 0.069975
0 0.216506 0.578917 0.011713 0.064651
0 0.320761 0.596161 0.010875 0.066549
0 0.468893 0.873166 0.018508 0.091141
1 0.748594 0.758583 0.498547 0.482834
2 0.898135 0.181466 0.115128 0.209702
1 0.374169 0.251092 0.251433 0.502183
1 0.248899 0.239443 0.497797 0.478885
1 0.458345 0.604678 0.077792 0.169505
