0 0.544547 0.289368 0.054606 0.220451
0 0.730315 0.786504 0.192843 0.367754
0 0.970284 0.132219 0.055239 0.232670
0 0.942584 0.064466 0.050871 0.127292
0 0.779427 0.326913 0.071711 0.205103
0 0.557598 0.712063 0.131023 0.233034
0 0.639592 0.166445 0.052716 0.230457
0 0.870773 0.345702 0.070980 0.168442
0 0.447808 0.676852 0.059666 0.079895
0 0.901417 0.674051 0.051826 0.076369
0 0.248785 0.608787 0.134009 0.357002
0 0.039348 0.534444 0.076606 0.209089
0 0.158643 0.149508 0.047691 0.194641
0 0.958599 0.310411 0.080951 0.238648
0 0.754565 0.379298 0.060098 0.098682
1 0.734741 0.720188 0.527936 0.559624
