0 0.822512 0.709079 0.079590 0.305773
0 0.729401 0.313198 0.074678 0.287653
0 0.693319 0.672568 0.065414 0.256957
0 0.951539 0.748425 0.095626 0.345085
0 0.801423 0.306218 0.083622 0.305036
0 0.668598 0.143511 0.067240 0.196034
0 0.609403 0.141377 0.075224 0.192461
0 0.607338 0.319440 0.069958 0.288556
0 0.665670 0.317216 0.065726 0.283765
0 0.728651 0.130402 0.063855 0.213135
0 0.538508 0.307499 0.077477 0.328966
0 0.940567 0.312242 0.085186 0.316335
0 0.787692 0.124163 0.073647 0.203522
0 0.747528 0.721415 0.070088 0.330755
0 0.631464 0.726018 0.073536 0.377674
0 0.545656 0.144821 0.071856 0.162992
0 0.379748 0.943945 0.095954 0.111791
0 0.869127 0.308138 0.079906 0.309266
0 0.890336 0.711691 0.070031 0.334622
0 0.912156 0.149847 0.061366 0.167978
0 0.852035 0.143924 0.070786 0.229204
0 0.571928 0.738791 0.101784 0.445461
0 0.780104 0.619758 0.046034 0.192226
0 0.842056 0.585453 0.051580 0.133695
0 0.969342 0.228649 0.061316 0.365943
0 0.966286 0.592768 0.064076 0.147117
0 0.513373 0.678884 0.026891 0.321301
0 0.991650 0.734210 0.016677 0.394780
1 0.750360 0.199504 0.499280 0.399009
1 0.749659 0.696641 0.495867 0.358760
