0 0.288054 0.475957 0.184640 0.542172
0 0.868664 0.440272 0.128319 0.518019
0 0.209737 0.355042 0.041141 0.139238
0 0.509344 0.378744 0.051970 0.190166
0 0.602588 0.379101 0.043856 0.209890
0 0.452959 0.380295 0.041180 0.185046
0 0.146206 0.365980 0.035968 0.130683
0 0.475917 0.379475 0.029354 0.175496
0 0.571261 0.382643 0.039200 0.205912
0 0.565154 0.346208 0.033580 0.127859
1 0.806754 0.496035 0.385300 0.991698
3 0.054384 0.277460 0.100528 0.177860
2 0.557743 0.350035 0.043367 0.129079
2 0.053755 0.274508 0.103766 0.175212
