0 0.372372 0.280514 0.220897 0.303504
0 0.492091 0.323506 0.255638 0.389572
0 0.159280 0.795422 0.151915 0.277261
0 0.376485 0.886681 0.244918 0.226170
0 0.054826 0.870032 0.109415 0.259937
0 0.965813 0.428442 0.067881 0.181593
0 0.884048 0.421268 0.088508 0.193848
0 0.442703 0.326679 0.239858 0.381634
0 0.175270 0.331107 0.159725 0.373581
0 0.500153 0.633012 0.054947 0.110853
0 0.575264 0.129979 0.046286 0.077027
0 0.272950 0.557214 0.062958 0.075303
0 0.867865 0.809950 0.045061 0.125182
0 0.080973 0.632267 0.095485 0.165684
0 0.425654 0.596351 0.055818 0.124633
0 0.040142 0.324571 0.080207 0.391796
0 0.084757 0.555150 0.052644 0.070355
0 0.043859 0.637441 0.037878 0.075705
0 0.235060 0.531729 0.031716 0.024946
0 0.025016 0.590425 0.034458 0.108315
