0 0.321480 0.798838 0.041089 0.199597
0 0.274018 0.722004 0.035528 0.100552
0 0.342624 0.829114 0.034940 0.187465
0 0.325887 0.656636 0.049964 0.149405
0 0.076118 0.687610 0.034415 0.173844
0 0.113593 0.794152 0.045794 0.192037
0 0.135831 0.686921 0.037953 0.175646
0 0.178645 0.645223 0.040155 0.168923
0 0.147657 0.640774 0.028319 0.161581
0 0.893517 0.751661 0.106947 0.303066
0 0.046326 0.659901 0.030514 0.169420
0 0.544508 0.746980 0.074306 0.298805
0 0.165095 0.549227 0.032719 0.080970
0 0.118359 0.616374 0.037441 0.154444
0 0.075455 0.603172 0.031770 0.128961
0 0.702991 0.737090 0.071640 0.365059
0 0.102077 0.534986 0.041572 0.052389
0 0.670467 0.783073 0.141827 0.416548
0 0.198537 0.534245 0.025921 0.051673
0 0.645530 0.778248 0.098367 0.408807
0 0.352895 0.662092 0.013968 0.137768
1 0.677682 0.248386 0.635883 0.496772
1 0.179914 0.249699 0.359486 0.498878
1 0.431600 0.745425 0.144850 0.483712
1 0.576478 0.732501 0.159140 0.454989
