0 0.113552 0.289724 0.226400 0.579448
0 0.495694 0.803271 0.127220 0.393458
0 0.381032 0.803491 0.109179 0.393017
0 0.174291 0.790478 0.126914 0.419044
0 0.282718 0.807530 0.102500 0.384940
0 0.066007 0.789649 0.126217 0.420702
0 0.362734 0.653751 0.115967 0.147476
0 0.454198 0.378766 0.068719 0.281595
0 0.260986 0.648027 0.095868 0.135713
0 0.173564 0.637538 0.102714 0.115847
0 0.476861 0.660691 0.120246 0.160624
1 0.279188 0.787594 0.557574 0.424813
1 0.281307 0.295612 0.560881 0.512386
1 0.777348 0.287987 0.444629 0.575975
1 0.741954 0.788572 0.367200 0.422856
