0 0.136216 0.629226 0.033972 0.092007
0 0.641295 0.647323 0.032794 0.122300
0 0.027294 0.720062 0.032928 0.105454
0 0.954247 0.546044 0.026792 0.076403
0 0.088565 0.671446 0.028779 0.119170
0 0.097861 0.639592 0.033829 0.112060
0 0.064642 0.670424 0.028511 0.115941
0 0.010582 0.739697 0.021087 0.130950
0 0.989521 0.500725 0.020448 0.070606
0 0.016416 0.552199 0.026225 0.076782
0 0.760735 0.351700 0.017100 0.054662
1 0.326541 0.481506 0.166407 0.320095
2 0.159237 0.534384 0.103505 0.096951
2 0.481959 0.365181 0.038024 0.063382
2 0.626656 0.267629 0.020987 0.029654
2 0.402402 0.318055 0.037836 0.049095
