0 0.818232 0.411289 0.015923 0.053149
0 0.845334 0.414091 0.014912 0.058033
0 0.719080 0.362422 0.015206 0.044068
0 0.784555 0.414720 0.017872 0.064806
0 0.052538 0.534066 0.023585 0.081340
0 0.698952 0.349528 0.017279 0.045982
0 0.873973 0.438800 0.016958 0.044178
0 0.951134 0.492472 0.018893 0.089629
0 0.745671 0.374082 0.014960 0.053008
2 0.601178 0.330692 0.033371 0.050856
2 0.766142 0.638831 0.124124 0.180222
2 0.865301 0.500638 0.106093 0.117186
2 0.649819 0.400433 0.045985 0.071924
2 0.216291 0.462969 0.079478 0.091417
2 0.369568 0.344465 0.030571 0.039451
