0 0.968272 0.630689 0.036824 0.112564
0 0.744028 0.367044 0.013840 0.049542
0 0.903222 0.449987 0.020693 0.063729
0 0.830050 0.393698 0.013888 0.041334
0 0.950997 0.489571 0.019975 0.087813
0 0.420676 0.309144 0.010929 0.039567
0 0.606764 0.310247 0.011825 0.031720
2 0.288866 0.917447 0.194133 0.165105
2 0.829661 0.456305 0.089632 0.099657
2 0.419076 0.510225 0.069499 0.107350
3 0.147030 0.538284 0.124971 0.119010
2 0.464352 0.416018 0.050523 0.069314
2 0.367338 0.342415 0.032511 0.037168
2 0.396096 0.323068 0.030529 0.043418
2 0.485505 0.303755 0.032294 0.036120
2 0.149856 0.537692 0.121604 0.119925
