0 0.969203 0.626651 0.039804 0.102831
0 0.043964 0.561668 0.024380 0.084096
0 0.921664 0.494068 0.025611 0.078198
0 0.065449 0.619731 0.025754 0.085069
0 0.080354 0.538926 0.020698 0.080844
0 0.843033 0.408579 0.015168 0.050414
0 0.769180 0.408556 0.017169 0.053158
0 0.687559 0.394561 0.016509 0.050653
2 0.063639 0.738114 0.127278 0.171298
1 0.476017 0.272073 0.057262 0.105463
2 0.230488 0.469565 0.087865 0.073840
2 0.159457 0.533112 0.107547 0.096373
1 0.633655 0.335508 0.072666 0.158696
2 0.357288 0.358969 0.042901 0.044195
2 0.889453 0.986549 0.174018 0.026685
2 0.588333 0.289950 0.021480 0.036394
2 0.589791 0.332205 0.025740 0.043878
2 0.679112 0.330567 0.030738 0.045715
