0 0.148833 0.590428 0.026143 0.082331
0 0.112971 0.619687 0.024609 0.086668
0 0.910324 0.451010 0.017008 0.064312
0 0.806143 0.391090 0.014352 0.045914
0 0.175431 0.446304 0.020134 0.059495
0 0.801998 0.461104 0.017696 0.065149
0 0.705006 0.354863 0.011470 0.041937
0 0.109098 0.515890 0.018988 0.066609
0 0.866410 0.424252 0.020343 0.057659
1 0.154121 0.787996 0.307980 0.424007
2 0.727812 0.660932 0.117876 0.209615
3 0.278897 0.435229 0.075759 0.088028
3 0.688098 0.459923 0.064474 0.109709
2 0.626352 0.405258 0.048968 0.074485
2 0.866589 0.500145 0.101047 0.119041
2 0.367061 0.348957 0.038222 0.040429
2 0.620702 0.320327 0.027111 0.041531
2 0.570099 0.296525 0.023195 0.037168
2 0.409915 0.321863 0.048494 0.051680
