0 0.048636 0.659390 0.034705 0.093464
0 0.892224 0.425365 0.013565 0.050775
0 0.813702 0.405836 0.016029 0.050751
0 0.845513 0.415642 0.014269 0.057201
0 0.119925 0.494902 0.016893 0.064249
0 0.192756 0.454280 0.015650 0.053374
0 0.567271 0.376658 0.013983 0.051552
0 0.211171 0.434163 0.014884 0.053704
0 0.311680 0.403005 0.023749 0.057236
0 0.092289 0.525196 0.021921 0.075587
3 0.277526 0.436570 0.083628 0.092478
2 0.858871 0.486146 0.090064 0.092099
2 0.675246 0.581655 0.094126 0.163571
2 0.468264 0.365369 0.037140 0.053323
2 0.709005 0.463086 0.064887 0.097617
2 0.478331 0.323253 0.032342 0.049499
2 0.366586 0.347583 0.039281 0.041706
2 0.867421 0.500437 0.102903 0.118517
3 0.674171 0.580405 0.090128 0.155250
