0 0.475279 0.687475 0.038597 0.115748
0 0.304240 0.491070 0.029381 0.077786
0 0.945477 0.568824 0.023896 0.090563
0 0.921538 0.569868 0.027675 0.089915
0 0.354417 0.402745 0.018006 0.056620
2 0.320997 0.884079 0.180888 0.231622
2 0.779467 0.431850 0.066465 0.082363
2 0.379838 0.501406 0.073136 0.095765
2 0.159563 0.536252 0.104464 0.103029
2 0.864836 0.500622 0.104856 0.111697
2 0.427056 0.395983 0.035766 0.057626
2 0.444667 0.512400 0.059726 0.100899
3 0.280452 0.445781 0.078094 0.081280
2 0.471433 0.369863 0.037224 0.047084
2 0.369240 0.347364 0.032178 0.041823
2 0.402585 0.319676 0.036732 0.047695
