0 0.100454 0.612029 0.032767 0.082784
0 0.177639 0.549991 0.024472 0.073450
0 0.598694 0.458827 0.020257 0.076080
0 0.255839 0.575979 0.037596 0.088186
0 0.818821 0.397986 0.016333 0.045674
0 0.765944 0.460590 0.021693 0.068052
0 0.055687 0.531124 0.015070 0.052589
0 0.231551 0.697976 0.045180 0.089703
0 0.681107 0.328634 0.013480 0.039591
0 0.318532 0.453459 0.017259 0.045300
0 0.113997 0.517722 0.014988 0.049606
2 0.494004 0.339314 0.031285 0.044061
2 0.863346 0.499045 0.107114 0.123426
2 0.410695 0.322141 0.046876 0.048678
2 0.366346 0.345660 0.035030 0.038888
1 0.582565 0.267619 0.023781 0.033095
3 0.401220 0.693782 0.114495 0.174813
2 0.400880 0.692047 0.112700 0.170125
