0 0.887271 0.442857 0.021038 0.064237
0 0.976492 0.498343 0.022986 0.075904
0 0.760490 0.420513 0.018636 0.059231
0 0.654377 0.508736 0.029469 0.077051
2 0.351941 0.813685 0.155817 0.231583
2 0.762782 0.630221 0.126030 0.187851
3 0.294874 0.411667 0.072072 0.074301
2 0.439734 0.347079 0.030850 0.046690
2 0.829918 0.458074 0.082688 0.095728
2 0.495115 0.368212 0.037037 0.055663
2 0.386420 0.419305 0.053891 0.061116
2 0.367844 0.348917 0.038045 0.036673
2 0.280354 0.814509 0.301033 0.233808
2 0.594829 0.291960 0.019832 0.028613
