0 0.979533 0.499433 0.022173 0.078845
0 0.084431 0.622029 0.026672 0.093071
0 0.949922 0.494450 0.023520 0.087501
0 0.877964 0.440716 0.018521 0.062875
0 0.158939 0.537956 0.025327 0.066907
0 0.743858 0.382376 0.017461 0.053118
0 0.968666 0.494101 0.015986 0.081767
0 0.179202 0.440060 0.023791 0.056400
0 0.261499 0.441654 0.018559 0.053348
0 0.808023 0.457960 0.027549 0.067783
0 0.765184 0.394272 0.017553 0.036176
0 0.975636 0.496007 0.023957 0.082945
1 0.854612 0.730979 0.290777 0.538042
2 0.478161 0.402392 0.042100 0.063824
2 0.832455 0.458937 0.082004 0.094270
3 0.291747 0.411130 0.071785 0.079829
3 0.433768 0.462621 0.061509 0.104804
2 0.610557 0.415269 0.055019 0.101902
2 0.366089 0.348160 0.041907 0.044179
2 0.315267 0.661412 0.124470 0.193535
2 0.395994 0.326119 0.030589 0.043635
