0 0.888500 0.658968 0.045594 0.101233
0 0.397422 0.490445 0.027224 0.079989
0 0.949602 0.493624 0.025943 0.092375
0 0.802125 0.386582 0.015576 0.046182
0 0.324875 0.539324 0.030397 0.078516
0 0.722842 0.430805 0.019084 0.055779
0 0.662410 0.423002 0.018954 0.069819
0 0.448095 0.540120 0.030482 0.076433
2 0.830475 0.460395 0.085236 0.103749
2 0.717275 0.733871 0.129199 0.222884
3 0.292951 0.408573 0.071142 0.072391
2 0.724458 0.531283 0.103814 0.157346
2 0.367368 0.348221 0.039405 0.045688
3 0.722470 0.527885 0.099061 0.155977
2 0.396424 0.327179 0.032468 0.042542
2 0.566357 0.304079 0.022140 0.033229
