0 0.928305 0.559608 0.026473 0.083135
0 0.868052 0.431846 0.018283 0.057733
0 0.988649 0.580012 0.022444 0.088303
0 0.842165 0.405625 0.015422 0.049431
0 0.664997 0.332121 0.012887 0.039702
0 0.750735 0.380749 0.015641 0.054188
0 0.592542 0.406368 0.018550 0.051671
3 0.291861 0.408116 0.069222 0.074141
2 0.831233 0.456921 0.085487 0.094941
2 0.254320 0.598953 0.126184 0.130990
2 0.465578 0.445980 0.049947 0.079691
2 0.366963 0.346482 0.037924 0.043518
2 0.476951 0.304220 0.024656 0.037301
3 0.380791 0.477397 0.072249 0.097489
2 0.397046 0.330831 0.028400 0.028248
