0 0.123028 0.589360 0.032158 0.095368
0 0.067888 0.609159 0.034489 0.090776
0 0.956424 0.526945 0.034297 0.088285
0 0.033750 0.598311 0.025993 0.083563
0 0.804260 0.336904 0.028630 0.126290
0 0.908740 0.460568 0.022583 0.075689
0 0.988273 0.681807 0.023455 0.099891
2 0.922057 0.724054 0.152927 0.223275
3 0.654136 0.456400 0.074463 0.113614
3 0.292482 0.411227 0.071981 0.078181
2 0.831181 0.461217 0.085929 0.101779
2 0.586670 0.341568 0.034245 0.055012
2 0.419227 0.407455 0.050757 0.075027
2 0.641325 0.377092 0.038838 0.058356
2 0.696153 0.802157 0.137658 0.271666
3 0.743971 0.585685 0.112425 0.187290
2 0.498215 0.290872 0.022612 0.028612
2 0.396426 0.327966 0.034919 0.045839
2 0.452526 0.289801 0.024907 0.026272
2 0.653415 0.460605 0.075622 0.114307
2 0.567781 0.282123 0.018864 0.033032
