0 0.720687 0.612853 0.120113 0.373805
0 0.574576 0.034918 0.040663 0.069776
0 0.723100 0.136421 0.030904 0.109071
0 0.504936 0.540300 0.095553 0.274503
0 0.978931 0.328603 0.041489 0.164438
0 0.647019 0.105276 0.046883 0.117426
0 0.512841 0.320252 0.051947 0.165207
0 0.919103 0.289948 0.032471 0.095171
0 0.258508 0.081610 0.014286 0.068996
0 0.218005 0.068856 0.013865 0.044442
0 0.837732 0.272550 0.027830 0.141669
2 0.420352 0.237617 0.110806 0.215142
2 0.320336 0.464657 0.179862 0.296556
1 0.473799 0.048697 0.099141 0.097095
3 0.929947 0.823416 0.140064 0.348404
2 0.226618 0.810682 0.261844 0.378636
2 0.931409 0.801316 0.135128 0.300063
