0 0.914804 0.475034 0.028575 0.071858
0 0.378032 0.440227 0.022063 0.058817
0 0.802772 0.395934 0.017264 0.047205
0 0.799891 0.395057 0.019747 0.050398
0 0.572402 0.365231 0.012019 0.046834
0 0.734086 0.369231 0.016750 0.052512
0 0.828880 0.405797 0.020845 0.056611
3 0.277324 0.437066 0.080346 0.089400
2 0.160363 0.535309 0.106169 0.100455
2 0.325669 0.401532 0.051485 0.060758
2 0.357171 0.360996 0.040466 0.042999
2 0.492364 0.347868 0.031449 0.045221
2 0.448170 0.461551 0.054588 0.080791
2 0.401696 0.320821 0.040993 0.043532
2 0.484381 0.278228 0.024824 0.032846
