0 0.251667 0.479087 0.022707 0.080520
0 0.177159 0.585389 0.027614 0.074829
0 0.192814 0.445307 0.015369 0.054747
0 0.359303 0.416033 0.018965 0.055563
0 0.722014 0.349962 0.013436 0.044860
0 0.689468 0.334345 0.014491 0.031461
0 0.862365 0.425325 0.021498 0.056055
0 0.638932 0.338151 0.015026 0.038592
0 0.803692 0.465978 0.022931 0.072068
0 0.337141 0.396461 0.020418 0.057855
0 0.880025 0.429219 0.021303 0.051116
0 0.801227 0.381927 0.017511 0.049494
2 0.186806 0.690741 0.155871 0.158986
3 0.279565 0.436194 0.078661 0.091212
2 0.165211 0.539523 0.121393 0.108912
2 0.454693 0.468656 0.056511 0.087091
2 0.920204 0.548822 0.149679 0.108320
2 0.594238 0.334157 0.030642 0.049057
2 0.859402 0.495595 0.092284 0.106673
2 0.367858 0.345326 0.034121 0.043401
2 0.626922 0.265563 0.021908 0.029190
