0 0.602684 0.326390 0.047826 0.170134
0 0.500202 0.070012 0.032993 0.092393
0 0.941581 0.379952 0.055458 0.169573
0 0.721274 0.127379 0.032102 0.108252
0 0.406272 0.172910 0.046662 0.123656
0 0.560278 0.014527 0.026472 0.028961
0 0.599754 0.034225 0.036418 0.068124
0 0.901627 0.274430 0.028484 0.147808
0 0.862287 0.269874 0.026499 0.141455
0 0.192387 0.187841 0.031979 0.119445
0 0.965840 0.296727 0.038968 0.167190
0 0.257952 0.101111 0.012620 0.059646
2 0.159036 0.135909 0.107878 0.117280
1 0.880690 0.788792 0.237955 0.422416
