0 0.579472 0.430367 0.015806 0.061902
0 0.950742 0.495940 0.020562 0.087468
0 0.906270 0.461207 0.017202 0.069921
0 0.829884 0.403165 0.013408 0.044491
0 0.713122 0.351520 0.015246 0.047684
1 0.081601 0.733261 0.163202 0.533477
2 0.831207 0.460891 0.088318 0.098017
3 0.293369 0.410453 0.066403 0.078784
2 0.350279 0.361273 0.049396 0.047177
2 0.348329 0.710792 0.123843 0.179885
2 0.469054 0.475021 0.049525 0.081037
2 0.494401 0.352187 0.034657 0.061879
2 0.595906 0.273595 0.022272 0.031190
2 0.488874 0.298786 0.029575 0.029967
