0 0.909978 0.557019 0.028540 0.090832
0 0.890790 0.441939 0.019293 0.065414
0 0.147579 0.544932 0.023968 0.083538
0 0.763692 0.398341 0.017805 0.050620
0 0.857814 0.433326 0.021874 0.058433
0 0.685093 0.377249 0.015514 0.050213
0 0.951263 0.491727 0.017239 0.093396
2 0.355012 0.880244 0.183106 0.237293
3 0.293356 0.411765 0.067661 0.075141
2 0.436376 0.522910 0.071468 0.101577
2 0.831354 0.462453 0.086177 0.103089
2 0.302106 0.569975 0.103903 0.115267
2 0.473260 0.358112 0.032424 0.048394
2 0.438495 0.418827 0.047483 0.068573
2 0.619429 0.345608 0.038969 0.065647
1 0.453853 0.314312 0.053174 0.079785
2 0.396771 0.330860 0.029191 0.039621
