0 0.163975 0.591270 0.027244 0.084873
0 0.114936 0.652488 0.037567 0.106491
0 0.286049 0.479286 0.022578 0.075084
0 0.090269 0.510063 0.033742 0.101137
0 0.139363 0.593067 0.025237 0.085982
0 0.817128 0.480478 0.020045 0.069013
0 0.178192 0.460276 0.018658 0.053147
0 0.977278 0.511677 0.019495 0.076569
0 0.273478 0.480318 0.023828 0.075569
0 0.840069 0.421784 0.014875 0.054833
0 0.972994 0.508619 0.022648 0.083605
1 0.710411 0.455449 0.118161 0.205480
2 0.592473 0.406446 0.047083 0.078107
2 0.791498 0.864410 0.172183 0.268075
2 0.943583 0.623025 0.112833 0.159383
2 0.635852 0.378026 0.041800 0.059511
2 0.864104 0.492681 0.097169 0.106287
2 0.051641 0.653840 0.098184 0.095867
3 0.280928 0.428865 0.077136 0.076316
2 0.410247 0.321089 0.049803 0.051112
2 0.366939 0.348055 0.039467 0.041911
