0 0.891489 0.435195 0.016985 0.061505
0 0.919987 0.493415 0.025647 0.078085
0 0.856137 0.479196 0.022367 0.062119
1 0.739484 0.477429 0.177803 0.340946
2 0.620986 0.509024 0.068311 0.121669
2 0.062212 0.738314 0.124347 0.173431
2 0.615097 0.349588 0.037229 0.066259
2 0.159333 0.530105 0.107845 0.099412
2 0.230633 0.468021 0.088995 0.077732
1 0.485166 0.253058 0.072945 0.083307
2 0.203218 0.794077 0.167704 0.210794
2 0.358314 0.360891 0.039602 0.043334
2 0.649377 0.301470 0.032046 0.035587
2 0.385132 0.340427 0.028466 0.041462
