0 0.011851 0.706621 0.023702 0.097197
0 0.176835 0.526353 0.026980 0.072883
0 0.949872 0.597943 0.033017 0.099753
0 0.864907 0.515421 0.026842 0.082623
0 0.062404 0.600357 0.028097 0.073190
0 0.270726 0.449694 0.018034 0.055950
0 0.778362 0.457372 0.021121 0.066926
0 0.950715 0.491495 0.020482 0.091081
0 0.086150 0.381891 0.023992 0.085367
0 0.765455 0.394487 0.013006 0.038131
0 0.144578 0.477743 0.018575 0.058605
1 0.477730 0.257862 0.059742 0.090217
2 0.832771 0.457779 0.075558 0.095183
2 0.670424 0.437546 0.062392 0.099332
2 0.348964 0.361194 0.050830 0.046723
3 0.292424 0.409370 0.072195 0.076477
2 0.375736 0.339360 0.033536 0.047280
