0 0.979639 0.488274 0.022294 0.073362
0 0.236668 0.508567 0.023755 0.065009
0 0.784178 0.442217 0.017662 0.067674
0 0.742412 0.371585 0.016842 0.052800
0 0.907334 0.467790 0.018733 0.086156
0 0.928494 0.464220 0.016250 0.052971
0 0.907490 0.467634 0.016385 0.068591
3 0.278384 0.439284 0.074591 0.082934
2 0.325556 0.402009 0.054083 0.058545
2 0.160066 0.533895 0.106695 0.098051
2 0.863401 0.501055 0.108643 0.118538
2 0.489001 0.390074 0.046753 0.062564
2 0.367527 0.349686 0.034714 0.038462
2 0.447992 0.322133 0.031645 0.040152
2 0.401902 0.324408 0.035361 0.031537
2 0.625793 0.265396 0.020740 0.029916
2 0.394218 0.374054 0.031346 0.053654
