0 0.864398 0.491659 0.027286 0.079658
0 0.174459 0.507671 0.024113 0.069568
0 0.978481 0.505578 0.023335 0.076077
0 0.806013 0.395763 0.013923 0.051531
0 0.114852 0.516085 0.018912 0.068034
0 0.204968 0.443052 0.015190 0.055665
0 0.058057 0.526989 0.019997 0.072732
0 0.670085 0.341048 0.012156 0.038688
0 0.949032 0.494082 0.023171 0.087421
1 0.090224 0.784577 0.180366 0.430461
2 0.830482 0.451809 0.081823 0.094453
3 0.292306 0.406944 0.070001 0.070962
2 0.365320 0.346891 0.041668 0.045317
2 0.395779 0.324788 0.033862 0.043001
