0 0.071329 0.604393 0.030376 0.083404
0 0.952586 0.530315 0.025306 0.085254
0 0.893654 0.531338 0.022726 0.082940
0 0.919749 0.528403 0.028127 0.091396
0 0.379618 0.498552 0.026418 0.068600
0 0.300126 0.437475 0.022612 0.064554
0 0.976018 0.511620 0.021848 0.076858
0 0.412170 0.400070 0.020351 0.051373
2 0.830278 0.460282 0.081845 0.093136
3 0.294491 0.411933 0.070271 0.070736
2 0.393472 0.682656 0.123045 0.172366
2 0.457785 0.463042 0.053182 0.083198
2 0.839631 0.878135 0.194622 0.241001
2 0.366853 0.348624 0.036933 0.044842
2 0.396900 0.328464 0.031111 0.040156
2 0.420177 0.361289 0.035024 0.047402
