0 0.239373 0.540096 0.025408 0.080780
0 0.019209 0.775517 0.037769 0.115814
0 0.091148 0.619670 0.031059 0.095910
0 0.116772 0.599818 0.033115 0.088708
0 0.958802 0.490108 0.018360 0.087940
0 0.194359 0.611684 0.031532 0.096222
0 0.921069 0.467499 0.019290 0.068990
0 0.377751 0.383407 0.018626 0.050829
0 0.770689 0.458868 0.023645 0.066173
0 0.807650 0.476310 0.023204 0.061561
0 0.733896 0.409491 0.013825 0.051991
0 0.618438 0.343614 0.015409 0.045908
0 0.645705 0.276089 0.012348 0.045380
0 0.259162 0.476012 0.018252 0.050995
2 0.487547 0.382577 0.042024 0.055383
2 0.867611 0.501451 0.103270 0.119876
2 0.461732 0.456088 0.054018 0.086828
2 0.160569 0.533663 0.108207 0.101488
2 0.650745 0.483200 0.075237 0.122633
3 0.279917 0.434938 0.076435 0.084605
2 0.401559 0.318390 0.037872 0.046670
2 0.367058 0.347171 0.034966 0.041379
2 0.786194 0.454985 0.057677 0.091187
2 0.324867 0.402707 0.056023 0.069990
2 0.585618 0.255359 0.019158 0.025845
