0 0.208241 0.504586 0.022240 0.067722
0 0.188222 0.524503 0.025807 0.074218
0 0.351845 0.400906 0.018482 0.050663
0 0.801801 0.390527 0.015665 0.042733
0 0.954038 0.491098 0.018851 0.085560
0 0.936531 0.470387 0.019439 0.065382
2 0.903315 0.910037 0.191656 0.179926
2 0.692439 0.390510 0.048577 0.077071
2 0.831209 0.461361 0.085780 0.104095
3 0.292875 0.411928 0.069734 0.079010
2 0.436128 0.478959 0.063570 0.092730
2 0.397043 0.327246 0.033097 0.043095
1 0.587132 0.328919 0.046181 0.057935
2 0.364417 0.349516 0.045521 0.044415
