0 0.074762 0.621906 0.029698 0.090048
0 0.142643 0.577412 0.029665 0.087040
0 0.048398 0.635870 0.019945 0.075351
0 0.211025 0.671594 0.041581 0.088092
0 0.689882 0.350475 0.012910 0.038690
1 0.900823 0.825721 0.197474 0.348228
1 0.716498 0.507376 0.148483 0.254597
1 0.868257 0.531094 0.182491 0.268920
2 0.650688 0.623635 0.080632 0.156204
2 0.682271 0.835088 0.140413 0.288124
2 0.322237 0.405195 0.057335 0.062325
2 0.590892 0.384759 0.041817 0.069559
2 0.159921 0.531390 0.105746 0.092066
2 0.357314 0.361549 0.037173 0.043866
2 0.625354 0.267057 0.022802 0.032834
2 0.590601 0.458001 0.060312 0.098947
1 0.962002 0.624655 0.075483 0.140334
