0 0.224365 0.468714 0.020959 0.062757
0 0.058574 0.550571 0.029598 0.073276
0 0.985411 0.611879 0.028875 0.106284
0 0.759846 0.401198 0.020757 0.065306
0 0.245043 0.470323 0.019477 0.064149
0 0.128605 0.502992 0.024009 0.074258
0 0.028041 0.553021 0.021413 0.066440
0 0.178476 0.437194 0.016168 0.049010
0 0.949208 0.489749 0.021912 0.092384
3 0.291914 0.408686 0.070857 0.073191
2 0.828545 0.452985 0.080492 0.090366
2 0.607777 0.395435 0.049380 0.073201
2 0.396784 0.329115 0.030100 0.035478
2 0.347508 0.544525 0.090663 0.124581
2 0.626896 0.263758 0.023778 0.030994
2 0.367261 0.347482 0.038542 0.042541
