0 0.933417 0.575203 0.035943 0.099951
0 0.957599 0.589500 0.025799 0.076571
0 0.241635 0.488485 0.020349 0.067989
0 0.905667 0.452851 0.019860 0.061129
0 0.390740 0.526010 0.034047 0.083385
0 0.797294 0.390780 0.017553 0.050744
0 0.726232 0.360153 0.015795 0.039614
0 0.698256 0.346482 0.013614 0.043257
0 0.639474 0.406891 0.020153 0.055136
0 0.678834 0.333341 0.013085 0.045099
0 0.286101 0.462887 0.022908 0.079276
0 0.766429 0.356206 0.013715 0.053465
0 0.587681 0.335704 0.011124 0.034776
0 0.140629 0.593235 0.026831 0.083514
2 0.046045 0.910204 0.091626 0.179592
3 0.702305 0.428802 0.062576 0.088056
2 0.164336 0.535012 0.119914 0.099118
2 0.863950 0.499634 0.107295 0.125293
3 0.279265 0.440413 0.077546 0.080079
2 0.183104 0.951580 0.198973 0.096840
3 0.402395 0.700484 0.114672 0.170983
2 0.701820 0.429736 0.062361 0.089364
2 0.402344 0.321345 0.037155 0.043032
2 0.367980 0.345143 0.039955 0.043251
