0 0.041101 0.648329 0.037862 0.094219
0 0.990927 0.495349 0.017952 0.073924
0 0.087635 0.382962 0.029104 0.095756
0 0.610087 0.430070 0.025076 0.065191
0 0.259059 0.399570 0.014655 0.050807
0 0.780642 0.440732 0.017738 0.059126
0 0.293108 0.677881 0.039687 0.106806
0 0.777811 0.368271 0.013628 0.041585
0 0.422245 0.348964 0.014518 0.043250
2 0.831081 0.450781 0.081998 0.095768
1 0.092692 0.891223 0.184648 0.217554
3 0.149833 0.536275 0.118565 0.112124
2 0.472336 0.347862 0.030249 0.049394
2 0.501730 0.319244 0.027356 0.038918
2 0.366421 0.342002 0.037843 0.047593
