0 0.036375 0.642959 0.032615 0.094414
0 0.949415 0.580215 0.032894 0.094580
0 0.009618 0.727968 0.019237 0.120775
0 0.835485 0.417932 0.018751 0.064591
0 0.725095 0.420935 0.018272 0.059217
0 0.902953 0.480759 0.026834 0.064606
0 0.990977 0.519614 0.017725 0.077642
0 0.867465 0.438404 0.014967 0.060094
0 0.969475 0.504539 0.018507 0.080123
3 0.278580 0.441705 0.080221 0.087224
2 0.161343 0.534150 0.107056 0.098600
2 0.325548 0.403125 0.051728 0.058135
2 0.358219 0.361272 0.039436 0.044809
2 0.401024 0.318321 0.040674 0.047016
