0 0.099558 0.521447 0.022849 0.079330
0 0.949776 0.492683 0.026009 0.092874
0 0.739056 0.389876 0.018175 0.042963
0 0.209332 0.710447 0.044740 0.120775
0 0.802364 0.389767 0.016914 0.047825
0 0.716055 0.368335 0.016919 0.055109
0 0.775948 0.417968 0.017813 0.065023
2 0.830642 0.458677 0.086016 0.100219
3 0.293460 0.410325 0.077400 0.075901
2 0.366191 0.348623 0.040217 0.042147
1 0.436416 0.316031 0.063845 0.104216
2 0.511413 0.305085 0.023761 0.045114
2 0.395675 0.328302 0.029113 0.039550
2 0.571704 0.263154 0.020441 0.030467
