0 0.768542 0.418150 0.026799 0.068794
0 0.811237 0.458282 0.026952 0.068479
0 0.938128 0.469611 0.025525 0.079693
0 0.856890 0.424666 0.016689 0.048534
1 0.124475 0.703283 0.248949 0.593435
2 0.284164 0.965954 0.212280 0.066855
2 0.830560 0.457486 0.084615 0.097991
3 0.292769 0.409656 0.070136 0.079091
2 0.433441 0.593500 0.086888 0.135559
2 0.276265 0.784028 0.155049 0.226714
2 0.487995 0.326841 0.030530 0.044985
2 0.395606 0.326186 0.031639 0.045373
2 0.365290 0.346882 0.039853 0.043136
2 0.343317 0.411927 0.042739 0.072368
2 0.239181 0.967247 0.313075 0.064763
