0 0.817692 0.481244 0.030165 0.079791
0 0.343272 0.468658 0.021585 0.064962
0 0.986860 0.516660 0.024290 0.080879
0 0.819099 0.393448 0.014822 0.044914
0 0.269908 0.494718 0.020515 0.064357
0 0.898622 0.436548 0.016272 0.067768
0 0.594215 0.328345 0.014852 0.039055
0 0.241921 0.524811 0.022705 0.067080
0 0.724826 0.368005 0.017004 0.049171
0 0.673041 0.309997 0.014410 0.051837
3 0.281663 0.434501 0.072692 0.082868
2 0.825741 0.844698 0.178303 0.302254
2 0.465661 0.360370 0.035976 0.052390
2 0.862871 0.491937 0.103901 0.096947
2 0.370082 0.345241 0.035404 0.037188
2 0.406584 0.325923 0.036428 0.052946
2 0.324794 0.404590 0.052357 0.065977
2 0.626201 0.266744 0.021501 0.031651
