0 0.082102 0.667497 0.036608 0.106673
0 0.878566 0.550761 0.031884 0.096052
0 0.913533 0.549906 0.025360 0.093460
0 0.959927 0.538924 0.027183 0.087463
0 0.126975 0.505036 0.019277 0.059282
0 0.830710 0.402340 0.015729 0.045023
0 0.185271 0.498634 0.026061 0.044218
0 0.086814 0.383044 0.025028 0.088060
0 0.451551 0.447058 0.018919 0.062112
0 0.086039 0.547892 0.018310 0.065500
0 0.659055 0.304364 0.011147 0.038973
2 0.833748 0.459266 0.088825 0.093809
2 0.348622 0.360536 0.051947 0.048178
3 0.292906 0.411329 0.069583 0.077339
2 0.322320 0.742785 0.132814 0.203808
2 0.452757 0.338949 0.030188 0.042044
2 0.372513 0.338855 0.028907 0.044872
