0 0.919608 0.492728 0.027769 0.078750
0 0.978188 0.515934 0.025843 0.074518
0 0.012719 0.579279 0.025438 0.076748
0 0.804885 0.403964 0.014341 0.047944
0 0.728513 0.353534 0.015433 0.049450
0 0.766806 0.437152 0.015853 0.061200
0 0.831188 0.408141 0.015020 0.056297
0 0.080956 0.544337 0.025242 0.074008
2 0.337172 0.897391 0.182691 0.205217
2 0.950421 0.916307 0.098611 0.167387
2 0.782448 0.853522 0.193931 0.291589
3 0.337136 0.464863 0.080055 0.091404
2 0.647270 0.503539 0.076892 0.134229
2 0.396407 0.587815 0.094988 0.137546
2 0.576026 0.331244 0.028784 0.044460
2 0.160945 0.532486 0.105053 0.099320
2 0.469366 0.435589 0.047317 0.081187
2 0.357755 0.359906 0.038248 0.046609
2 0.228331 0.466313 0.085813 0.082924
2 0.260349 0.897592 0.336809 0.204557
2 0.504880 0.304082 0.022845 0.033880
2 0.113899 0.942530 0.205170 0.114939
2 0.387834 0.333183 0.027499 0.032920
