0 0.066346 0.541148 0.025694 0.076358
0 0.680711 0.351721 0.013230 0.038568
0 0.885003 0.432232 0.016756 0.052338
0 0.848411 0.422918 0.016299 0.054158
0 0.773277 0.431133 0.016216 0.058994
0 0.791529 0.430074 0.014119 0.050025
0 0.632090 0.271892 0.011264 0.045571
0 0.817321 0.395581 0.012910 0.041295
1 0.904039 0.796011 0.191922 0.352186
2 0.493781 0.353716 0.036106 0.047846
2 0.396114 0.665338 0.115349 0.161861
2 0.863285 0.502143 0.109499 0.118929
3 0.422104 0.465515 0.061027 0.083450
2 0.366840 0.346995 0.038638 0.043213
2 0.411583 0.319229 0.047844 0.052514
