0 0.106011 0.607956 0.029793 0.084313
0 0.880757 0.440862 0.019897 0.064030
0 0.903878 0.523208 0.032503 0.093138
0 0.857424 0.521153 0.033817 0.086763
0 0.782852 0.406665 0.020448 0.053724
0 0.928962 0.496096 0.019983 0.079710
0 0.054041 0.534384 0.016894 0.066387
2 0.636575 0.468547 0.064435 0.102876
2 0.160992 0.533528 0.106247 0.097959
2 0.230014 0.467754 0.086245 0.077738
2 0.359035 0.358374 0.042159 0.045654
2 0.744620 0.473781 0.084521 0.104903
2 0.060733 0.758836 0.121465 0.179247
1 0.592945 0.277118 0.050143 0.093524
2 0.388981 0.333891 0.029678 0.032804
2 0.727860 0.385866 0.059271 0.070000
3 0.744975 0.472439 0.082678 0.102868
2 0.950041 0.932516 0.099918 0.134968
2 0.509302 0.297486 0.021325 0.031540
