0 0.987770 0.513252 0.022275 0.060321
0 0.926858 0.477801 0.013946 0.043645
0 0.603159 0.355512 0.014642 0.037722
1 0.864977 0.748499 0.268199 0.503002
1 0.812302 0.445579 0.169109 0.155311
2 0.667467 0.714898 0.119202 0.229310
2 0.230353 0.469115 0.087472 0.074018
2 0.356880 0.360321 0.040224 0.043974
2 0.160628 0.531775 0.102927 0.098455
2 0.621294 0.400709 0.041143 0.067394
1 0.583115 0.275580 0.032858 0.051680
1 0.921960 0.625662 0.156009 0.292320
2 0.621312 0.498556 0.063756 0.105915
2 0.342006 0.449453 0.064677 0.074265
2 0.396765 0.331940 0.037043 0.036130
