0 0.940145 0.599144 0.037457 0.095342
0 0.949291 0.493650 0.026224 0.087182
0 0.722471 0.356492 0.012419 0.043397
0 0.208391 0.617466 0.035313 0.089023
0 0.354034 0.362607 0.016574 0.051725
0 0.765159 0.395359 0.017369 0.033959
2 0.831113 0.459072 0.084814 0.100838
3 0.293138 0.409481 0.076198 0.076527
2 0.365763 0.347596 0.037662 0.041542
3 0.668236 0.565865 0.091024 0.137306
2 0.670008 0.566756 0.089659 0.142763
1 0.421019 0.384254 0.081244 0.132422
2 0.577914 0.323368 0.027652 0.040251
2 0.395976 0.325809 0.031069 0.041389
