0 0.059890 0.610039 0.030103 0.088006
0 0.949483 0.523531 0.034241 0.089932
0 0.886660 0.431879 0.014139 0.052744
0 0.043152 0.652495 0.031818 0.101165
0 0.866505 0.430972 0.015893 0.054559
0 0.247204 0.454817 0.019789 0.053050
0 0.350339 0.448393 0.023620 0.055261
3 0.294318 0.410204 0.067863 0.071392
2 0.340297 0.906407 0.197515 0.187182
2 0.831480 0.462420 0.086087 0.100980
2 0.580794 0.293710 0.025890 0.036797
2 0.448742 0.356125 0.032055 0.043507
2 0.397274 0.328476 0.031665 0.039469
2 0.367509 0.348709 0.038928 0.043781
2 0.414554 0.566660 0.091343 0.148223
3 0.414606 0.566576 0.090184 0.148461
