0 0.547951 0.389663 0.072713 0.190965
0 0.920171 0.261705 0.033915 0.120376
0 0.541632 0.171227 0.048258 0.129419
0 0.890695 0.269987 0.028798 0.120920
0 0.557632 0.065296 0.033696 0.096391
0 0.858400 0.270447 0.031343 0.146191
0 0.833949 0.279954 0.025535 0.152516
0 0.518486 0.090803 0.035534 0.111413
0 0.691470 0.333750 0.048414 0.174431
2 0.292620 0.907705 0.274917 0.184589
2 0.447110 0.033429 0.060032 0.066859
1 0.367100 0.371403 0.165829 0.466379
2 0.460419 0.188076 0.041814 0.134773
2 0.451449 0.189586 0.059188 0.136892
2 0.440173 0.188808 0.082116 0.142775
