0 0.158936 0.557726 0.026177 0.081876
0 0.860004 0.488932 0.022210 0.069606
0 0.834079 0.482535 0.022322 0.080389
0 0.904650 0.445453 0.018496 0.061441
0 0.950340 0.493833 0.021222 0.089945
0 0.815349 0.478316 0.024859 0.080321
0 0.030331 0.608555 0.025268 0.082750
0 0.887732 0.447970 0.016835 0.059390
0 0.880908 0.505928 0.019897 0.042696
0 0.009042 0.631006 0.018083 0.053660
0 0.067590 0.540470 0.020294 0.061208
3 0.293553 0.410609 0.070158 0.077897
2 0.349414 0.360873 0.047987 0.046276
2 0.105132 0.627196 0.114780 0.131504
2 0.487944 0.346097 0.034656 0.056127
2 0.472921 0.435358 0.048340 0.071338
2 0.831166 0.451038 0.084136 0.077052
2 0.372221 0.339325 0.030429 0.045584
