0 0.091584 0.663684 0.031339 0.095308
0 0.869855 0.416282 0.024034 0.069681
0 0.288006 0.433041 0.015587 0.055557
0 0.013779 0.579692 0.023467 0.080123
0 0.195108 0.527220 0.019797 0.075752
0 0.831510 0.413846 0.015239 0.065858
0 0.168006 0.526498 0.019498 0.071936
0 0.122679 0.512200 0.016849 0.065352
0 0.019132 0.534630 0.014742 0.040975
0 0.181992 0.422108 0.012798 0.037786
2 0.866648 0.500869 0.108217 0.120378
2 0.215961 0.464324 0.081748 0.089712
2 0.366094 0.347311 0.043274 0.046272
2 0.410251 0.312606 0.043771 0.058543
