0 0.814133 0.412658 0.018977 0.053206
0 0.843719 0.409815 0.019143 0.058449
0 0.252486 0.480168 0.019465 0.058060
0 0.223049 0.509104 0.021839 0.070388
0 0.031730 0.538306 0.028299 0.078467
0 0.774912 0.380832 0.021548 0.076076
0 0.987614 0.500474 0.020963 0.072353
0 0.888778 0.447402 0.018761 0.062378
0 0.916851 0.503577 0.018926 0.060676
1 0.873340 0.775008 0.253189 0.449984
3 0.433891 0.627951 0.092012 0.131407
2 0.157000 0.533867 0.109290 0.099881
2 0.320701 0.403372 0.060908 0.062002
2 0.300030 0.579719 0.101554 0.118863
2 0.357188 0.361356 0.038236 0.042314
2 0.428125 0.513474 0.051851 0.103285
3 0.675099 0.598780 0.077768 0.149975
2 0.483019 0.397615 0.038558 0.062086
2 0.627483 0.266481 0.023375 0.032306
2 0.401358 0.320315 0.039572 0.046437
