0 0.099944 0.645990 0.029998 0.092524
0 0.049662 0.698985 0.030967 0.098879
0 0.058757 0.554583 0.027249 0.090409
0 0.338970 0.391563 0.018941 0.048934
0 0.224815 0.500050 0.022143 0.070848
0 0.314768 0.390019 0.025714 0.071198
0 0.888947 0.443055 0.024117 0.064039
0 0.007479 0.727893 0.014916 0.108927
0 0.678629 0.390067 0.016963 0.053617
0 0.077585 0.592537 0.026479 0.090476
3 0.400368 0.560936 0.094249 0.139363
2 0.865092 0.497870 0.110836 0.123192
2 0.402765 0.318882 0.038366 0.042525
2 0.212900 0.461364 0.091504 0.092992
2 0.008270 0.732032 0.016487 0.126596
2 0.580694 0.261581 0.016134 0.023984
2 0.365100 0.345157 0.040140 0.044746
