0 0.874826 0.531500 0.029186 0.091533
0 0.923334 0.466096 0.021256 0.071880
0 0.889003 0.429402 0.018649 0.058832
0 0.859209 0.491208 0.022531 0.064498
0 0.786248 0.375685 0.014929 0.042014
0 0.951392 0.495692 0.020453 0.077247
2 0.828917 0.451556 0.079678 0.093076
3 0.146885 0.540077 0.123867 0.121053
2 0.448554 0.501558 0.053446 0.090898
2 0.411602 0.429584 0.049627 0.068960
2 0.366079 0.343729 0.037933 0.044880
2 0.395710 0.326352 0.029334 0.037128
2 0.501578 0.325697 0.026908 0.042762
3 0.364427 0.768507 0.140203 0.234041
2 0.486542 0.287209 0.026857 0.037193
2 0.626310 0.260905 0.022692 0.029767
