0 0.640471 0.774186 0.040066 0.142412
0 0.920576 0.584811 0.030181 0.093623
0 0.116869 0.571053 0.028315 0.090055
0 0.987717 0.544457 0.024464 0.091766
0 0.263950 0.476296 0.022953 0.066114
0 0.153981 0.468062 0.017639 0.063107
0 0.769841 0.454706 0.017870 0.064539
0 0.949183 0.500874 0.019558 0.074421
0 0.920927 0.455567 0.016243 0.065936
0 0.617232 0.291234 0.013243 0.050393
2 0.349235 0.361245 0.050338 0.046847
2 0.832711 0.458719 0.087197 0.099356
3 0.293469 0.410390 0.069634 0.078746
2 0.207010 0.496383 0.091799 0.087129
2 0.373795 0.342222 0.027187 0.042974
