0 0.065897 0.616525 0.030890 0.092227
0 0.917150 0.545704 0.028333 0.090224
0 0.890872 0.454343 0.019643 0.067718
0 0.986530 0.509553 0.018327 0.072160
0 0.214678 0.464029 0.019111 0.061740
0 0.967800 0.507788 0.018913 0.066829
0 0.145617 0.611724 0.023991 0.066632
0 0.928948 0.503045 0.024369 0.063955
0 0.808425 0.422856 0.017177 0.060363
0 0.235145 0.456863 0.016467 0.057142
0 0.867914 0.550752 0.029881 0.047100
2 0.160425 0.531962 0.106199 0.096316
3 0.276551 0.441839 0.082776 0.092541
1 0.464954 0.296644 0.050706 0.070899
2 0.325308 0.402445 0.051247 0.059844
2 0.357097 0.358879 0.041990 0.049478
2 0.401157 0.318916 0.039271 0.048975
