0 0.885268 0.508687 0.024184 0.067050
0 0.020408 0.564149 0.023550 0.074169
0 0.804506 0.424531 0.020119 0.059786
0 0.918816 0.492768 0.023086 0.074043
0 0.744919 0.389497 0.013619 0.048737
0 0.838255 0.414599 0.020236 0.055762
0 0.764111 0.391058 0.016708 0.047366
0 0.961061 0.922976 0.076378 0.153504
0 0.433213 0.411230 0.018694 0.050264
2 0.322551 0.889027 0.188907 0.221945
2 0.605929 0.347324 0.039149 0.064773
2 0.156205 0.534685 0.103265 0.098348
2 0.731584 0.546450 0.092246 0.148227
2 0.229243 0.465285 0.084954 0.072143
2 0.357217 0.358459 0.040991 0.040844
2 0.572162 0.301071 0.019352 0.028974
2 0.501155 0.338466 0.030206 0.042910
2 0.386263 0.333902 0.025680 0.031917
2 0.428571 0.512808 0.075950 0.115113
2 0.406620 0.316638 0.031543 0.045100
