0 0.129414 0.635597 0.044386 0.096554
0 0.060137 0.642875 0.028627 0.106192
0 0.881191 0.433147 0.017643 0.055143
0 0.096126 0.525491 0.014601 0.058015
2 0.904462 0.897779 0.190421 0.204441
2 0.632176 0.482752 0.073418 0.120428
3 0.279009 0.434920 0.076460 0.086921
2 0.863469 0.491933 0.096302 0.099665
2 0.761269 0.493008 0.077266 0.099163
2 0.748318 0.566874 0.109708 0.168802
3 0.444655 0.410975 0.042859 0.079309
2 0.637615 0.390573 0.045828 0.065141
2 0.367985 0.347045 0.037981 0.043274
2 0.411598 0.321409 0.043954 0.050905
2 0.610013 0.285201 0.022165 0.029148
