0 0.093071 0.707525 0.046673 0.111459
0 0.054729 0.715396 0.051248 0.117297
0 0.967483 0.478432 0.018734 0.072358
0 0.880730 0.433151 0.016935 0.062060
0 0.148232 0.539884 0.028381 0.070144
0 0.754158 0.406581 0.018486 0.057486
0 0.935685 0.469997 0.016231 0.068041
0 0.353598 0.367855 0.020670 0.058538
0 0.808586 0.454370 0.029802 0.072626
0 0.064483 0.513051 0.023658 0.064790
2 0.833680 0.455510 0.081284 0.100919
3 0.292192 0.407877 0.070874 0.075596
2 0.367340 0.341990 0.037450 0.042946
2 0.396852 0.322846 0.033040 0.045198
2 0.660290 0.437048 0.066049 0.108256
3 0.659672 0.436872 0.066920 0.109739
