0 0.847336 0.413847 0.014458 0.056071
0 0.126976 0.495062 0.021211 0.063313
0 0.174449 0.468557 0.017265 0.062575
0 0.933339 0.482437 0.023717 0.114679
0 0.861835 0.413203 0.012961 0.048437
0 0.080612 0.241582 0.040821 0.100521
1 0.668496 0.369432 0.080278 0.124271
2 0.600813 0.360754 0.039958 0.070572
1 0.412007 0.345262 0.084067 0.155294
2 0.471551 0.424759 0.048034 0.074111
2 0.721681 0.769817 0.145563 0.256117
2 0.864048 0.501599 0.109406 0.126739
3 0.426935 0.528981 0.081242 0.122900
2 0.676553 0.481328 0.071712 0.106970
2 0.979221 0.662746 0.041506 0.135098
2 0.601914 0.284797 0.017146 0.033531
2 0.427570 0.529703 0.079902 0.126691
2 0.366318 0.348728 0.029625 0.040256
