0 0.985581 0.563025 0.028273 0.092481
0 0.946319 0.525040 0.033685 0.089507
0 0.783330 0.444234 0.031089 0.064994
0 0.931537 0.468126 0.022528 0.078286
0 0.028008 0.622904 0.032179 0.092907
0 0.828055 0.401352 0.014205 0.045531
0 0.866869 0.506262 0.026130 0.062142
2 0.829599 0.459794 0.080243 0.091383
2 0.456212 0.392784 0.040963 0.062315
2 0.691604 0.580598 0.119322 0.195515
3 0.298468 0.411660 0.079144 0.074153
2 0.367685 0.350190 0.036835 0.040823
2 0.396955 0.329304 0.029818 0.036581
2 0.501486 0.327635 0.025599 0.038379
