0 0.215117 0.568360 0.032633 0.083577
0 0.853805 0.427651 0.015931 0.051032
0 0.871115 0.425940 0.014172 0.054199
0 0.895599 0.444808 0.016217 0.065396
0 0.797845 0.434090 0.018280 0.067348
0 0.416233 0.472144 0.023925 0.070861
0 0.938751 0.485660 0.022193 0.090872
0 0.942355 0.489564 0.028728 0.099207
0 0.763427 0.393022 0.019676 0.057764
2 0.865835 0.502023 0.109029 0.119624
2 0.598831 0.316725 0.027991 0.042599
2 0.500450 0.312605 0.026853 0.043188
2 0.361988 0.348037 0.029556 0.041794
2 0.217182 0.462551 0.080325 0.087634
2 0.408177 0.314927 0.033505 0.049103
