0 0.242504 0.521258 0.023803 0.075665
0 0.295029 0.522741 0.027371 0.080262
0 0.923873 0.473140 0.034475 0.070813
0 0.334829 0.406619 0.014862 0.056964
0 0.242688 0.416011 0.013586 0.039585
0 0.672285 0.326563 0.017058 0.046420
0 0.969916 0.493923 0.023732 0.064129
0 0.231773 0.458791 0.012315 0.049900
0 0.352170 0.402748 0.015852 0.053269
2 0.411017 0.415848 0.043020 0.059389
2 0.046242 0.910947 0.091743 0.178106
2 0.820849 0.526867 0.118311 0.119445
3 0.279662 0.436887 0.076264 0.082528
2 0.403049 0.318661 0.039059 0.047315
2 0.367550 0.345542 0.037341 0.044203
2 0.164115 0.538933 0.123648 0.106789
2 0.871473 0.498570 0.089419 0.093075
2 0.489625 0.361807 0.035071 0.050328
2 0.889120 0.493603 0.054276 0.104775
