0 0.016753 0.819357 0.033365 0.143744
0 0.165550 0.536289 0.023941 0.073878
0 0.896093 0.453206 0.021802 0.072166
0 0.807375 0.398676 0.012922 0.049569
0 0.127354 0.598164 0.029789 0.077184
0 0.921666 0.461492 0.026777 0.085963
0 0.152771 0.465930 0.013184 0.039014
0 0.830278 0.410874 0.017143 0.053250
0 0.950581 0.475605 0.020577 0.124348
2 0.865268 0.501241 0.108566 0.124558
2 0.366318 0.346336 0.041667 0.046556
2 0.214402 0.464541 0.078351 0.089350
2 0.413127 0.311868 0.040431 0.051973
2 0.405817 0.314711 0.047315 0.051258
