0 0.082797 0.573383 0.024361 0.078220
0 0.902947 0.445506 0.017463 0.063223
0 0.867542 0.431592 0.013704 0.035640
0 0.970112 0.488494 0.025539 0.089526
0 0.918878 0.461752 0.014674 0.064914
1 0.878673 0.784452 0.242325 0.431096
2 0.738597 0.919970 0.176851 0.160061
1 0.860228 0.494583 0.185328 0.201340
1 0.718270 0.493229 0.151074 0.227932
2 0.357728 0.360834 0.038126 0.041397
2 0.646309 0.591664 0.075642 0.124401
2 0.157949 0.533624 0.106553 0.102874
2 0.660784 0.756438 0.115532 0.229449
1 0.952320 0.646713 0.095009 0.224533
2 0.323110 0.405812 0.058776 0.061152
2 0.625724 0.267907 0.021790 0.032301
2 0.580916 0.276110 0.020191 0.026861
2 0.589090 0.457589 0.055886 0.099785
2 0.402627 0.319042 0.040272 0.047976
