0 0.096712 0.593249 0.027994 0.086715
0 0.964631 0.494295 0.026069 0.083189
0 0.924806 0.496018 0.032008 0.078845
0 0.013091 0.682771 0.026116 0.089790
1 0.390133 0.373268 0.102403 0.190408
3 0.842188 0.521377 0.095055 0.116615
2 0.161189 0.533015 0.105617 0.095733
2 0.642884 0.609363 0.087030 0.158781
2 0.805066 0.836152 0.179804 0.301682
2 0.046383 0.910045 0.092131 0.179910
2 0.443371 0.544033 0.069580 0.110161
2 0.645746 0.342376 0.037812 0.054541
2 0.230832 0.465866 0.090907 0.080513
2 0.722242 0.539771 0.080213 0.131924
2 0.585920 0.315330 0.023989 0.038008
1 0.580144 0.261007 0.036156 0.050318
1 0.583177 0.251932 0.043646 0.067139
1 0.579796 0.268231 0.032195 0.035019
