0 0.848588 0.420393 0.015755 0.052455
0 0.774283 0.389221 0.019256 0.053414
0 0.823359 0.420991 0.016232 0.060220
0 0.929127 0.495715 0.020283 0.084573
0 0.242148 0.468937 0.024973 0.057083
0 0.826397 0.420705 0.018103 0.060414
0 0.942607 0.509849 0.015937 0.057692
0 0.992217 0.507019 0.014914 0.059494
1 0.712419 0.507955 0.149307 0.260625
1 0.936176 0.759790 0.127413 0.473233
2 0.321865 0.404730 0.057355 0.060531
2 0.585638 0.413246 0.043037 0.076960
2 0.159094 0.534383 0.108362 0.101806
2 0.626095 0.267373 0.022999 0.032006
2 0.357431 0.360175 0.036671 0.045852
1 0.808597 0.510432 0.053413 0.125493
3 0.396250 0.559674 0.087712 0.122598
2 0.397513 0.561630 0.087133 0.128884
2 0.681492 0.771385 0.159916 0.302263
2 0.505110 0.295487 0.020001 0.033431
2 0.401681 0.317048 0.039004 0.054174
