0 0.058868 0.685249 0.037125 0.104389
0 0.023621 0.757205 0.046679 0.133076
0 0.981849 0.513877 0.025636 0.070848
0 0.466571 0.374089 0.014386 0.043361
1 0.878266 0.786549 0.243449 0.426902
1 0.858504 0.494459 0.183327 0.203565
2 0.742952 0.921055 0.167743 0.157891
2 0.585261 0.353352 0.032212 0.055101
1 0.718182 0.494296 0.151316 0.228550
2 0.663618 0.756876 0.121072 0.225515
2 0.647204 0.591703 0.074140 0.125383
2 0.159860 0.534903 0.108513 0.100559
2 0.356853 0.360523 0.039866 0.044996
2 0.322337 0.405158 0.056894 0.062269
1 0.951769 0.646874 0.096057 0.208385
2 0.505943 0.304919 0.023317 0.036546
2 0.625163 0.266794 0.021575 0.032037
2 0.589727 0.454359 0.055424 0.109014
