0 0.907058 0.466237 0.022749 0.067864
0 0.988032 0.522817 0.023609 0.099516
0 0.926381 0.462305 0.020979 0.070908
0 0.948830 0.485281 0.020529 0.096748
0 0.644759 0.283664 0.011070 0.033289
0 0.676827 0.395266 0.016161 0.050254
2 0.340625 0.766000 0.142656 0.219949
3 0.292897 0.411263 0.068801 0.077841
2 0.831397 0.461982 0.087607 0.104606
2 0.591792 0.345568 0.033449 0.052803
3 0.215535 0.579096 0.124147 0.164870
2 0.572421 0.304801 0.022774 0.041353
2 0.365307 0.347268 0.039754 0.045537
2 0.396970 0.326577 0.030060 0.040862
2 0.510794 0.285464 0.023462 0.034450
