0 0.018907 0.721150 0.037813 0.122151
0 0.218358 0.491040 0.027077 0.068608
0 0.969428 0.491285 0.017348 0.072682
0 0.914156 0.485903 0.030944 0.084240
0 0.876270 0.434897 0.018246 0.061863
0 0.191433 0.610021 0.040383 0.091905
2 0.159233 0.534380 0.107807 0.097218
2 0.356678 0.361730 0.036429 0.042442
2 0.321623 0.895919 0.204758 0.208162
2 0.322474 0.403943 0.056022 0.063395
2 0.402064 0.319874 0.037829 0.046306
2 0.452995 0.459241 0.055099 0.085574
3 0.367897 0.593335 0.095292 0.133015
2 0.508280 0.312482 0.022423 0.030513
