0 0.077743 0.663346 0.036680 0.098413
0 0.884828 0.510326 0.023063 0.073028
0 0.059483 0.581949 0.029600 0.078650
0 0.951303 0.495514 0.020871 0.085822
0 0.643348 0.316922 0.014355 0.040003
0 0.668155 0.316756 0.013984 0.037773
0 0.771202 0.434173 0.018848 0.061957
0 0.897861 0.437693 0.014585 0.052698
0 0.719170 0.408827 0.016170 0.048071
2 0.831774 0.458309 0.082681 0.096705
3 0.291225 0.411489 0.072935 0.075328
2 0.883706 0.878532 0.229790 0.242076
2 0.396308 0.326525 0.033037 0.043496
2 0.366782 0.347858 0.041462 0.045247
1 0.884447 0.878635 0.230996 0.242731
