0 0.076546 0.640839 0.034117 0.110218
0 0.136944 0.601772 0.029915 0.090797
0 0.116927 0.602362 0.021692 0.087214
0 0.870867 0.441266 0.014217 0.052904
0 0.030388 0.554667 0.023098 0.067755
0 0.182645 0.552131 0.055407 0.122625
0 0.617932 0.271834 0.012722 0.036233
0 0.898877 0.453656 0.018110 0.069071
0 0.930119 0.495034 0.024653 0.081704
0 0.933984 0.493628 0.021526 0.080735
0 0.827257 0.442367 0.017465 0.061100
2 0.356567 0.360494 0.038378 0.045404
3 0.279629 0.439811 0.082768 0.093819
2 0.325414 0.402945 0.051818 0.058666
1 0.421972 0.344326 0.077770 0.143102
2 0.413386 0.639648 0.105438 0.144710
2 0.504316 0.294699 0.025657 0.038805
2 0.626305 0.265954 0.024488 0.033362
