0 0.059863 0.598985 0.029696 0.082013
0 0.247035 0.488320 0.021916 0.070039
0 0.818697 0.391686 0.017337 0.053718
0 0.383920 0.428524 0.022350 0.057390
0 0.079562 0.243035 0.041479 0.105045
1 0.688124 0.428771 0.107233 0.197655
2 0.213447 0.956721 0.251339 0.086015
2 0.591681 0.311267 0.028254 0.051298
2 0.864144 0.501520 0.108414 0.137750
2 0.367901 0.346311 0.037542 0.043726
2 0.407504 0.321532 0.044112 0.050182
2 0.453086 0.378961 0.049230 0.061067
2 0.504571 0.288998 0.022287 0.028538
2 0.491803 0.363520 0.029286 0.041852
