0 0.897706 0.554564 0.030200 0.084385
0 0.100781 0.653502 0.034376 0.098997
0 0.137376 0.592529 0.028475 0.093441
0 0.984430 0.533771 0.031014 0.127146
0 0.883794 0.437005 0.014164 0.054059
0 0.986071 0.550104 0.027210 0.100109
2 0.899231 0.929232 0.201539 0.141536
2 0.693266 0.582870 0.095385 0.148393
2 0.870006 0.494350 0.095314 0.106183
2 0.417807 0.503815 0.067928 0.086819
2 0.602458 0.354198 0.035351 0.056094
2 0.312267 0.565690 0.091763 0.117998
2 0.631153 0.336478 0.031377 0.047314
2 0.436233 0.314479 0.025875 0.039860
2 0.586890 0.276408 0.021935 0.032497
2 0.408365 0.321794 0.044133 0.049956
2 0.366899 0.344606 0.037537 0.042912
2 0.506073 0.303786 0.021550 0.040527
