0 0.279153 0.634645 0.044307 0.106322
0 0.825672 0.409795 0.019501 0.063440
0 0.119513 0.588367 0.027523 0.080736
0 0.923329 0.489560 0.023822 0.078155
0 0.746251 0.382636 0.017518 0.054880
0 0.177139 0.458775 0.023360 0.056572
0 0.958016 0.486783 0.017658 0.085237
0 0.785807 0.389886 0.017304 0.059925
0 0.684276 0.357610 0.013369 0.043514
0 0.478300 0.425430 0.015925 0.060166
0 0.617502 0.312837 0.012343 0.039428
2 0.158053 0.537132 0.105201 0.100793
2 0.439739 0.569075 0.082410 0.122292
2 0.230487 0.470552 0.085096 0.078699
3 0.415120 0.413638 0.054865 0.088719
2 0.504949 0.321936 0.025792 0.038963
1 0.589481 0.296616 0.039017 0.054723
1 0.594569 0.272672 0.044191 0.103087
2 0.359399 0.355560 0.038999 0.043845
2 0.387022 0.334773 0.026852 0.033165
1 0.595503 0.251793 0.043476 0.057626
