0 0.977290 0.527082 0.021290 0.079173
0 0.266193 0.445695 0.020734 0.058351
0 0.736508 0.379893 0.018597 0.055719
0 0.775042 0.439062 0.018427 0.054895
0 0.753152 0.414517 0.017878 0.049635
0 0.190526 0.509626 0.038350 0.069688
0 0.992555 0.528579 0.014890 0.079876
2 0.830150 0.454636 0.084078 0.093872
3 0.290806 0.410334 0.075728 0.075694
2 0.873967 0.542914 0.152649 0.121943
2 0.585169 0.290620 0.021734 0.031530
2 0.367138 0.348372 0.041524 0.046469
2 0.401375 0.324062 0.045661 0.049355
2 0.859482 0.526854 0.118884 0.092726
