0 0.036526 0.559206 0.024479 0.071589
1 0.877713 0.785293 0.244503 0.429414
2 0.739172 0.920356 0.177486 0.159289
1 0.717334 0.495302 0.149576 0.232765
1 0.863250 0.494691 0.182174 0.203376
2 0.641321 0.577613 0.068222 0.134233
2 0.581608 0.319248 0.030002 0.045421
2 0.660949 0.746294 0.118019 0.224053
2 0.354975 0.360175 0.039975 0.047955
2 0.322006 0.405623 0.058600 0.060116
2 0.158884 0.535584 0.105814 0.102505
1 0.952601 0.648768 0.094382 0.222853
2 0.402124 0.316798 0.038071 0.052454
2 0.493173 0.297433 0.023251 0.031135
2 0.626709 0.267801 0.021095 0.030938
