0 0.020183 0.699506 0.033305 0.090387
0 0.936176 0.596972 0.030246 0.100865
0 0.090992 0.760875 0.050181 0.120686
0 0.793912 0.482082 0.021687 0.074376
0 0.857845 0.419284 0.012193 0.047267
0 0.968989 0.623719 0.025574 0.093937
0 0.214658 0.560330 0.027660 0.095177
3 0.436480 0.480875 0.067648 0.103284
3 0.279521 0.437129 0.075451 0.087254
3 0.635629 0.388921 0.044687 0.078834
2 0.792858 0.444033 0.059920 0.074965
2 0.865117 0.498352 0.104947 0.120116
2 0.325708 0.401546 0.055139 0.067282
2 0.487931 0.368606 0.037717 0.054044
2 0.368237 0.347144 0.038885 0.045394
2 0.401923 0.325499 0.035729 0.031745
2 0.461935 0.310448 0.025849 0.037124
2 0.635473 0.386679 0.044223 0.075583
