0 0.744386 0.386534 0.017380 0.060290
0 0.992262 0.536239 0.015351 0.080432
0 0.961855 0.524354 0.026755 0.076897
0 0.912601 0.457871 0.020176 0.056081
0 0.186954 0.458151 0.018997 0.055727
0 0.135974 0.481471 0.021090 0.068675
0 0.038666 0.586201 0.027169 0.068962
0 0.330972 0.392491 0.017212 0.053741
0 0.086671 0.383929 0.026519 0.093091
1 0.864831 0.689101 0.270300 0.530370
2 0.600297 0.355974 0.036079 0.062154
2 0.469077 0.398949 0.043371 0.068504
2 0.644379 0.511171 0.073257 0.125329
3 0.294102 0.411563 0.076443 0.076156
2 0.832301 0.451876 0.081079 0.078339
2 0.421754 0.349560 0.039257 0.049557
2 0.365643 0.349122 0.041580 0.044292
2 0.395787 0.328179 0.029484 0.038483
2 0.576480 0.303328 0.024075 0.038831
2 0.601573 0.275375 0.022437 0.033792
