0 0.278951 0.432612 0.020129 0.059675
0 0.950327 0.498621 0.021226 0.080418
0 0.766596 0.409352 0.018107 0.058410
0 0.297377 0.430375 0.017440 0.055388
0 0.645793 0.289805 0.014954 0.048315
0 0.787580 0.365967 0.011428 0.048024
0 0.860774 0.419276 0.013649 0.055827
0 0.882574 0.506326 0.018749 0.041873
0 0.739320 0.471234 0.026593 0.076837
2 0.248445 0.750358 0.158422 0.210360
2 0.832340 0.459361 0.089303 0.097702
3 0.294363 0.409625 0.068479 0.070308
2 0.411258 0.630446 0.103572 0.155308
2 0.355127 0.360604 0.036376 0.045478
2 0.454712 0.430119 0.056393 0.092621
2 0.358879 0.356323 0.044029 0.055580
2 0.467660 0.369976 0.037325 0.041630
