0 0.897453 0.522434 0.024895 0.077749
0 0.262742 0.461501 0.023483 0.068217
0 0.090663 0.532493 0.023267 0.073194
0 0.033632 0.545034 0.023638 0.082763
0 0.309501 0.454917 0.022145 0.062225
0 0.946166 0.526471 0.033597 0.082066
0 0.128123 0.633065 0.038323 0.092785
0 0.864137 0.486616 0.024570 0.072604
0 0.771932 0.407538 0.016443 0.059578
0 0.105192 0.625688 0.030493 0.101773
0 0.131578 0.496521 0.019701 0.063228
2 0.351129 0.856403 0.157537 0.259687
3 0.294173 0.409983 0.066802 0.070964
2 0.832738 0.459128 0.088513 0.093936
2 0.254171 0.643199 0.130364 0.142445
3 0.464770 0.394505 0.047423 0.075454
2 0.493329 0.315464 0.029478 0.045332
2 0.367692 0.347967 0.036918 0.045990
2 0.034589 0.964077 0.069177 0.071118
2 0.408161 0.357655 0.039973 0.050480
