0 0.785055 0.359275 0.014546 0.050863
0 0.671807 0.301407 0.015074 0.050748
0 0.962059 0.488511 0.014556 0.057676
1 0.877092 0.785977 0.245788 0.428047
1 0.847439 0.492957 0.191152 0.207037
2 0.738800 0.920918 0.179131 0.158164
2 0.661385 0.743242 0.118815 0.223233
1 0.636590 0.375458 0.080832 0.140468
1 0.952245 0.646910 0.095268 0.227448
2 0.158045 0.534060 0.109158 0.099748
2 0.638422 0.575916 0.076447 0.141305
2 0.352741 0.360630 0.048002 0.046618
2 0.347551 0.454669 0.074753 0.081055
2 0.304590 0.422519 0.064590 0.067559
2 0.486871 0.284523 0.022965 0.028124
