0 0.020050 0.723777 0.040100 0.124257
0 0.835809 0.418810 0.018221 0.057428
0 0.859129 0.434178 0.015258 0.059135
0 0.901870 0.478134 0.023083 0.061838
0 0.877024 0.436531 0.014901 0.057848
0 0.683517 0.317449 0.012229 0.042525
2 0.160392 0.535142 0.108715 0.102142
2 0.321429 0.404232 0.057487 0.062945
2 0.355809 0.361159 0.040878 0.044547
2 0.489896 0.317965 0.025419 0.038938
2 0.458442 0.376090 0.038086 0.069145
2 0.476343 0.347138 0.023591 0.033384
2 0.385874 0.604117 0.094826 0.146755
2 0.484383 0.336382 0.027045 0.046380
