0 0.853523 0.553044 0.030738 0.084417
0 0.025529 0.675720 0.044269 0.104628
0 0.092044 0.643743 0.039703 0.103810
0 0.216826 0.573588 0.031526 0.094254
0 0.742053 0.369515 0.016061 0.050244
0 0.949664 0.495685 0.021205 0.087189
0 0.592373 0.344497 0.014986 0.037660
0 0.991400 0.506415 0.017042 0.075240
1 0.304759 0.504791 0.168865 0.260579
2 0.830722 0.459607 0.084740 0.100466
2 0.481636 0.347182 0.031995 0.044229
3 0.433335 0.423351 0.053899 0.092285
2 0.294299 0.822901 0.176234 0.248520
2 0.398277 0.329238 0.031465 0.037494
2 0.368252 0.346028 0.039654 0.043437
3 0.293497 0.401807 0.070758 0.062740
