0 0.799286 0.812418 0.092811 0.336475
0 0.850192 0.275455 0.041704 0.161435
2 0.703713 0.434942 0.140731 0.243249
2 0.350007 0.380368 0.157659 0.283010
2 0.500164 0.654900 0.186299 0.358779
2 0.296551 0.904704 0.267735 0.190398
2 0.551101 0.381947 0.128438 0.202094
2 0.411169 0.151911 0.095699 0.131239
1 0.213247 0.073500 0.193093 0.145432
1 0.230856 0.760477 0.214584 0.412059
1 0.546724 0.157806 0.157302 0.288385
2 0.439501 0.054831 0.068456 0.083326
3 0.649074 0.892351 0.233590 0.215142
2 0.439935 0.072151 0.069264 0.123074
3 0.236666 0.762109 0.205868 0.416736
2 0.649803 0.892996 0.224110 0.214007
