0 0.129308 0.646178 0.032019 0.105106
0 0.099742 0.670123 0.033616 0.108540
0 0.840217 0.411053 0.017177 0.050978
0 0.327211 0.441348 0.020428 0.068611
0 0.905001 0.456137 0.013415 0.064729
0 0.948094 0.486621 0.020439 0.102721
0 0.860833 0.430034 0.015327 0.042353
0 0.304264 0.435490 0.018250 0.061349
0 0.929007 0.468871 0.017082 0.066718
0 0.225241 0.486344 0.016501 0.051622
0 0.721597 0.383017 0.014595 0.050942
2 0.481124 0.384529 0.043263 0.058883
2 0.868417 0.496476 0.103589 0.109604
2 0.783739 0.456602 0.058504 0.091584
3 0.280996 0.443418 0.079019 0.070759
2 0.165935 0.536535 0.123123 0.103856
2 0.402885 0.318495 0.037614 0.047946
2 0.500765 0.317533 0.026291 0.038936
2 0.324641 0.398372 0.053567 0.064486
2 0.369437 0.343059 0.036725 0.041189
2 0.578646 0.262820 0.018676 0.030095
