0 0.304648 0.510002 0.028781 0.082350
0 0.886136 0.513468 0.025881 0.076622
0 0.084639 0.637846 0.033631 0.104159
0 0.197489 0.530525 0.028992 0.082661
0 0.120185 0.605282 0.024496 0.083171
0 0.964195 0.488859 0.019318 0.067775
0 0.940477 0.486868 0.020513 0.091963
0 0.921355 0.504431 0.026237 0.064898
0 0.639253 0.396655 0.018568 0.055556
0 0.672899 0.394865 0.017526 0.052664
0 0.607469 0.279181 0.012284 0.041737
2 0.230232 0.468384 0.088259 0.073780
2 0.158131 0.532241 0.107103 0.098837
2 0.356583 0.360152 0.041730 0.045565
1 0.593102 0.271763 0.026966 0.041759
