0 0.046213 0.745378 0.039904 0.116878
0 0.038428 0.653059 0.035954 0.093651
0 0.184604 0.554957 0.023092 0.073052
0 0.427932 0.627359 0.044584 0.119011
0 0.070025 0.647194 0.032173 0.086614
0 0.807614 0.388994 0.015641 0.049486
0 0.654297 0.301496 0.014116 0.048529
0 0.737564 0.387919 0.019279 0.056737
2 0.864480 0.501138 0.110080 0.120712
2 0.216640 0.464842 0.074448 0.087648
2 0.598263 0.304115 0.027577 0.046517
2 0.368155 0.348041 0.039651 0.042830
2 0.669964 0.456950 0.060536 0.096487
3 0.409165 0.441749 0.046862 0.093743
3 0.669940 0.456739 0.061177 0.095064
2 0.404134 0.319745 0.038632 0.041113
