0 0.018583 0.685356 0.035931 0.108572
0 0.012825 0.576588 0.025520 0.076341
0 0.782572 0.429984 0.019494 0.057734
0 0.813037 0.392718 0.014152 0.047952
0 0.838530 0.418838 0.014695 0.056405
0 0.951112 0.477279 0.021331 0.112309
0 0.854466 0.420641 0.013762 0.052577
0 0.917748 0.486334 0.024305 0.084390
2 0.725308 0.632346 0.124225 0.202526
2 0.157604 0.537346 0.105075 0.102402
2 0.356783 0.360249 0.041151 0.044518
2 0.229714 0.470817 0.086293 0.077139
2 0.496749 0.314824 0.023841 0.035312
2 0.571527 0.297314 0.021980 0.030758
2 0.216683 0.860769 0.180466 0.264770
