0 0.163727 0.477637 0.017296 0.056468
0 0.958725 0.493046 0.028273 0.081154
0 0.764463 0.406514 0.020994 0.057994
0 0.055198 0.515897 0.016996 0.065166
0 0.792486 0.391394 0.012448 0.046318
0 0.790486 0.387858 0.013774 0.049332
0 0.245136 0.456260 0.020239 0.053843
0 0.337979 0.398726 0.015315 0.047228
2 0.830644 0.458745 0.085345 0.101205
3 0.292290 0.409696 0.070985 0.075582
2 0.321384 0.949010 0.201819 0.101557
2 0.366062 0.348436 0.039798 0.043997
2 0.396652 0.326536 0.032055 0.041070
2 0.626897 0.264748 0.024363 0.032832
