0 0.197921 0.519863 0.027552 0.079123
0 0.949232 0.494224 0.024924 0.094116
0 0.284139 0.531970 0.026860 0.078112
0 0.353073 0.360912 0.017224 0.051007
0 0.857443 0.422015 0.017608 0.053777
0 0.087064 0.382702 0.024829 0.084978
0 0.618603 0.437745 0.024031 0.062321
0 0.621643 0.319983 0.011382 0.037121
0 0.816057 0.403065 0.013814 0.046937
1 0.393113 0.570058 0.143654 0.310709
3 0.293180 0.410518 0.068420 0.078567
2 0.830147 0.461755 0.085486 0.097375
2 0.871411 0.836570 0.232834 0.253777
2 0.900377 0.801009 0.184874 0.265960
2 0.705322 0.375113 0.036184 0.051713
2 0.484463 0.375593 0.039505 0.055840
2 0.822052 0.894747 0.198392 0.209855
1 0.508554 0.293477 0.034897 0.057820
3 0.823575 0.895277 0.201324 0.209447
2 0.712433 0.444460 0.069028 0.111659
2 0.476592 0.311985 0.023883 0.036653
2 0.365439 0.349364 0.026004 0.042071
