0 0.103878 0.626519 0.036861 0.099769
0 0.860439 0.494612 0.022557 0.075882
0 0.716702 0.371599 0.014713 0.045206
0 0.800244 0.454320 0.023226 0.058176
0 0.897310 0.442404 0.016321 0.057650
0 0.957524 0.520262 0.019538 0.077386
0 0.043142 0.600116 0.022810 0.081381
0 0.762355 0.395174 0.015030 0.037731
3 0.294069 0.409414 0.068487 0.068778
2 0.334725 0.783212 0.156156 0.224973
2 0.831473 0.459415 0.079551 0.097502
2 0.477413 0.367835 0.041287 0.057960
2 0.397053 0.329102 0.031763 0.038091
2 0.366588 0.349936 0.039172 0.041962
