0 0.869190 0.419563 0.018856 0.060512
0 0.050922 0.672280 0.031466 0.107919
0 0.394002 0.782072 0.063873 0.143395
0 0.796534 0.396422 0.013288 0.047744
0 0.819308 0.395236 0.015588 0.042770
0 0.438048 0.408252 0.020611 0.053291
3 0.393427 0.446841 0.065602 0.105576
3 0.642845 0.419270 0.061180 0.113926
2 0.602924 0.327697 0.033854 0.055681
2 0.096208 0.967767 0.147207 0.064466
2 0.864325 0.493934 0.109149 0.107862
2 0.217691 0.463839 0.078673 0.090847
2 0.367752 0.343540 0.038592 0.047232
2 0.480760 0.405253 0.041515 0.059682
2 0.421041 0.590397 0.091306 0.142279
2 0.642684 0.423490 0.059744 0.111773
2 0.322313 0.402810 0.071989 0.078616
2 0.406462 0.315809 0.035636 0.046556
