0 0.971854 0.514794 0.025742 0.084371
0 0.483475 0.668083 0.027317 0.110895
0 0.778494 0.416485 0.020400 0.059867
0 0.797105 0.394121 0.014076 0.050589
0 0.188502 0.435338 0.015952 0.055704
0 0.690946 0.447980 0.023145 0.062641
0 0.774394 0.417377 0.020519 0.058806
0 0.492321 0.336033 0.012102 0.038190
0 0.341540 0.411494 0.015123 0.050906
0 0.397174 0.456585 0.021409 0.063438
3 0.279865 0.441800 0.076435 0.087330
2 0.865496 0.505183 0.111756 0.123436
2 0.158813 0.536699 0.110906 0.101890
2 0.368309 0.351049 0.033875 0.042335
2 0.504639 0.288212 0.021213 0.025563
2 0.400325 0.317116 0.037656 0.055280
2 0.626004 0.267660 0.021055 0.032852
