0 0.080211 0.660057 0.035602 0.098987
0 0.969556 0.495941 0.019880 0.073651
0 0.395577 0.406544 0.021230 0.054704
0 0.342039 0.396693 0.017188 0.053082
0 0.923946 0.455891 0.019830 0.057997
0 0.890171 0.441489 0.017612 0.059770
0 0.249355 0.483456 0.019604 0.078356
1 0.896591 0.773284 0.206818 0.453433
2 0.586415 0.348402 0.035854 0.055993
3 0.279651 0.436231 0.080116 0.090516
2 0.870122 0.498808 0.087351 0.115560
2 0.367669 0.348313 0.037124 0.041206
1 0.492360 0.275088 0.035856 0.049778
2 0.653890 0.573105 0.106733 0.189856
2 0.588120 0.280379 0.020300 0.030314
