0 0.816152 0.902127 0.076733 0.192804
0 0.252983 0.158164 0.031962 0.054966
0 0.844910 0.936480 0.098640 0.127026
0 0.634287 0.228039 0.033795 0.117623
0 0.918335 0.465702 0.052815 0.190878
0 0.844485 0.276781 0.032550 0.156119
0 0.862567 0.837663 0.090107 0.324673
0 0.193052 0.110135 0.018654 0.055796
0 0.866316 0.608562 0.071152 0.205200
2 0.696940 0.464024 0.161746 0.207352
2 0.443913 0.072257 0.082471 0.122064
1 0.566935 0.769489 0.440725 0.460798
2 0.561960 0.101918 0.070694 0.084532
2 0.508658 0.394551 0.154645 0.294583
2 0.538133 0.185779 0.098432 0.153201
2 0.407644 0.172406 0.089521 0.113388
3 0.151121 0.120278 0.065218 0.123987
