0 0.976124 0.641810 0.042327 0.100065
0 0.909316 0.459821 0.016490 0.065957
0 0.160951 0.567505 0.021860 0.083212
0 0.771997 0.431053 0.014674 0.061937
0 0.191357 0.428898 0.016884 0.055791
0 0.792436 0.432852 0.013710 0.057913
0 0.806083 0.471650 0.014697 0.058692
0 0.186967 0.626415 0.033334 0.103078
0 0.847854 0.412544 0.013303 0.053988
0 0.967829 0.485011 0.019665 0.066945
2 0.604323 0.345383 0.034338 0.055287
3 0.280070 0.439841 0.080112 0.088349
2 0.868227 0.494329 0.100086 0.109299
2 0.366852 0.348028 0.039704 0.041858
2 0.410794 0.321945 0.050966 0.052493
