0 0.013068 0.568828 0.026022 0.085144
0 0.080290 0.588474 0.028313 0.084547
0 0.806967 0.420479 0.017043 0.062745
0 0.895414 0.444791 0.017644 0.063273
0 0.918470 0.486467 0.028397 0.093382
0 0.852778 0.438144 0.021220 0.059561
0 0.205360 0.439837 0.014875 0.052065
0 0.719216 0.342986 0.013702 0.043833
0 0.282639 0.456729 0.016407 0.051555
1 0.744242 0.552787 0.192632 0.317782
2 0.331727 0.911677 0.186619 0.176645
2 0.356671 0.360280 0.039224 0.045860
2 0.159313 0.535461 0.107744 0.098900
2 0.321716 0.403162 0.059341 0.058238
2 0.627442 0.267050 0.024100 0.034309
2 0.402095 0.318790 0.040809 0.050754
