0 0.730563 0.757831 0.044241 0.144916
0 0.988892 0.522148 0.022082 0.054030
0 0.783493 0.354714 0.016171 0.059619
1 0.879529 0.785162 0.240623 0.429676
2 0.345180 0.860096 0.166461 0.273363
2 0.738970 0.919145 0.176859 0.161710
1 0.859063 0.495477 0.185871 0.207174
1 0.718002 0.491159 0.153136 0.231105
2 0.590176 0.450092 0.056983 0.104323
2 0.615870 0.318617 0.030286 0.037550
2 0.659405 0.754862 0.114439 0.230676
2 0.647498 0.590718 0.075372 0.120215
2 0.158218 0.535228 0.107157 0.102025
2 0.357700 0.360879 0.037974 0.042417
2 0.496501 0.327861 0.028951 0.040880
1 0.952240 0.649956 0.095143 0.216171
2 0.323824 0.404655 0.056051 0.063347
2 0.626627 0.268347 0.020868 0.031083
