0 0.082452 0.689465 0.032897 0.116159
0 0.047040 0.699561 0.038586 0.117167
0 0.829167 0.418401 0.016056 0.054091
0 0.796112 0.382472 0.014909 0.052121
0 0.853721 0.419117 0.016705 0.051998
0 0.284126 0.450570 0.023077 0.070913
0 0.722994 0.362206 0.013568 0.047041
0 0.960609 0.483731 0.018658 0.071972
1 0.374714 0.685062 0.154963 0.326761
2 0.448396 0.469199 0.055325 0.084873
2 0.669516 0.432057 0.057142 0.077137
2 0.864174 0.502229 0.105857 0.124047
2 0.611284 0.318179 0.032565 0.044700
2 0.626779 0.483920 0.068600 0.111028
3 0.279824 0.435061 0.075856 0.085899
2 0.169190 0.536373 0.124033 0.101443
2 0.864827 0.681819 0.148704 0.222885
2 0.626442 0.266202 0.023565 0.032282
2 0.365486 0.347267 0.039186 0.046100
2 0.502469 0.300670 0.030709 0.052237
2 0.152933 0.534826 0.087969 0.100518
