0 0.148308 0.227698 0.041181 0.147168
0 0.710952 0.189581 0.032704 0.118456
0 0.746052 0.538166 0.093415 0.263788
0 0.514660 0.457762 0.071467 0.235241
0 0.543708 0.174822 0.039946 0.144426
0 0.864018 0.283020 0.041976 0.169628
0 0.897298 0.281833 0.038525 0.154791
0 0.399849 0.589137 0.082775 0.211431
0 0.973360 0.453345 0.052596 0.270735
0 0.572368 0.250091 0.049148 0.158014
0 0.937699 0.258417 0.035284 0.149784
0 0.969401 0.414064 0.048827 0.191624
2 0.197000 0.814560 0.236693 0.368715
2 0.385213 0.402073 0.139587 0.226726
2 0.197754 0.748154 0.232317 0.233423
1 0.433174 0.153545 0.166388 0.307090
