0 0.959813 0.492107 0.026231 0.078693
0 0.232811 0.470045 0.020503 0.063796
0 0.784059 0.434487 0.014517 0.057104
0 0.820251 0.472763 0.019898 0.062751
0 0.656791 0.313019 0.012833 0.040458
2 0.607508 0.369110 0.038577 0.061948
3 0.292602 0.410338 0.069053 0.072959
2 0.830423 0.462164 0.084278 0.102445
2 0.332020 0.947357 0.174682 0.105287
2 0.397439 0.329113 0.032368 0.038421
2 0.587211 0.310192 0.026055 0.036677
2 0.500638 0.338729 0.028637 0.042751
2 0.366579 0.347425 0.042962 0.046588
3 0.473965 0.418184 0.047339 0.079871
