0 0.918282 0.492089 0.024143 0.075415
0 0.815706 0.453294 0.022410 0.055272
0 0.907769 0.442157 0.014600 0.059253
0 0.782549 0.401411 0.019242 0.052252
0 0.891643 0.445675 0.015941 0.058735
0 0.667043 0.302802 0.015438 0.047103
2 0.356712 0.359974 0.041269 0.047485
2 0.159273 0.534139 0.109786 0.100744
2 0.229538 0.468352 0.086920 0.078632
2 0.619065 0.342275 0.034406 0.048020
2 0.494992 0.333727 0.030867 0.044826
2 0.415097 0.699271 0.120846 0.180077
2 0.407582 0.317385 0.031324 0.047420
2 0.390133 0.327655 0.035298 0.042452
2 0.585993 0.279259 0.021920 0.031517
