0 0.781390 0.436182 0.018070 0.054336
0 0.980656 0.499047 0.018960 0.063683
0 0.905368 0.448204 0.017716 0.064593
0 0.711182 0.366853 0.019550 0.046436
0 0.215855 0.476677 0.024687 0.077207
2 0.599327 0.372264 0.045952 0.084695
1 0.174011 0.893790 0.323832 0.212421
2 0.830532 0.461819 0.087659 0.099119
3 0.293562 0.410920 0.067223 0.079459
2 0.402637 0.528864 0.081958 0.115486
2 0.697710 0.391780 0.055059 0.078323
2 0.481456 0.308718 0.024226 0.035737
2 0.511217 0.281838 0.023720 0.039334
2 0.368812 0.347077 0.033861 0.045684
2 0.461276 0.435440 0.059023 0.088070
2 0.568213 0.293175 0.020600 0.033694
2 0.396500 0.326596 0.030009 0.043191
