0 0.018561 0.772183 0.036163 0.115886
0 0.183503 0.494974 0.022047 0.062989
0 0.265495 0.474804 0.018007 0.059202
0 0.835925 0.406851 0.014917 0.048308
0 0.147126 0.483574 0.020158 0.058877
0 0.816447 0.403291 0.014104 0.057277
0 0.749203 0.394306 0.017296 0.055966
0 0.165530 0.464806 0.017538 0.050276
3 0.781080 0.862560 0.204078 0.274880
3 0.278460 0.431895 0.077337 0.085130
2 0.580202 0.312759 0.026728 0.037179
2 0.781143 0.861630 0.199921 0.274792
2 0.620614 0.379293 0.042478 0.060672
2 0.726121 0.594805 0.103713 0.153637
2 0.863821 0.500501 0.106832 0.127145
2 0.409660 0.322438 0.046570 0.052001
2 0.366528 0.347060 0.035745 0.043111
2 0.611761 0.331326 0.029865 0.049068
