1 0.699531 0.479403 0.128275 0.230170
1 0.878116 0.785408 0.243768 0.429185
1 0.855845 0.494285 0.190831 0.208161
2 0.738932 0.920597 0.177803 0.158806
2 0.638869 0.575352 0.072328 0.133563
2 0.660967 0.746403 0.118123 0.224126
2 0.356938 0.361774 0.037607 0.042136
2 0.158838 0.534728 0.109678 0.102989
2 0.451788 0.349352 0.036286 0.048780
1 0.952225 0.651777 0.095207 0.213107
2 0.320950 0.406099 0.056165 0.059338
2 0.442520 0.307726 0.029832 0.039013
2 0.568024 0.270815 0.018407 0.029527
2 0.403573 0.319361 0.030476 0.043386
