0 0.979986 0.501548 0.019897 0.069899
0 0.780000 0.368720 0.012216 0.038881
0 0.694847 0.378381 0.022189 0.052637
0 0.764450 0.397334 0.014022 0.028793
0 0.859324 0.499570 0.024985 0.073172
2 0.325127 0.868041 0.176903 0.261641
3 0.294056 0.410016 0.068035 0.074013
2 0.832523 0.457749 0.088254 0.099641
3 0.371728 0.478061 0.062419 0.081001
2 0.265134 0.559863 0.100557 0.110960
2 0.452751 0.390006 0.033135 0.052508
2 0.368018 0.346191 0.042713 0.047521
2 0.500503 0.317358 0.026216 0.044057
2 0.371879 0.477694 0.061530 0.079858
