0 0.766803 0.430224 0.017584 0.059418
0 0.742251 0.378621 0.018609 0.053288
0 0.790083 0.436492 0.015757 0.056734
0 0.842034 0.404382 0.014953 0.049015
0 0.663162 0.399030 0.022971 0.056205
0 0.458788 0.331355 0.012593 0.031704
0 0.822844 0.401791 0.013213 0.048667
0 0.647042 0.300191 0.011458 0.039823
2 0.585677 0.341927 0.036269 0.052536
2 0.830663 0.460242 0.090165 0.094135
3 0.294205 0.410928 0.069486 0.070901
2 0.367532 0.346312 0.038104 0.045139
2 0.498081 0.336854 0.029924 0.043656
2 0.570668 0.275227 0.020347 0.026105
