0 0.829269 0.410465 0.018154 0.057653
0 0.849274 0.413522 0.016706 0.056108
1 0.904168 0.722547 0.191116 0.554907
1 0.643394 0.393344 0.081449 0.151790
2 0.063313 0.740536 0.126626 0.177253
2 0.158942 0.531166 0.108727 0.098689
2 0.230471 0.469700 0.087471 0.072981
1 0.600036 0.293471 0.032620 0.060521
2 0.440229 0.362622 0.037752 0.053279
2 0.360683 0.357707 0.037359 0.038525
1 0.513319 0.249441 0.036609 0.057762
2 0.569947 0.302065 0.021130 0.034940
3 0.640429 0.538389 0.073126 0.165771
1 0.599450 0.303912 0.031581 0.039825
2 0.631642 0.278955 0.025583 0.040171
