0 0.084163 0.684882 0.036196 0.097746
0 0.025872 0.770767 0.046712 0.126200
0 0.246341 0.457131 0.021997 0.059703
0 0.853011 0.418196 0.016123 0.054462
0 0.719675 0.344442 0.016640 0.053299
0 0.907750 0.479363 0.016981 0.084781
2 0.159961 0.533912 0.108073 0.101128
2 0.322204 0.405264 0.055606 0.061519
2 0.356092 0.360243 0.039153 0.046027
2 0.499592 0.348013 0.031400 0.047544
2 0.475938 0.442010 0.049349 0.073718
1 0.303655 0.706895 0.192551 0.288863
2 0.400082 0.323289 0.035836 0.039930
1 0.448355 0.340651 0.054862 0.088493
