0 0.465865 0.634979 0.027346 0.103864
0 0.901122 0.452776 0.021266 0.077276
0 0.834689 0.419140 0.018076 0.053924
0 0.402989 0.366449 0.016734 0.047358
0 0.234728 0.492381 0.020709 0.070987
0 0.804354 0.388823 0.014772 0.044886
0 0.988979 0.516113 0.021672 0.075053
0 0.665604 0.338097 0.013788 0.035302
3 0.280503 0.441478 0.089099 0.086458
2 0.156900 0.536417 0.104591 0.100889
2 0.586953 0.333596 0.029648 0.049948
2 0.865763 0.500677 0.108553 0.116212
2 0.327194 0.402363 0.053323 0.060533
2 0.400985 0.320972 0.039353 0.044787
2 0.571060 0.277635 0.021157 0.032786
2 0.366666 0.349323 0.035137 0.043964
2 0.985658 0.521946 0.028683 0.098557
