0 0.020605 0.747711 0.041209 0.127639
0 0.837095 0.473786 0.021812 0.072069
0 0.865232 0.474162 0.022223 0.067772
0 0.218254 0.522075 0.020305 0.061563
0 0.191729 0.435260 0.017178 0.064616
0 0.917495 0.483074 0.025311 0.100398
0 0.086919 0.385471 0.023307 0.098431
2 0.157853 0.534070 0.107070 0.099163
2 0.357107 0.359941 0.040564 0.046648
3 0.279706 0.438816 0.077983 0.085911
1 0.483684 0.266189 0.047136 0.074723
2 0.326829 0.400807 0.052572 0.058039
1 0.485880 0.273463 0.039688 0.060940
2 0.404860 0.319669 0.034144 0.045367
