0 0.060997 0.715185 0.039053 0.118477
0 0.980562 0.506881 0.023979 0.095767
0 0.936306 0.573017 0.039554 0.102793
0 0.267218 0.910333 0.065127 0.170761
0 0.084261 0.654370 0.034660 0.087635
0 0.387110 0.398587 0.018365 0.047583
0 0.278800 0.433582 0.015007 0.052074
0 0.323107 0.482192 0.023429 0.064713
0 0.614507 0.316035 0.012983 0.032912
2 0.866405 0.495425 0.105452 0.121374
2 0.209301 0.463149 0.095150 0.092101
2 0.580369 0.303646 0.025508 0.037545
2 0.492451 0.344240 0.033190 0.050838
2 0.366137 0.346568 0.038857 0.047292
2 0.403009 0.314187 0.038976 0.054924
