0 0.838290 0.502713 0.037668 0.074184
0 0.345225 0.490331 0.026063 0.072868
0 0.645616 0.275354 0.013055 0.049243
3 0.281123 0.440422 0.079480 0.087496
2 0.107095 0.923335 0.214190 0.153330
2 0.662206 0.392316 0.048826 0.072025
2 0.159464 0.536025 0.103216 0.101551
2 0.406054 0.495561 0.062329 0.094122
2 0.602272 0.372967 0.047919 0.101376
2 0.671296 0.337773 0.036068 0.047859
2 0.868032 0.502564 0.102713 0.122091
2 0.318518 0.739648 0.143014 0.185010
2 0.625921 0.268863 0.022108 0.032499
2 0.372695 0.347164 0.034120 0.045703
3 0.321169 0.738263 0.144034 0.178989
2 0.402561 0.320655 0.038429 0.047456
