0 0.860152 0.433973 0.018319 0.060185
0 0.896613 0.436198 0.015486 0.056008
0 0.878798 0.434899 0.015105 0.056472
0 0.923706 0.495255 0.028572 0.082866
1 0.789920 0.624151 0.249948 0.395219
1 0.697209 0.377938 0.091217 0.117505
2 0.064018 0.735373 0.128036 0.170696
1 0.627461 0.327926 0.058748 0.089127
2 0.843583 0.937058 0.194034 0.125884
2 0.356982 0.361483 0.039468 0.041869
2 0.160272 0.531620 0.106755 0.100794
2 0.613271 0.384676 0.048612 0.073070
2 0.230240 0.467723 0.088470 0.077025
2 0.576946 0.318479 0.028331 0.052119
2 0.407569 0.319300 0.027685 0.041666
2 0.489133 0.284079 0.023973 0.030839
2 0.030231 0.912291 0.060270 0.159367
