0 0.058392 0.682190 0.039495 0.092688
0 0.990567 0.525846 0.018720 0.084925
0 0.918634 0.491589 0.026102 0.077201
0 0.804123 0.449881 0.018982 0.067171
0 0.822221 0.447565 0.015502 0.063747
0 0.080339 0.909169 0.062346 0.179982
0 0.332321 0.749849 0.055819 0.126910
0 0.869776 0.472412 0.027239 0.082611
0 0.151992 0.466469 0.026622 0.058765
2 0.613145 0.341163 0.032616 0.048410
1 0.880255 0.705255 0.182027 0.296890
2 0.154800 0.535428 0.100655 0.095650
2 0.705967 0.510041 0.085571 0.153395
2 0.229418 0.470451 0.086785 0.073940
2 0.623942 0.414059 0.047818 0.077102
2 0.355441 0.362525 0.038624 0.042926
2 0.493388 0.334201 0.036621 0.053102
2 0.584523 0.301235 0.025033 0.042051
2 0.450443 0.288494 0.026067 0.028798
3 0.706890 0.509785 0.085968 0.149912
