0 0.037013 0.739850 0.042760 0.113755
0 0.952061 0.542805 0.027117 0.088984
0 0.923722 0.568756 0.032635 0.097545
0 0.878562 0.433320 0.017017 0.056442
0 0.117437 0.601127 0.029878 0.076053
0 0.899438 0.450137 0.020425 0.064714
0 0.855702 0.432391 0.013191 0.054809
2 0.663563 0.483982 0.076733 0.110741
2 0.159032 0.532493 0.102556 0.093359
2 0.040016 0.649582 0.078792 0.099460
2 0.586912 0.337314 0.029366 0.045070
2 0.492762 0.317285 0.028161 0.037858
2 0.228767 0.469885 0.090018 0.072115
2 0.357540 0.359494 0.044076 0.048218
2 0.406741 0.319381 0.032161 0.044395
