0 0.948563 0.582824 0.034209 0.095465
0 0.134115 0.601049 0.032313 0.086353
0 0.054605 0.598996 0.031760 0.088261
0 0.884542 0.442636 0.015818 0.060256
0 0.179886 0.550910 0.024543 0.080479
0 0.869207 0.440305 0.016053 0.060604
0 0.724168 0.368169 0.018619 0.055140
0 0.848248 0.433906 0.016155 0.057334
1 0.609721 0.308262 0.048210 0.066968
2 0.163228 0.529836 0.106710 0.096644
2 0.357119 0.358450 0.042135 0.044619
2 0.230206 0.467410 0.087433 0.067710
2 0.573080 0.302813 0.025660 0.034649
2 0.405207 0.318688 0.033852 0.046995
2 0.389152 0.332048 0.027355 0.034509
