0 0.173341 0.524915 0.025183 0.069039
0 0.184009 0.441249 0.016337 0.055537
0 0.962020 0.494117 0.020210 0.078443
0 0.091588 0.507122 0.019904 0.078618
0 0.801163 0.390615 0.015629 0.045754
0 0.921223 0.482379 0.022824 0.113378
0 0.918356 0.504541 0.027409 0.096145
0 0.713222 0.401011 0.020070 0.060098
0 0.889777 0.449727 0.021769 0.073352
3 0.293335 0.413482 0.069483 0.074441
2 0.831006 0.461909 0.085710 0.100913
2 0.491265 0.364190 0.037182 0.054190
2 0.366919 0.352263 0.040341 0.041547
2 0.404680 0.329036 0.043151 0.048717
