0 0.032996 0.754163 0.041603 0.116068
0 0.216868 0.511684 0.021851 0.068959
0 0.839420 0.409473 0.019044 0.058167
0 0.952495 0.573500 0.035147 0.082491
0 0.149860 0.487630 0.021807 0.062846
0 0.984399 0.506236 0.020844 0.077849
0 0.919063 0.462409 0.023778 0.068700
0 0.835601 0.498919 0.032232 0.074562
0 0.128372 0.488128 0.016770 0.062584
2 0.710567 0.467079 0.072290 0.098251
3 0.279043 0.435603 0.078608 0.090375
2 0.592258 0.352381 0.032055 0.051171
2 0.367558 0.348619 0.038270 0.041803
2 0.604199 0.422143 0.053513 0.082064
2 0.866990 0.497380 0.098192 0.117089
2 0.409367 0.322123 0.048953 0.050262
2 0.585808 0.305741 0.020549 0.030419
2 0.567367 0.264388 0.018161 0.030207
2 0.788927 0.667170 0.133849 0.186762
