0 0.731058 0.393166 0.017339 0.051944
0 0.084251 0.693985 0.040499 0.104568
0 0.015669 0.742346 0.031332 0.105076
0 0.915322 0.451023 0.016772 0.064167
0 0.783886 0.434413 0.020422 0.063648
0 0.068818 0.613748 0.036775 0.091285
0 0.767388 0.352434 0.013565 0.050579
0 0.834185 0.406859 0.018463 0.054961
0 0.670583 0.373663 0.013704 0.043544
0 0.745321 0.369818 0.013608 0.049012
1 0.344801 0.507478 0.140630 0.247019
3 0.702132 0.599391 0.104223 0.200859
2 0.586861 0.337007 0.031041 0.048087
2 0.864962 0.500365 0.106880 0.124920
1 0.081894 0.930603 0.162984 0.138794
2 0.299778 0.953482 0.155080 0.093036
2 0.623656 0.388448 0.042402 0.064405
2 0.368876 0.346808 0.035939 0.041054
2 0.192434 0.508612 0.105089 0.088003
2 0.401813 0.319429 0.037079 0.041538
3 0.278915 0.433451 0.076026 0.086736
2 0.627444 0.265402 0.022423 0.032114
