0 0.477509 0.662557 0.026400 0.112391
0 0.913708 0.466760 0.026765 0.076184
0 0.631148 0.325079 0.012088 0.036442
0 0.303334 0.443574 0.021199 0.064006
0 0.275971 0.746449 0.066794 0.140796
0 0.804910 0.398105 0.014989 0.041763
0 0.840465 0.419046 0.015705 0.058676
0 0.392852 0.457186 0.025971 0.064283
0 0.609693 0.314926 0.011464 0.033760
0 0.391640 0.687485 0.047414 0.121635
0 0.741219 0.389787 0.016012 0.049118
0 0.866817 0.436373 0.013251 0.038423
0 0.262855 0.501530 0.016716 0.050737
0 0.676451 0.386041 0.016586 0.050858
0 0.611554 0.314753 0.011698 0.036973
2 0.652394 0.509057 0.068420 0.109717
2 0.159657 0.534994 0.106665 0.104344
3 0.279310 0.438555 0.079096 0.084617
2 0.867329 0.503122 0.108065 0.121414
2 0.600580 0.349756 0.037893 0.072866
2 0.462433 0.387893 0.046300 0.067692
2 0.401754 0.320702 0.040348 0.045985
