0 0.582633 0.466969 0.017643 0.070591
0 0.031522 0.799075 0.063045 0.401850
0 0.949330 0.493830 0.024116 0.090781
0 0.873095 0.575172 0.035239 0.082812
0 0.657268 0.336469 0.015866 0.041540
0 0.690817 0.335227 0.012775 0.041318
0 0.880834 0.506229 0.017751 0.037382
0 0.762224 0.395012 0.014963 0.037741
2 0.377115 0.766988 0.137753 0.208547
2 0.349956 0.360799 0.049677 0.046810
3 0.293903 0.410694 0.068854 0.078998
2 0.832299 0.459638 0.089759 0.098300
2 0.477899 0.411593 0.045505 0.073023
2 0.422548 0.449360 0.060567 0.084826
2 0.415598 0.353394 0.038081 0.045950
