0 0.647576 0.052766 0.027436 0.089657
0 0.528266 0.144029 0.051228 0.169373
0 0.587364 0.048722 0.035887 0.097298
0 0.816113 0.236905 0.036531 0.166583
0 0.773482 0.223054 0.034644 0.172519
1 0.503206 0.767105 0.503645 0.465791
2 0.372451 0.433797 0.151809 0.232943
2 0.446257 0.165033 0.083578 0.135205
2 0.476528 0.037403 0.052441 0.074170
2 0.514147 0.342918 0.120437 0.209988
3 0.368467 0.233833 0.105708 0.168845
2 0.164680 0.812535 0.246220 0.374089
2 0.368149 0.235049 0.104172 0.169168
1 0.156007 0.810927 0.280007 0.378145
