0 0.874349 0.430623 0.025722 0.096236
0 0.748633 0.378379 0.016723 0.056898
0 0.087950 0.382550 0.026331 0.092844
0 0.319864 0.490350 0.027311 0.072026
0 0.235574 0.634404 0.037341 0.093431
0 0.817950 0.388865 0.015721 0.050198
0 0.427975 0.359162 0.014963 0.036891
0 0.174479 0.463638 0.022080 0.056401
0 0.852914 0.412178 0.020809 0.063702
0 0.453934 0.356455 0.012750 0.038777
2 0.830291 0.457767 0.085337 0.101435
3 0.147447 0.536874 0.123917 0.113477
2 0.494202 0.363638 0.038210 0.055597
2 0.083149 0.925492 0.165343 0.149015
2 0.365750 0.343907 0.041612 0.045088
2 0.397289 0.321240 0.033662 0.044987
2 0.479705 0.325644 0.026820 0.039737
2 0.149535 0.536640 0.120650 0.117848
