0 0.067496 0.651414 0.034991 0.110340
0 0.971747 0.514381 0.021356 0.074798
0 0.992068 0.511436 0.015276 0.072591
0 0.835937 0.413365 0.018718 0.054276
0 0.909005 0.460462 0.017376 0.059575
0 0.816129 0.412196 0.015709 0.053555
0 0.869796 0.425691 0.015793 0.055680
0 0.668608 0.303205 0.014800 0.047801
0 0.495902 0.356649 0.013269 0.045662
2 0.598985 0.371585 0.041582 0.064774
2 0.875373 0.499044 0.089716 0.116145
2 0.365762 0.343870 0.037157 0.042785
2 0.505090 0.307283 0.023612 0.031189
2 0.217484 0.462401 0.083121 0.091451
2 0.402624 0.319665 0.039723 0.042155
