0 0.596210 0.483778 0.023566 0.079269
0 0.357108 0.372068 0.016371 0.045189
0 0.696419 0.404167 0.013974 0.053763
0 0.153170 0.469551 0.016210 0.057879
0 0.817454 0.399177 0.015005 0.044636
2 0.591603 0.346934 0.034551 0.053191
3 0.277760 0.436883 0.081706 0.089826
1 0.929901 0.874928 0.137909 0.241085
2 0.864391 0.491296 0.090134 0.101762
2 0.380509 0.375638 0.048887 0.057283
2 0.480772 0.302528 0.022828 0.027717
2 0.415063 0.322562 0.047959 0.052382
3 0.449995 0.420487 0.052419 0.068263
2 0.584435 0.285424 0.020113 0.032601
