0 0.076659 0.679400 0.038430 0.110278
0 0.860579 0.516551 0.031291 0.079366
0 0.872245 0.425957 0.016875 0.055108
0 0.174065 0.455815 0.022838 0.058207
0 0.744581 0.390765 0.020994 0.069773
0 0.808643 0.391517 0.015712 0.049384
0 0.983195 0.511678 0.019733 0.076358
0 0.761565 0.349337 0.017025 0.053333
2 0.865830 0.492009 0.097770 0.103114
3 0.279081 0.435184 0.079674 0.090843
2 0.876048 0.902786 0.220659 0.193722
2 0.366246 0.348834 0.040684 0.040659
2 0.409970 0.322016 0.052104 0.051276
2 0.624966 0.312810 0.024939 0.037296
2 0.604087 0.334470 0.033789 0.054160
2 0.575223 0.303918 0.023594 0.036635
