0 0.016057 0.765095 0.031896 0.133399
0 0.215641 0.506389 0.022276 0.069422
0 0.181423 0.544671 0.031584 0.086029
0 0.785460 0.457817 0.019223 0.062283
0 0.804821 0.458131 0.016887 0.059873
0 0.925058 0.469250 0.026362 0.081487
0 0.013077 0.563395 0.025863 0.070610
0 0.138561 0.478516 0.017553 0.061113
0 0.329479 0.942596 0.081057 0.114808
0 0.071688 0.546436 0.021877 0.074272
2 0.937082 0.860781 0.124124 0.274614
2 0.418698 0.660839 0.110333 0.158773
2 0.816387 0.871589 0.180105 0.253523
2 0.494555 0.373734 0.040001 0.054604
2 0.366151 0.348876 0.041499 0.042029
2 0.866441 0.502700 0.105689 0.130260
2 0.482743 0.331463 0.030705 0.046206
2 0.622692 0.343721 0.041614 0.064802
2 0.410173 0.321596 0.048518 0.051943
2 0.491046 0.359066 0.040450 0.086600
2 0.891589 0.865794 0.210780 0.267266
