0 0.048174 0.567673 0.022914 0.084562
0 0.857625 0.419112 0.018070 0.056794
0 0.921229 0.461766 0.022861 0.070130
0 0.154622 0.467706 0.015321 0.038657
0 0.205329 0.512205 0.032965 0.083310
0 0.087687 0.378476 0.025597 0.084877
0 0.348081 0.398481 0.017499 0.050780
0 0.237967 0.416299 0.012195 0.040338
3 0.149966 0.537921 0.124669 0.116970
2 0.831243 0.455441 0.085531 0.098021
2 0.367054 0.344176 0.036738 0.044087
2 0.351240 0.562253 0.088777 0.124703
2 0.500592 0.333525 0.028448 0.050202
2 0.396551 0.321596 0.031718 0.044712
2 0.455522 0.483303 0.056091 0.090969
2 0.150888 0.536343 0.123176 0.120660
3 0.351805 0.563124 0.088535 0.120882
