0 0.967379 0.648376 0.051523 0.113637
0 0.474854 0.721050 0.030497 0.116770
0 0.037891 0.727260 0.064659 0.128972
0 0.369119 0.393234 0.015146 0.055888
0 0.316368 0.445737 0.015669 0.050405
0 0.668104 0.356980 0.013756 0.042114
0 0.393531 0.334289 0.012325 0.041687
2 0.480790 0.382486 0.039404 0.056608
2 0.160763 0.534715 0.105458 0.099040
2 0.793914 0.447466 0.063746 0.084608
2 0.415188 0.668984 0.108823 0.162464
2 0.865719 0.500219 0.099877 0.117736
2 0.464545 0.330414 0.029300 0.037332
3 0.278959 0.434119 0.084471 0.079233
2 0.433399 0.437104 0.054703 0.071230
2 0.369044 0.346872 0.036128 0.040647
3 0.276502 0.449664 0.081142 0.099755
2 0.324257 0.403058 0.054422 0.065478
