0 0.229175 0.177933 0.040886 0.105934
0 0.779186 0.253756 0.034803 0.129463
0 0.579303 0.163649 0.030166 0.115027
0 0.449755 0.640354 0.085329 0.153835
0 0.780937 0.369386 0.044114 0.177568
0 0.519562 0.228611 0.045803 0.106652
0 0.523959 0.197214 0.043265 0.097733
2 0.646039 0.484146 0.160303 0.295281
2 0.420472 0.280006 0.121653 0.176171
2 0.418318 0.133988 0.086052 0.133419
1 0.343401 0.842622 0.450075 0.314756
2 0.216909 0.579022 0.211530 0.236343
2 0.669227 0.048639 0.071664 0.090804
2 0.206920 0.727931 0.232327 0.532256
