0 0.763721 0.417117 0.021662 0.060691
0 0.097447 0.580197 0.029549 0.077458
0 0.139642 0.598596 0.027425 0.091047
0 0.227133 0.495133 0.020760 0.060319
0 0.837128 0.414515 0.018439 0.057651
0 0.938139 0.488095 0.027417 0.097434
0 0.192775 0.787657 0.048007 0.140125
0 0.330997 0.490360 0.025134 0.070488
0 0.911459 0.442977 0.016273 0.067463
3 0.643473 0.357643 0.061226 0.122818
2 0.863378 0.499320 0.109500 0.126452
2 0.367701 0.347579 0.037605 0.041131
2 0.591002 0.304760 0.025439 0.037280
2 0.442969 0.363345 0.035412 0.047187
2 0.487296 0.371729 0.033912 0.051401
2 0.500798 0.319701 0.026799 0.042632
2 0.582804 0.264424 0.017137 0.031021
3 0.433022 0.431648 0.052500 0.078939
2 0.219193 0.463998 0.077332 0.088820
