0 0.137002 0.583962 0.027698 0.079397
0 0.184098 0.541456 0.031211 0.083168
0 0.647326 0.322285 0.015638 0.038766
0 0.895152 0.544265 0.029451 0.079407
0 0.154999 0.460758 0.019511 0.061672
0 0.921920 0.545083 0.020647 0.074230
0 0.028632 0.548235 0.023954 0.075264
0 0.665355 0.321491 0.015779 0.037438
0 0.942034 0.546347 0.020280 0.073310
0 0.717051 0.348652 0.014146 0.044755
0 0.686542 0.328486 0.013001 0.041247
0 0.320551 0.415789 0.021185 0.055301
2 0.254165 0.738662 0.164200 0.200566
2 0.830651 0.460135 0.084874 0.103018
3 0.295230 0.410060 0.073884 0.079383
2 0.429594 0.419269 0.049606 0.064270
2 0.465354 0.348830 0.028246 0.047184
2 0.395638 0.328175 0.030667 0.039885
2 0.367016 0.349360 0.039299 0.040602
2 0.635576 0.399578 0.046983 0.076657
3 0.662971 0.475920 0.071311 0.097984
2 0.449992 0.310658 0.022915 0.032098
