0 0.117616 0.565531 0.029741 0.086416
0 0.067196 0.597775 0.030879 0.078195
0 0.024352 0.798173 0.040973 0.137553
0 0.703243 0.357109 0.012467 0.045998
0 0.900838 0.552198 0.032107 0.080344
0 0.053820 0.566970 0.017025 0.064606
0 0.206059 0.545482 0.033764 0.080370
0 0.154211 0.480695 0.020604 0.055734
0 0.922029 0.464310 0.015274 0.063650
0 0.946856 0.483084 0.023956 0.104884
0 0.066732 0.711690 0.039089 0.100278
2 0.569173 0.327863 0.025707 0.039303
2 0.613357 0.389121 0.040328 0.062446
3 0.279256 0.430740 0.075994 0.083381
2 0.968921 0.588885 0.061633 0.111101
2 0.366868 0.347398 0.038083 0.042520
2 0.864006 0.494473 0.100784 0.106606
2 0.409548 0.321482 0.048062 0.049382
1 0.613801 0.313790 0.044701 0.070792
