0 0.073400 0.648952 0.030051 0.100048
0 0.777223 0.425681 0.016934 0.059107
0 0.038031 0.636040 0.027498 0.092469
0 0.734904 0.421227 0.015426 0.055505
0 0.919296 0.501889 0.031549 0.061338
0 0.726679 0.365090 0.013238 0.040175
0 0.715570 0.419432 0.016726 0.054784
1 0.898325 0.785912 0.203149 0.427750
1 0.277850 0.509493 0.194936 0.363377
2 0.586040 0.370553 0.035109 0.056224
2 0.145857 0.535179 0.084071 0.099144
2 0.628139 0.407912 0.048130 0.076065
2 0.667315 0.390100 0.039290 0.062411
2 0.362113 0.354734 0.035995 0.051589
2 0.394596 0.329401 0.037158 0.036094
