0 0.071900 0.680437 0.034357 0.108784
0 0.989749 0.507760 0.019033 0.077779
0 0.958023 0.498593 0.017028 0.089225
0 0.043367 0.667768 0.032862 0.111223
0 0.901955 0.443142 0.019003 0.065018
1 0.877586 0.785196 0.244728 0.429608
2 0.738879 0.920422 0.177466 0.159157
1 0.858799 0.495513 0.185958 0.201204
1 0.717738 0.492244 0.152905 0.224819
2 0.481197 0.382666 0.039996 0.062105
2 0.663768 0.756853 0.121237 0.226564
2 0.158334 0.534473 0.109670 0.100675
2 0.646459 0.591401 0.075336 0.123586
2 0.322756 0.404972 0.055984 0.061411
2 0.357781 0.360487 0.037148 0.043669
1 0.951724 0.650135 0.096202 0.216931
2 0.591486 0.458604 0.059053 0.102099
2 0.401844 0.321490 0.039158 0.043613
2 0.626352 0.269386 0.021657 0.030314
