0 0.042530 0.750304 0.039249 0.126701
0 0.110943 0.611033 0.028998 0.090978
0 0.812776 0.483301 0.023090 0.066695
0 0.045301 0.721772 0.036945 0.107051
0 0.636238 0.674256 0.043194 0.138822
0 0.136992 0.612695 0.031260 0.080201
0 0.839236 0.407763 0.015111 0.049764
0 0.165369 0.447539 0.021583 0.056699
0 0.761578 0.441811 0.017971 0.061695
0 0.030830 0.586674 0.020819 0.082612
0 0.204080 0.450337 0.017230 0.049733
0 0.431619 0.435407 0.017535 0.052620
2 0.636959 0.495795 0.070552 0.110953
2 0.492701 0.347672 0.036357 0.057089
2 0.614065 0.379236 0.047073 0.076387
2 0.786925 0.627537 0.119724 0.176427
2 0.584519 0.335158 0.029105 0.044839
2 0.367166 0.347008 0.039786 0.043541
2 0.451887 0.337002 0.027582 0.039622
2 0.443482 0.506602 0.058832 0.105108
2 0.863845 0.491808 0.109812 0.106678
3 0.443166 0.504993 0.059308 0.111141
