0 0.951677 0.524480 0.031160 0.092380
0 0.422967 0.406522 0.022676 0.055276
0 0.802417 0.389653 0.015117 0.045507
0 0.902111 0.453467 0.021100 0.064736
0 0.990917 0.527320 0.018012 0.083739
2 0.830573 0.460431 0.082861 0.101652
3 0.293707 0.410100 0.068864 0.074429
2 0.414839 0.369781 0.033080 0.045798
3 0.763836 0.546853 0.109911 0.185049
2 0.369903 0.531603 0.087603 0.123556
2 0.584784 0.267941 0.019459 0.031300
2 0.367372 0.349472 0.036410 0.040536
2 0.462725 0.460310 0.053678 0.089399
2 0.397029 0.328599 0.031371 0.039029
