0 0.853825 0.520813 0.022544 0.073753
0 0.951364 0.584358 0.032112 0.098101
0 0.884942 0.432976 0.014749 0.060758
0 0.769058 0.428833 0.019960 0.058203
0 0.934128 0.591043 0.025735 0.093217
0 0.975319 0.495940 0.019107 0.078714
0 0.790339 0.411327 0.016169 0.058227
0 0.944007 0.587044 0.040884 0.099862
0 0.653710 0.312990 0.014146 0.035149
0 0.922085 0.497995 0.021257 0.075701
2 0.828429 0.454452 0.082092 0.095268
2 0.395774 0.327204 0.033087 0.039608
3 0.293450 0.408052 0.071305 0.066784
2 0.366190 0.348139 0.039371 0.041640
2 0.628423 0.263895 0.024093 0.031632
