0 0.920100 0.495058 0.032391 0.076357
0 0.266174 0.466621 0.020776 0.067769
0 0.662195 0.347755 0.011668 0.042635
0 0.635457 0.338423 0.012325 0.037670
0 0.808615 0.409584 0.012271 0.047679
0 0.823591 0.412626 0.015786 0.049189
0 0.865250 0.414214 0.013253 0.045141
1 0.122119 0.723535 0.243961 0.552931
1 0.729763 0.447642 0.124334 0.204010
2 0.626319 0.465569 0.065301 0.101133
2 0.356957 0.360025 0.042885 0.044932
2 0.233242 0.467333 0.077063 0.074469
2 0.408446 0.315788 0.029827 0.042623
2 0.387557 0.331568 0.027615 0.034684
2 0.590550 0.303562 0.024276 0.029735
2 0.619199 0.299412 0.023341 0.036642
