0 0.041754 0.724708 0.033635 0.119209
0 0.785166 0.438974 0.019474 0.064294
0 0.940561 0.584580 0.034769 0.086832
0 0.669091 0.357734 0.013294 0.043655
0 0.579951 0.404437 0.014307 0.053224
0 0.044589 0.549619 0.032087 0.115094
0 0.691066 0.354109 0.012041 0.040356
0 0.066963 0.719920 0.048372 0.110124
0 0.647460 0.421222 0.018779 0.064652
2 0.293060 0.900908 0.242060 0.198185
2 0.569980 0.310179 0.025022 0.035912
3 0.634425 0.354947 0.035038 0.059235
2 0.366469 0.349301 0.040733 0.040140
2 0.863156 0.494495 0.106454 0.114848
2 0.409424 0.322025 0.046157 0.050682
2 0.435889 0.436594 0.048136 0.071996
