0 0.046230 0.710167 0.040925 0.120161
0 0.198356 0.532531 0.025887 0.072728
0 0.053030 0.565250 0.027139 0.077664
0 0.117268 0.552941 0.026900 0.070008
0 0.771822 0.422381 0.018204 0.058305
0 0.847535 0.416219 0.017159 0.057453
0 0.485602 0.374532 0.016017 0.045602
0 0.784025 0.374555 0.013663 0.050679
0 0.823535 0.401476 0.016324 0.050889
0 0.070144 0.533342 0.018165 0.054950
2 0.913390 0.906411 0.173221 0.186714
3 0.279217 0.436407 0.075485 0.091337
2 0.594427 0.378813 0.042081 0.076054
2 0.672743 0.645675 0.108673 0.206082
2 0.864848 0.495099 0.101622 0.113283
2 0.612577 0.342500 0.026365 0.038083
2 0.367950 0.344705 0.033898 0.042442
2 0.584587 0.292233 0.021658 0.034824
1 0.415423 0.394231 0.083571 0.128908
2 0.408077 0.319972 0.047858 0.045600
