0 0.988100 0.532724 0.023345 0.079614
0 0.846499 0.418955 0.017205 0.056706
0 0.776104 0.403666 0.020431 0.078622
0 0.935144 0.469301 0.018521 0.063985
0 0.271247 0.459314 0.015105 0.048620
0 0.828846 0.399087 0.016499 0.051803
0 0.298076 0.458185 0.020114 0.056440
0 0.957227 0.490202 0.017183 0.080180
0 0.912843 0.467952 0.017497 0.071233
2 0.866353 0.499226 0.110621 0.121209
2 0.367791 0.346887 0.039155 0.045491
2 0.214716 0.462354 0.080896 0.092353
2 0.445557 0.476445 0.061625 0.101150
2 0.403648 0.319545 0.038663 0.040146
2 0.580893 0.262567 0.017400 0.024747
