0 0.976231 0.642691 0.030707 0.099488
0 0.911665 0.549827 0.027694 0.087901
0 0.934072 0.545085 0.024940 0.085593
0 0.886585 0.427125 0.017842 0.066188
0 0.074051 0.557297 0.021077 0.081429
0 0.757376 0.404520 0.021734 0.060814
0 0.228334 0.481425 0.021753 0.060809
0 0.984646 0.495024 0.020269 0.075846
0 0.622047 0.273002 0.013303 0.044666
3 0.146275 0.539100 0.122704 0.119339
2 0.831907 0.455645 0.086805 0.104748
2 0.495630 0.353627 0.035193 0.055463
2 0.367142 0.341799 0.032748 0.037957
2 0.395655 0.323554 0.031662 0.043278
2 0.469561 0.317350 0.024883 0.046062
1 0.185826 0.789518 0.370108 0.420964
2 0.009596 0.696320 0.019191 0.094318
