0 0.136793 0.638932 0.036081 0.095931
0 0.226568 0.494271 0.023514 0.067666
0 0.923977 0.519091 0.031711 0.080098
0 0.894742 0.440543 0.016267 0.059406
0 0.853457 0.428601 0.015390 0.046135
0 0.660300 0.292315 0.014246 0.050791
0 0.181504 0.581927 0.020434 0.061155
0 0.815270 0.407822 0.020025 0.062568
0 0.704310 0.365628 0.015204 0.045677
3 0.458078 0.394932 0.047583 0.065397
2 0.814266 0.634730 0.108980 0.173411
2 0.623516 0.337858 0.032512 0.050524
2 0.165789 0.535334 0.118594 0.102048
2 0.569287 0.307460 0.025119 0.034517
2 0.863217 0.501251 0.107439 0.123089
3 0.279104 0.435153 0.078940 0.086518
2 0.599016 0.304420 0.024089 0.035663
2 0.147845 0.532955 0.082099 0.101225
2 0.401529 0.319584 0.037811 0.043709
2 0.367531 0.346666 0.038305 0.049631
2 0.584141 0.269853 0.020165 0.029229
2 0.510757 0.292231 0.020344 0.028361
