0 0.083336 0.629737 0.046034 0.103509
0 0.268482 0.748075 0.039084 0.126195
0 0.755744 0.478527 0.025387 0.072971
0 0.876386 0.551444 0.030916 0.087876
0 0.279842 0.492957 0.020231 0.063207
0 0.693770 0.358596 0.014221 0.039916
0 0.693021 0.418044 0.019639 0.060092
0 0.351972 0.403011 0.017293 0.056108
0 0.406443 0.514179 0.027434 0.075186
2 0.156937 0.535306 0.100875 0.103907
2 0.792462 0.447492 0.060718 0.079851
3 0.279763 0.436187 0.077452 0.082003
2 0.391745 0.418016 0.056097 0.064889
2 0.866081 0.494134 0.102039 0.105671
2 0.368126 0.347303 0.038012 0.045497
2 0.584494 0.283259 0.019312 0.029154
