0 0.848926 0.423087 0.017616 0.053752
0 0.972964 0.497986 0.023719 0.074912
0 0.920620 0.493252 0.028316 0.074269
0 0.571256 0.382527 0.014000 0.051801
0 0.809319 0.403769 0.019350 0.061315
0 0.640645 0.286342 0.013720 0.056916
0 0.417140 0.432104 0.017172 0.052666
0 0.754979 0.358444 0.014066 0.052896
2 0.163343 0.592092 0.188764 0.144549
2 0.605817 0.358062 0.040390 0.064169
2 0.681022 0.578831 0.094437 0.146938
2 0.573707 0.318593 0.027018 0.042080
2 0.458282 0.448332 0.061869 0.091917
2 0.692191 0.421149 0.055361 0.087987
2 0.232783 0.466148 0.080205 0.068923
