0 0.080215 0.621368 0.029004 0.096027
0 0.144102 0.563055 0.030429 0.086325
0 0.791838 0.381547 0.015483 0.054776
0 0.147425 0.491008 0.016409 0.062724
0 0.949754 0.493613 0.022622 0.092037
0 0.733785 0.379570 0.014075 0.050619
0 0.719042 0.375424 0.013016 0.053365
0 0.898413 0.442153 0.015727 0.053985
0 0.112155 0.526812 0.016467 0.057764
3 0.295458 0.410533 0.075351 0.078713
2 0.350281 0.360698 0.048115 0.047402
2 0.832136 0.459920 0.090182 0.099363
2 0.208534 0.496026 0.090177 0.088006
2 0.372161 0.340500 0.030108 0.046174
