0 0.163242 0.531948 0.026533 0.071789
0 0.896200 0.448273 0.019983 0.064689
0 0.379698 0.502904 0.030283 0.075626
0 0.973692 0.494639 0.019622 0.077819
0 0.022919 0.562557 0.023939 0.077625
0 0.754480 0.405454 0.021191 0.058198
0 0.050532 0.658752 0.023194 0.090844
0 0.787147 0.375706 0.012517 0.045695
0 0.758375 0.404301 0.025941 0.056406
0 0.718584 0.357000 0.014056 0.045026
0 0.952599 0.496809 0.018368 0.083566
2 0.358483 0.777913 0.143302 0.212192
3 0.294546 0.410265 0.075010 0.075990
2 0.831633 0.460740 0.086259 0.100156
2 0.613233 0.346057 0.028142 0.050244
2 0.580590 0.355354 0.037587 0.056213
2 0.395849 0.328203 0.031489 0.039622
2 0.365631 0.348222 0.039092 0.044464
2 0.572418 0.303610 0.020049 0.027591
2 0.644880 0.287794 0.023278 0.031951
2 0.593524 0.311390 0.019818 0.031192
3 0.639618 0.418873 0.050227 0.112047
