0 0.853760 0.743174 0.059910 0.149743
0 0.921551 0.493448 0.026218 0.075555
0 0.973490 0.502796 0.020347 0.058184
0 0.764451 0.352910 0.014738 0.055200
0 0.812764 0.397125 0.017045 0.044529
0 0.717750 0.337278 0.013591 0.041476
2 0.160463 0.532842 0.106240 0.098291
2 0.611683 0.361840 0.044019 0.075033
3 0.435077 0.446904 0.060107 0.101701
2 0.357639 0.360486 0.036340 0.045395
2 0.231029 0.469172 0.086009 0.076021
2 0.353164 0.522159 0.078558 0.102038
2 0.483201 0.402243 0.037091 0.062198
2 0.327014 0.871840 0.160997 0.256320
2 0.475226 0.340032 0.031926 0.044995
2 0.642297 0.540303 0.086944 0.132588
2 0.503819 0.311078 0.024706 0.038722
2 0.385726 0.333125 0.025639 0.032925
2 0.406818 0.315130 0.028943 0.046612
