0 0.658414 0.307750 0.012968 0.034515
0 0.588969 0.384021 0.017894 0.050591
0 0.778310 0.397564 0.015225 0.048270
0 0.065399 0.572100 0.022576 0.075166
2 0.656204 0.415652 0.053345 0.081017
1 0.901244 0.578687 0.075959 0.125878
2 0.577554 0.338691 0.029823 0.044833
2 0.160402 0.533699 0.105331 0.099082
2 0.230953 0.467987 0.085769 0.074293
2 0.355205 0.359602 0.042573 0.046760
2 0.478167 0.366633 0.038665 0.051620
2 0.692240 0.511207 0.081396 0.117990
2 0.386514 0.333616 0.026992 0.033380
3 0.693081 0.509690 0.080484 0.113614
3 0.860113 0.821494 0.204874 0.355725
2 0.407240 0.316746 0.027365 0.042271
2 0.486655 0.315246 0.026433 0.046895
