0 0.341979 0.639706 0.054652 0.112084
0 0.848334 0.422232 0.016983 0.058169
0 0.883143 0.548914 0.023192 0.077588
0 0.954501 0.491526 0.020565 0.089912
0 0.883798 0.427572 0.016684 0.059440
0 0.906312 0.547588 0.023929 0.077585
0 0.760197 0.407276 0.013852 0.053026
0 0.822629 0.405123 0.013770 0.044215
1 0.463800 0.313345 0.042380 0.069662
1 0.618746 0.331759 0.041437 0.076041
3 0.278925 0.435285 0.075146 0.096984
2 0.863253 0.491601 0.096239 0.098499
2 0.574233 0.310879 0.029384 0.046511
2 0.604565 0.384440 0.044973 0.071976
2 0.408053 0.322289 0.044559 0.051037
2 0.367877 0.346127 0.041781 0.044031
