0 0.173225 0.506826 0.030304 0.066415
0 0.121804 0.510106 0.024433 0.070058
0 0.808038 0.398508 0.014874 0.050074
0 0.949234 0.493244 0.026300 0.093742
0 0.385390 0.404839 0.019294 0.049013
0 0.765413 0.417420 0.019873 0.075206
0 0.086215 0.380726 0.022517 0.083967
2 0.191599 0.908391 0.216606 0.183217
3 0.292958 0.411442 0.069285 0.078330
2 0.830404 0.461193 0.086201 0.101584
2 0.396113 0.326740 0.033877 0.044613
2 0.366175 0.349129 0.038540 0.044769
2 0.565598 0.282207 0.023668 0.039261
2 0.644083 0.291050 0.028405 0.031513
2 0.508260 0.312385 0.020641 0.030268
