0 0.793937 0.454403 0.020460 0.070260
0 0.880195 0.434992 0.017603 0.050455
0 0.048305 0.642810 0.026282 0.091712
0 0.343174 0.472169 0.031327 0.082908
0 0.263958 0.451209 0.018352 0.061835
0 0.206171 0.506604 0.024558 0.082287
0 0.154494 0.451441 0.016745 0.058179
0 0.080470 0.241928 0.039417 0.102798
2 0.365189 0.820404 0.156959 0.249107
2 0.864574 0.502011 0.109129 0.121676
2 0.432508 0.517459 0.070796 0.109875
2 0.221523 0.464163 0.065790 0.080314
2 0.362349 0.349675 0.028032 0.038722
2 0.475885 0.294214 0.024064 0.036707
2 0.499105 0.293978 0.022921 0.030154
