0 0.134971 0.652610 0.034927 0.101762
0 0.984461 0.524277 0.027847 0.083717
0 0.849027 0.518819 0.029710 0.083193
0 0.065491 0.699914 0.039908 0.107861
0 0.085690 0.599154 0.024780 0.061699
0 0.223897 0.534016 0.022108 0.068623
0 0.257468 0.488007 0.015353 0.069960
0 0.656426 0.380014 0.016888 0.050134
0 0.896437 0.444791 0.014788 0.057406
0 0.751682 0.440859 0.017122 0.062593
0 0.684551 0.370279 0.016414 0.051845
0 0.427719 0.614967 0.041178 0.108647
0 0.626854 0.382808 0.018031 0.049849
3 0.280303 0.436727 0.073663 0.081283
2 0.155748 0.532066 0.094585 0.104650
2 0.864949 0.490794 0.097518 0.100608
2 0.789479 0.447001 0.072575 0.087381
2 0.576565 0.293882 0.021970 0.033309
2 0.364893 0.348375 0.036252 0.042452
2 0.403873 0.318518 0.040811 0.047315
