0 0.903938 0.444756 0.017216 0.063185
0 0.765475 0.403299 0.018892 0.050236
0 0.883673 0.437003 0.015511 0.051231
0 0.836343 0.412945 0.015290 0.058011
0 0.176518 0.565789 0.027900 0.090027
0 0.862394 0.432661 0.014270 0.044926
0 0.046270 0.542013 0.018863 0.067374
0 0.810396 0.482988 0.021169 0.071213
3 0.278982 0.440982 0.077566 0.084389
2 0.870497 0.498696 0.095444 0.114608
2 0.326367 0.401826 0.054357 0.059950
2 0.159880 0.532518 0.110137 0.097946
2 0.366629 0.348924 0.037444 0.042533
2 0.445777 0.308794 0.029052 0.034404
2 0.510703 0.303216 0.023089 0.043164
