0 0.027858 0.715588 0.038795 0.111896
0 0.189682 0.454603 0.020797 0.059265
0 0.950218 0.493942 0.021962 0.092124
0 0.205934 0.449967 0.017709 0.060718
0 0.840648 0.409532 0.015013 0.041325
0 0.828502 0.475115 0.018987 0.067167
0 0.012196 0.609053 0.024392 0.092296
0 0.806137 0.399297 0.013053 0.041081
0 0.667739 0.305567 0.012352 0.038783
3 0.292508 0.411045 0.070419 0.079053
2 0.626871 0.477516 0.067421 0.108659
2 0.830513 0.459611 0.084437 0.094678
2 0.397404 0.328327 0.029474 0.040181
1 0.577153 0.242695 0.033734 0.052071
2 0.366643 0.348097 0.041094 0.044053
2 0.439995 0.343128 0.031271 0.059875
1 0.573699 0.244588 0.024726 0.049362
