0 0.157570 0.943002 0.056650 0.113772
0 0.970772 0.482975 0.019355 0.078782
0 0.918087 0.451216 0.018712 0.061216
0 0.871258 0.520627 0.022760 0.060846
0 0.894836 0.435279 0.013824 0.057815
0 0.271186 0.431771 0.019603 0.048948
0 0.142094 0.465860 0.018618 0.048336
0 0.790176 0.448547 0.021499 0.060476
2 0.831390 0.454388 0.082930 0.096201
3 0.146305 0.538758 0.122234 0.119548
3 0.384614 0.630110 0.107065 0.169450
2 0.493352 0.353978 0.037440 0.053567
2 0.366678 0.344213 0.038742 0.045147
2 0.395063 0.323342 0.033581 0.045495
