0 0.562018 0.132193 0.038153 0.113994
0 0.436507 0.306402 0.041533 0.176282
0 0.602333 0.709935 0.114989 0.331845
0 0.588817 0.059230 0.032101 0.115812
0 0.888830 0.638593 0.079341 0.220735
0 0.502883 0.030885 0.023830 0.061769
0 0.542073 0.047168 0.027630 0.091445
0 0.878435 0.241791 0.027712 0.059683
0 0.956492 0.257785 0.033656 0.146665
0 0.426481 0.033052 0.027280 0.058884
0 0.909755 0.251605 0.024170 0.095111
0 0.561809 0.510641 0.059880 0.188908
2 0.458070 0.048488 0.062900 0.083510
2 0.294049 0.520511 0.170453 0.277590
2 0.141504 0.251430 0.122472 0.158965
