0 0.215139 0.492896 0.021501 0.069600
0 0.806474 0.426131 0.018535 0.059591
0 0.974412 0.497109 0.028769 0.071766
0 0.920832 0.483631 0.027196 0.101011
0 0.842981 0.421438 0.021125 0.051171
2 0.605545 0.344293 0.036284 0.056638
2 0.711386 0.705631 0.121185 0.220656
2 0.694057 0.493967 0.081218 0.136345
2 0.160015 0.533360 0.104400 0.095917
2 0.412951 0.423680 0.053323 0.067288
2 0.358924 0.356778 0.041946 0.042623
2 0.572433 0.291385 0.020696 0.029886
2 0.466700 0.378839 0.053615 0.089028
2 0.490976 0.280514 0.034574 0.040916
2 0.230938 0.466032 0.088073 0.073639
2 0.389401 0.332094 0.031070 0.036135
2 0.447103 0.287350 0.022863 0.027967
