0 0.174296 0.546804 0.028544 0.082263
0 0.036946 0.696346 0.038213 0.130466
0 0.964618 0.495470 0.022216 0.073963
0 0.027031 0.548943 0.023932 0.072915
0 0.157388 0.461477 0.017218 0.060261
0 0.797355 0.455651 0.016315 0.059948
0 0.352385 0.359505 0.017450 0.051430
0 0.893656 0.456607 0.027148 0.055353
0 0.746164 0.358715 0.012522 0.036295
0 0.672260 0.340762 0.012676 0.038227
2 0.864603 0.493647 0.104043 0.107440
2 0.369092 0.343850 0.041680 0.045984
2 0.216881 0.462231 0.078974 0.092537
2 0.408552 0.314583 0.032799 0.043765
