0 0.254081 0.474952 0.024659 0.075185
0 0.978713 0.508498 0.024913 0.078315
0 0.759198 0.422786 0.019278 0.055346
0 0.235890 0.476731 0.017514 0.069267
0 0.096897 0.533359 0.029800 0.071591
0 0.047676 0.726960 0.041735 0.106999
0 0.219700 0.484291 0.017493 0.069516
0 0.927745 0.496107 0.029842 0.074624
2 0.602198 0.323812 0.033736 0.055810
2 0.159177 0.533719 0.106522 0.097727
2 0.325526 0.402382 0.051545 0.059623
2 0.356596 0.358835 0.041428 0.047074
3 0.279717 0.435198 0.076150 0.087967
1 0.494999 0.299048 0.042837 0.073238
1 0.430033 0.338240 0.070297 0.099852
