0 0.807892 0.477409 0.044691 0.082018
0 0.973310 0.480163 0.019774 0.077857
0 0.973994 0.914711 0.051797 0.169028
0 0.784138 0.362136 0.017382 0.056785
0 0.617267 0.339367 0.013270 0.038099
0 0.595503 0.345798 0.012728 0.038949
0 0.593750 0.268826 0.012019 0.036199
0 0.715145 0.354554 0.015115 0.045317
3 0.280371 0.432814 0.078485 0.084061
2 0.326510 0.400456 0.061540 0.071031
2 0.865943 0.493515 0.097517 0.112935
2 0.217222 0.497997 0.114882 0.081413
2 0.410197 0.321057 0.051059 0.048816
2 0.364711 0.346226 0.038074 0.043711
2 0.573053 0.260630 0.019763 0.029004
2 0.500772 0.281715 0.021289 0.034134
