0 0.645948 0.394954 0.017488 0.058210
0 0.026952 0.729505 0.034362 0.124374
0 0.980943 0.505589 0.021684 0.079534
0 0.865210 0.418420 0.020222 0.061664
0 0.668602 0.391896 0.013386 0.046471
0 0.919450 0.495497 0.024450 0.077554
0 0.706644 0.352465 0.012756 0.042534
0 0.723645 0.356225 0.014029 0.044492
0 0.061749 0.702928 0.042614 0.105538
0 0.339821 0.391541 0.017966 0.045572
0 0.302470 0.412048 0.018810 0.047798
0 0.784989 0.417232 0.014731 0.047700
1 0.835185 0.717489 0.289089 0.524898
2 0.158774 0.536953 0.105680 0.102093
2 0.356173 0.361531 0.039021 0.044156
2 0.405044 0.651614 0.110335 0.160053
2 0.229932 0.470677 0.086130 0.077520
2 0.454597 0.384876 0.042955 0.060158
2 0.490387 0.347542 0.031793 0.048505
2 0.626484 0.432123 0.056001 0.108421
2 0.587140 0.282437 0.023639 0.036716
