0 0.102593 0.571477 0.029541 0.085762
0 0.015117 0.565000 0.027019 0.076711
0 0.934050 0.471755 0.019609 0.060502
0 0.723657 0.363656 0.017809 0.047622
0 0.787335 0.376703 0.012421 0.047019
0 0.685107 0.341560 0.013418 0.040863
2 0.620871 0.425556 0.051959 0.084670
3 0.292257 0.411213 0.073561 0.077840
2 0.827948 0.453193 0.077134 0.084239
2 0.395889 0.326059 0.033568 0.043686
2 0.367043 0.348172 0.040111 0.045196
2 0.644427 0.286031 0.024514 0.032340
2 0.912579 0.919943 0.174842 0.160114
2 0.491433 0.316870 0.026154 0.032079
2 0.894875 0.522933 0.161489 0.162192
2 0.884468 0.529274 0.148302 0.114673
