0 0.975133 0.499514 0.022976 0.080653
0 0.848158 0.461642 0.018602 0.066640
0 0.796598 0.400696 0.015064 0.049029
0 0.815392 0.401998 0.017407 0.046699
0 0.234153 0.805987 0.062002 0.152581
1 0.721099 0.508521 0.161663 0.262585
2 0.602610 0.491321 0.068927 0.106089
1 0.922394 0.816539 0.155167 0.366450
3 0.447310 0.429326 0.055401 0.099443
2 0.157200 0.535098 0.111001 0.099198
2 0.319479 0.404926 0.050453 0.058774
2 0.627053 0.267192 0.023747 0.034511
2 0.418590 0.601773 0.090624 0.133180
2 0.358713 0.360149 0.037319 0.041373
2 0.402261 0.317301 0.039807 0.053569
2 0.489653 0.347940 0.032010 0.051882
