0 0.143667 0.617196 0.034540 0.093738
0 0.849236 0.498991 0.024695 0.077117
0 0.809511 0.411088 0.020425 0.055938
0 0.936068 0.519088 0.029527 0.105563
0 0.013873 0.566042 0.024993 0.082700
0 0.869169 0.489767 0.021815 0.067399
0 0.311474 0.455478 0.020078 0.067956
0 0.988225 0.508509 0.022577 0.073705
0 0.835424 0.417154 0.016587 0.060710
0 0.683273 0.315285 0.011135 0.042806
0 0.915853 0.491247 0.022665 0.072720
0 0.101106 0.525252 0.021346 0.073484
0 0.590224 0.326247 0.011969 0.038751
2 0.793404 0.673824 0.138968 0.197073
2 0.622237 0.422450 0.051701 0.082726
2 0.229048 0.469381 0.089069 0.074424
2 0.356148 0.362386 0.038083 0.042834
2 0.152726 0.533306 0.115780 0.097278
2 0.441358 0.541172 0.068194 0.107473
2 0.514020 0.283219 0.017557 0.028364
2 0.405695 0.317660 0.032000 0.046837
