0 0.012875 0.658667 0.025749 0.093808
0 0.376110 0.551942 0.039772 0.086237
0 0.318971 0.793641 0.056714 0.111382
0 0.476944 0.404626 0.020097 0.052836
0 0.865692 0.506430 0.021959 0.076954
0 0.763795 0.415724 0.018077 0.056786
0 0.782643 0.412219 0.014238 0.056684
0 0.951370 0.499602 0.019552 0.075052
0 0.495523 0.377045 0.015695 0.047229
0 0.592741 0.361919 0.014955 0.041880
0 0.718347 0.352215 0.015451 0.050876
2 0.829493 0.454629 0.082960 0.093888
3 0.292288 0.408914 0.070766 0.073560
2 0.476555 0.355271 0.031273 0.052461
2 0.580600 0.277579 0.019788 0.035251
2 0.362994 0.349520 0.029702 0.042718
