0 0.127973 0.502866 0.024671 0.065710
0 0.836687 0.400644 0.018220 0.055546
0 0.773188 0.403718 0.016538 0.054834
0 0.190014 0.494599 0.020843 0.074349
0 0.857356 0.424447 0.015524 0.049618
0 0.202215 0.471921 0.016059 0.058475
0 0.337920 0.414646 0.023560 0.057092
2 0.364231 0.683042 0.125789 0.169534
2 0.864524 0.491502 0.101296 0.103897
2 0.368051 0.347715 0.037661 0.041259
3 0.279231 0.435445 0.077454 0.092920
2 0.580937 0.326364 0.032544 0.044865
3 0.277352 0.454372 0.078684 0.126574
2 0.369245 0.447091 0.078838 0.086248
