0 0.382061 0.952096 0.069956 0.095556
0 0.709626 0.339354 0.012787 0.047918
1 0.877763 0.784699 0.244434 0.430603
2 0.738699 0.919843 0.178073 0.160315
1 0.861687 0.495534 0.185751 0.209045
2 0.240068 0.859383 0.165757 0.270877
1 0.717901 0.497151 0.149454 0.235529
2 0.593165 0.379187 0.043523 0.074004
2 0.661107 0.746307 0.118642 0.223759
2 0.641332 0.578010 0.068420 0.134569
2 0.159160 0.535190 0.108821 0.100868
2 0.355856 0.359630 0.042291 0.044960
2 0.322322 0.404501 0.057009 0.060392
1 0.952824 0.652162 0.094031 0.218842
2 0.403048 0.318405 0.039572 0.050508
2 0.610156 0.311016 0.031547 0.051145
2 0.515387 0.266345 0.015744 0.026276
