0 0.015451 0.745407 0.030677 0.131258
0 0.054817 0.616249 0.029961 0.090336
0 0.024825 0.628750 0.028490 0.083503
0 0.935727 0.573432 0.031571 0.093679
0 0.897708 0.440641 0.016413 0.064272
0 0.880198 0.435484 0.013426 0.052083
0 0.708103 0.425335 0.020584 0.060214
0 0.839021 0.416894 0.015597 0.058778
0 0.791024 0.376654 0.013697 0.046355
0 0.959207 0.480045 0.016315 0.061735
3 0.278765 0.440499 0.075905 0.086078
2 0.158849 0.534985 0.109127 0.102727
2 0.863828 0.498672 0.110109 0.114235
2 0.324970 0.402708 0.050381 0.055960
2 0.358474 0.359329 0.043263 0.045032
2 0.373397 0.429364 0.042859 0.057740
