0 0.034969 0.752634 0.040365 0.109259
0 0.987306 0.498331 0.024590 0.074754
0 0.919323 0.470660 0.024636 0.073380
0 0.877835 0.429806 0.018882 0.058342
0 0.747236 0.487136 0.026614 0.072000
0 0.123180 0.662193 0.029244 0.105793
0 0.961390 0.831880 0.074004 0.130190
0 0.056338 0.559285 0.023767 0.067766
0 0.712840 0.377996 0.015070 0.043975
0 0.970877 0.641007 0.029097 0.078939
0 0.677668 0.380660 0.017691 0.050694
2 0.236848 0.936388 0.281178 0.127225
2 0.725975 0.696025 0.135147 0.208076
3 0.279141 0.437786 0.077008 0.084014
2 0.865394 0.500839 0.112525 0.124587
2 0.218904 0.493910 0.107222 0.073382
2 0.383083 0.411860 0.068407 0.092597
3 0.439116 0.345655 0.078596 0.102615
2 0.625439 0.265168 0.023982 0.031731
2 0.367875 0.344456 0.038310 0.041663
