0 0.193232 0.445025 0.016576 0.053463
0 0.669992 0.379308 0.014807 0.046548
0 0.681382 0.332774 0.012571 0.032082
0 0.706771 0.318078 0.012110 0.037394
0 0.266250 0.533490 0.035576 0.082680
0 0.617809 0.300646 0.012874 0.046360
1 0.860835 0.754677 0.278045 0.490625
1 0.616837 0.449936 0.094784 0.206534
3 0.291913 0.410874 0.071444 0.077350
2 0.830278 0.460440 0.086150 0.104717
2 0.365806 0.346141 0.038595 0.041759
2 0.396454 0.328502 0.032462 0.040088
2 0.587531 0.313798 0.027571 0.059830
2 0.583519 0.323703 0.029282 0.043296
