0 0.924613 0.467255 0.023913 0.071503
0 0.990138 0.534002 0.019650 0.081841
0 0.339771 0.392485 0.015782 0.047958
0 0.817832 0.397646 0.018135 0.045518
0 0.164488 0.479307 0.017584 0.058187
0 0.621241 0.332722 0.011772 0.036187
2 0.489104 0.361449 0.033915 0.048766
2 0.168194 0.620276 0.121903 0.156967
2 0.866366 0.503486 0.106841 0.132408
3 0.438098 0.503342 0.071545 0.131447
2 0.367320 0.347131 0.037567 0.044147
2 0.482730 0.308529 0.023325 0.035471
2 0.584035 0.275143 0.020969 0.040850
2 0.408841 0.321614 0.043805 0.050072
2 0.435620 0.381155 0.042067 0.062768
