0 0.960926 0.566000 0.022725 0.073846
0 0.971609 0.484411 0.023275 0.074269
0 0.854847 0.419650 0.017495 0.053697
0 0.063617 0.593368 0.029006 0.084377
0 0.821059 0.475509 0.022206 0.072522
0 0.284051 0.365575 0.014592 0.048193
0 0.617338 0.310897 0.012332 0.031148
2 0.831049 0.452928 0.079539 0.094934
3 0.148685 0.536930 0.118006 0.116966
2 0.494554 0.309919 0.030304 0.050867
2 0.465036 0.466704 0.051966 0.088697
2 0.392847 0.326171 0.026481 0.035693
2 0.364101 0.344988 0.043321 0.046764
3 0.432481 0.598523 0.094442 0.130511
2 0.469704 0.327565 0.024624 0.033596
