1 0.866313 0.748410 0.265597 0.503181 0.8846
1 0.759776 0.424007 0.133660 0.160945 0.8539
2 0.142776 0.651797 0.167639 0.140091 0.8429
2 0.659049 0.636193 0.107524 0.208216 0.7446
2 0.228958 0.467883 0.085766 0.076996 0.7414
2 0.600957 0.362360 0.034354 0.051089 0.7293
2 0.357143 0.360226 0.041531 0.045441 0.7079
2 0.158070 0.532353 0.107381 0.099612 0.6910
1 0.906235 0.600817 0.186982 0.338095 0.6715
2 0.613108 0.432559 0.054023 0.089176 0.5777
2 0.039847 0.865207 0.079422 0.251163 0.5147
2 0.390522 0.331826 0.036593 0.039375 0.4131
