1 0.390133 0.373268 0.102403 0.190408 0.8850
3 0.842188 0.521377 0.095055 0.116615 0.7629
2 0.161189 0.533015 0.105617 0.095733 0.7507
2 0.642884 0.609363 0.087030 0.158781 0.7476
2 0.805066 0.836152 0.179804 0.301682 0.7291
2 0.046383 0.910045 0.092131 0.179910 0.6920
2 0.443371 0.544033 0.069580 0.110161 0.6882
2 0.645746 0.342376 0.037812 0.054541 0.6849
2 0.230832 0.465866 0.090907 0.080513 0.6201
2 0.722242 0.539771 0.080213 0.131924 0.6065
2 0.585920 0.315330 0.023989 0.038008 0.6016
1 0.580144 0.261007 0.036156 0.050318 0.5702
1 0.583177 0.251932 0.043646 0.067139 0.5663
1 0.579796 0.268231 0.032195 0.035019 0.4978
