1 0.878673 0.784452 0.242325 0.431096 0.8990
2 0.738597 0.919970 0.176851 0.160061 0.8662
1 0.860228 0.494583 0.185328 0.201340 0.8517
1 0.718270 0.493229 0.151074 0.227932 0.8337
2 0.357728 0.360834 0.038126 0.041397 0.7161
2 0.646309 0.591664 0.075642 0.124401 0.6960
2 0.157949 0.533624 0.106553 0.102874 0.6935
2 0.660784 0.756438 0.115532 0.229449 0.6853
1 0.952320 0.646713 0.095009 0.224533 0.6802
2 0.323110 0.405812 0.058776 0.061152 0.6308
2 0.625724 0.267907 0.021790 0.032301 0.6060
2 0.580916 0.276110 0.020191 0.026861 0.5856
2 0.589090 0.457589 0.055886 0.099785 0.5527
2 0.402627 0.319042 0.040272 0.047976 0.5362
