1 0.789920 0.624151 0.249948 0.395219 0.9084
1 0.697209 0.377938 0.091217 0.117505 0.8705
2 0.064018 0.735373 0.128036 0.170696 0.8387
1 0.627461 0.327926 0.058748 0.089127 0.8041
2 0.843583 0.937058 0.194034 0.125884 0.7495
2 0.356982 0.361483 0.039468 0.041869 0.7457
2 0.160272 0.531620 0.106755 0.100794 0.7258
2 0.613271 0.384676 0.048612 0.073070 0.7024
2 0.230240 0.467723 0.088470 0.077025 0.6968
2 0.576946 0.318479 0.028331 0.052119 0.5294
2 0.407569 0.319300 0.027685 0.041666 0.4999
2 0.489133 0.284079 0.023973 0.030839 0.4451
2 0.030231 0.912291 0.060270 0.159367 0.4235
