2 0.337172 0.897391 0.182691 0.205217 0.8413
2 0.950421 0.916307 0.098611 0.167387 0.8349
2 0.782448 0.853522 0.193931 0.291589 0.8018
3 0.337136 0.464863 0.080055 0.091404 0.7259
2 0.647270 0.503539 0.076892 0.134229 0.7167
2 0.396407 0.587815 0.094988 0.137546 0.7136
2 0.576026 0.331244 0.028784 0.044460 0.7101
2 0.160945 0.532486 0.105053 0.099320 0.7090
2 0.469366 0.435589 0.047317 0.081187 0.7079
2 0.357755 0.359906 0.038248 0.046609 0.7073
2 0.228331 0.466313 0.085813 0.082924 0.6981
2 0.260349 0.897592 0.336809 0.204557 0.6538
2 0.504880 0.304082 0.022845 0.033880 0.5447
2 0.113899 0.942530 0.205170 0.114939 0.5154
2 0.387834 0.333183 0.027499 0.032920 0.4698
