2 0.636575 0.468547 0.064435 0.102876 0.7537
2 0.160992 0.533528 0.106247 0.097959 0.7206
2 0.230014 0.467754 0.086245 0.077738 0.7150
2 0.359035 0.358374 0.042159 0.045654 0.6513
2 0.744620 0.473781 0.084521 0.104903 0.5964
2 0.060733 0.758836 0.121465 0.179247 0.5860
1 0.592945 0.277118 0.050143 0.093524 0.5639
2 0.388981 0.333891 0.029678 0.032804 0.4671
2 0.727860 0.385866 0.059271 0.070000 0.4670
3 0.744975 0.472439 0.082678 0.102868 0.4601
2 0.950041 0.932516 0.099918 0.134968 0.4394
2 0.509302 0.297486 0.021325 0.031540 0.4156
