2 0.899231 0.929232 0.201539 0.141536 0.7980
2 0.693266 0.582870 0.095385 0.148393 0.7450
2 0.870006 0.494350 0.095314 0.106183 0.7125
2 0.417807 0.503815 0.067928 0.086819 0.6999
2 0.602458 0.354198 0.035351 0.056094 0.6772
2 0.312267 0.565690 0.091763 0.117998 0.6641
2 0.631153 0.336478 0.031377 0.047314 0.5758
2 0.436233 0.314479 0.025875 0.039860 0.5228
2 0.586890 0.276408 0.021935 0.032497 0.5133
2 0.408365 0.321794 0.044133 0.049956 0.5110
2 0.366899 0.344606 0.037537 0.042912 0.4520
2 0.506073 0.303786 0.021550 0.040527 0.4279
