1 0.877657 0.785001 0.244604 0.429999 0.9057
1 0.861298 0.494509 0.181743 0.202372 0.8717
2 0.738759 0.920287 0.176606 0.159426 0.8657
1 0.717323 0.494258 0.152280 0.227006 0.8356
2 0.663224 0.756161 0.123077 0.228519 0.7637
2 0.646615 0.591816 0.075962 0.124560 0.6971
2 0.357567 0.358603 0.039981 0.046494 0.6910
2 0.323204 0.404161 0.058091 0.061709 0.6190
2 0.400970 0.321713 0.037320 0.041099 0.5918
2 0.590547 0.459364 0.058570 0.099839 0.5908
2 0.158242 0.530703 0.106771 0.091640 0.5828
1 0.951460 0.652194 0.096716 0.221749 0.5563
2 0.626259 0.268655 0.022630 0.031680 0.5202
