1 0.877713 0.785293 0.244503 0.429414 0.9047
2 0.739172 0.920356 0.177486 0.159289 0.8567
1 0.717334 0.495302 0.149576 0.232765 0.8533
1 0.863250 0.494691 0.182174 0.203376 0.8428
2 0.641321 0.577613 0.068222 0.134233 0.7312
2 0.581608 0.319248 0.030002 0.045421 0.7211
2 0.660949 0.746294 0.118019 0.224053 0.7173
2 0.354975 0.360175 0.039975 0.047955 0.6975
2 0.322006 0.405623 0.058600 0.060116 0.6872
2 0.158884 0.535584 0.105814 0.102505 0.6802
1 0.952601 0.648768 0.094382 0.222853 0.6216
2 0.402124 0.316798 0.038071 0.052454 0.5789
2 0.493173 0.297433 0.023251 0.031135 0.4954
2 0.626709 0.267801 0.021095 0.030938 0.4196
