1 0.879529 0.785162 0.240623 0.429676 0.8948
2 0.345180 0.860096 0.166461 0.273363 0.8692
2 0.738970 0.919145 0.176859 0.161710 0.8672
1 0.859063 0.495477 0.185871 0.207174 0.8660
1 0.718002 0.491159 0.153136 0.231105 0.8182
2 0.590176 0.450092 0.056983 0.104323 0.7898
2 0.615870 0.318617 0.030286 0.037550 0.7451
2 0.659405 0.754862 0.114439 0.230676 0.7430
2 0.647498 0.590718 0.075372 0.120215 0.7358
2 0.158218 0.535228 0.107157 0.102025 0.6845
2 0.357700 0.360879 0.037974 0.042417 0.6753
2 0.496501 0.327861 0.028951 0.040880 0.6595
1 0.952240 0.649956 0.095143 0.216171 0.6560
2 0.323824 0.404655 0.056051 0.063347 0.6276
2 0.626627 0.268347 0.020868 0.031083 0.6128
