1 0.344801 0.507478 0.140630 0.247019 0.8718
3 0.702132 0.599391 0.104223 0.200859 0.8254
2 0.586861 0.337007 0.031041 0.048087 0.7128
2 0.864962 0.500365 0.106880 0.124920 0.6724
1 0.081894 0.930603 0.162984 0.138794 0.6446
2 0.299778 0.953482 0.155080 0.093036 0.6411
2 0.623656 0.388448 0.042402 0.064405 0.6222
2 0.368876 0.346808 0.035939 0.041054 0.5982
2 0.192434 0.508612 0.105089 0.088003 0.5258
2 0.401813 0.319429 0.037079 0.041538 0.5109
3 0.278915 0.433451 0.076026 0.086736 0.4777
2 0.627444 0.265402 0.022423 0.032114 0.4610
