1 0.877618 0.785211 0.244614 0.429577 0.8963
1 0.859772 0.495261 0.188336 0.206331 0.8803
2 0.739246 0.920403 0.178726 0.159193 0.8681
1 0.718585 0.492483 0.154456 0.228816 0.8277
2 0.664220 0.755532 0.123263 0.228480 0.7785
2 0.646796 0.590830 0.075019 0.123222 0.7114
2 0.497542 0.364444 0.034171 0.054210 0.7106
2 0.159021 0.534390 0.107364 0.099409 0.7038
2 0.357296 0.361650 0.037151 0.042074 0.7037
2 0.710506 0.381224 0.051545 0.046154 0.6918
2 0.591688 0.458726 0.060202 0.102248 0.6903
2 0.322527 0.405183 0.056685 0.062136 0.6483
1 0.951693 0.649935 0.096291 0.217213 0.6111
2 0.401053 0.320921 0.038954 0.044806 0.5482
2 0.624551 0.269101 0.020842 0.029648 0.4212
