1 0.393113 0.570058 0.143654 0.310709 0.9066
3 0.293180 0.410518 0.068420 0.078567 0.8008
2 0.830147 0.461755 0.085486 0.097375 0.7889
2 0.871411 0.836570 0.232834 0.253777 0.7848
2 0.900377 0.801009 0.184874 0.265960 0.7642
2 0.705322 0.375113 0.036184 0.051713 0.6896
2 0.484463 0.375593 0.039505 0.055840 0.6793
2 0.822052 0.894747 0.198392 0.209855 0.6744
1 0.508554 0.293477 0.034897 0.057820 0.6362
3 0.823575 0.895277 0.201324 0.209447 0.6181
2 0.712433 0.444460 0.069028 0.111659 0.5472
2 0.476592 0.311985 0.023883 0.036653 0.4651
2 0.365439 0.349364 0.026004 0.042071 0.4058
