1 0.374714 0.685062 0.154963 0.326761 0.8608
2 0.448396 0.469199 0.055325 0.084873 0.7173
2 0.669516 0.432057 0.057142 0.077137 0.7157
2 0.864174 0.502229 0.105857 0.124047 0.6995
2 0.611284 0.318179 0.032565 0.044700 0.6946
2 0.626779 0.483920 0.068600 0.111028 0.6643
3 0.279824 0.435061 0.075856 0.085899 0.6436
2 0.169190 0.536373 0.124033 0.101443 0.6086
2 0.864827 0.681819 0.148704 0.222885 0.5994
2 0.626442 0.266202 0.023565 0.032282 0.5677
2 0.365486 0.347267 0.039186 0.046100 0.5535
2 0.502469 0.300670 0.030709 0.052237 0.4528
2 0.152933 0.534826 0.087969 0.100518 0.4510
