1 0.699531 0.479403 0.128275 0.230170 0.9134
1 0.878116 0.785408 0.243768 0.429185 0.9099
1 0.855845 0.494285 0.190831 0.208161 0.8937
2 0.738932 0.920597 0.177803 0.158806 0.8663
2 0.638869 0.575352 0.072328 0.133563 0.7495
2 0.660967 0.746403 0.118123 0.224126 0.7393
2 0.356938 0.361774 0.037607 0.042136 0.7163
2 0.158838 0.534728 0.109678 0.102989 0.6789
2 0.451788 0.349352 0.036286 0.048780 0.6727
1 0.952225 0.651777 0.095207 0.213107 0.6348
2 0.320950 0.406099 0.056165 0.059338 0.6140
2 0.442520 0.307726 0.029832 0.039013 0.5516
2 0.568024 0.270815 0.018407 0.029527 0.5306
2 0.403573 0.319361 0.030476 0.043386 0.4577
