1 0.877763 0.784699 0.244434 0.430603 0.9015
2 0.738699 0.919843 0.178073 0.160315 0.8714
1 0.861687 0.495534 0.185751 0.209045 0.8447
2 0.240068 0.859383 0.165757 0.270877 0.8310
1 0.717901 0.497151 0.149454 0.235529 0.8223
2 0.593165 0.379187 0.043523 0.074004 0.8051
2 0.661107 0.746307 0.118642 0.223759 0.7392
2 0.641332 0.578010 0.068420 0.134569 0.7308
2 0.159160 0.535190 0.108821 0.100868 0.6817
2 0.355856 0.359630 0.042291 0.044960 0.6708
2 0.322322 0.404501 0.057009 0.060392 0.6557
1 0.952824 0.652162 0.094031 0.218842 0.6506
2 0.403048 0.318405 0.039572 0.050508 0.6204
2 0.610156 0.311016 0.031547 0.051145 0.5071
2 0.515387 0.266345 0.015744 0.026276 0.4228
