1 0.826472 0.471876 0.178693 0.199177 0.9258
1 0.872245 0.777610 0.254766 0.444780 0.9084
2 0.734699 0.907408 0.177415 0.184880 0.8522
1 0.940454 0.633344 0.119091 0.255931 0.7703
2 0.650085 0.688473 0.106077 0.201149 0.7319
2 0.355564 0.360344 0.041291 0.044914 0.6975
2 0.158009 0.528127 0.102166 0.097749 0.6731
2 0.233657 0.464919 0.088237 0.077962 0.6404
2 0.036021 0.743315 0.071605 0.164977 0.6322
2 0.621050 0.506956 0.060474 0.115401 0.6089
2 0.442743 0.333327 0.035361 0.042184 0.5754
1 0.597813 0.310532 0.043100 0.076529 0.5748
2 0.105089 0.611256 0.152037 0.106262 0.5185
2 0.625953 0.269104 0.023050 0.028667 0.4625
2 0.388818 0.338209 0.032861 0.034661 0.4569
2 0.127449 0.606904 0.143217 0.095731 0.4569
