2 0.599327 0.372264 0.045952 0.084695 0.8658
1 0.174011 0.893790 0.323832 0.212421 0.7900
2 0.830532 0.461819 0.087659 0.099119 0.7804
3 0.293562 0.410920 0.067223 0.079459 0.7774
2 0.402637 0.528864 0.081958 0.115486 0.6923
2 0.697710 0.391780 0.055059 0.078323 0.6740
2 0.481456 0.308718 0.024226 0.035737 0.6285
2 0.511217 0.281838 0.023720 0.039334 0.5019
2 0.368812 0.347077 0.033861 0.045684 0.4464
2 0.461276 0.435440 0.059023 0.088070 0.4434
2 0.568213 0.293175 0.020600 0.033694 0.4304
2 0.396500 0.326596 0.030009 0.043191 0.4114
