3 0.458078 0.394932 0.047583 0.065397 0.7477
2 0.814266 0.634730 0.108980 0.173411 0.7326
2 0.623516 0.337858 0.032512 0.050524 0.6878
2 0.165789 0.535334 0.118594 0.102048 0.6625
2 0.569287 0.307460 0.025119 0.034517 0.6615
2 0.863217 0.501251 0.107439 0.123089 0.6598
3 0.279104 0.435153 0.078940 0.086518 0.6473
2 0.599016 0.304420 0.024089 0.035663 0.5818
2 0.147845 0.532955 0.082099 0.101225 0.5181
2 0.401529 0.319584 0.037811 0.043709 0.4500
2 0.367531 0.346666 0.038305 0.049631 0.4420
2 0.584141 0.269853 0.020165 0.029229 0.4152
2 0.510757 0.292231 0.020344 0.028361 0.4086
