1 0.712419 0.507955 0.149307 0.260625 0.9054
1 0.936176 0.759790 0.127413 0.473233 0.8919
2 0.321865 0.404730 0.057355 0.060531 0.6999
2 0.585638 0.413246 0.043037 0.076960 0.6894
2 0.159094 0.534383 0.108362 0.101806 0.6710
2 0.626095 0.267373 0.022999 0.032006 0.6388
2 0.357431 0.360175 0.036671 0.045852 0.6347
1 0.808597 0.510432 0.053413 0.125493 0.5979
3 0.396250 0.559674 0.087712 0.122598 0.5916
2 0.397513 0.561630 0.087133 0.128884 0.4987
2 0.681492 0.771385 0.159916 0.302263 0.4769
2 0.505110 0.295487 0.020001 0.033431 0.4371
2 0.401681 0.317048 0.039004 0.054174 0.4295
