2 0.605545 0.344293 0.036284 0.056638 0.7861
2 0.711386 0.705631 0.121185 0.220656 0.7787
2 0.694057 0.493967 0.081218 0.136345 0.7576
2 0.160015 0.533360 0.104400 0.095917 0.7201
2 0.412951 0.423680 0.053323 0.067288 0.6693
2 0.358924 0.356778 0.041946 0.042623 0.6355
2 0.572433 0.291385 0.020696 0.029886 0.6264
2 0.466700 0.378839 0.053615 0.089028 0.6038
2 0.490976 0.280514 0.034574 0.040916 0.5304
2 0.230938 0.466032 0.088073 0.073639 0.5107
2 0.389401 0.332094 0.031070 0.036135 0.4604
2 0.447103 0.287350 0.022863 0.027967 0.4160
