3 0.393427 0.446841 0.065602 0.105576 0.7646
3 0.642845 0.419270 0.061180 0.113926 0.7270
2 0.602924 0.327697 0.033854 0.055681 0.7047
2 0.096208 0.967767 0.147207 0.064466 0.6531
2 0.864325 0.493934 0.109149 0.107862 0.6204
2 0.217691 0.463839 0.078673 0.090847 0.5849
2 0.367752 0.343540 0.038592 0.047232 0.5338
2 0.480760 0.405253 0.041515 0.059682 0.5331
2 0.421041 0.590397 0.091306 0.142279 0.5156
2 0.642684 0.423490 0.059744 0.111773 0.4227
2 0.322313 0.402810 0.071989 0.078616 0.4196
2 0.406462 0.315809 0.035636 0.046556 0.4150
