1 0.877538 0.785518 0.244901 0.428965 0.8995
2 0.739181 0.920502 0.177563 0.158996 0.8639
1 0.859780 0.495062 0.187031 0.208311 0.8483
2 0.589803 0.427860 0.053515 0.097909 0.8476
1 0.719165 0.494778 0.153101 0.228387 0.8086
2 0.319742 0.749021 0.147704 0.208796 0.7657
2 0.439907 0.373359 0.039911 0.059780 0.7377
2 0.356482 0.361487 0.037124 0.043192 0.7136
2 0.158445 0.535037 0.106929 0.102634 0.6848
2 0.642969 0.582059 0.068329 0.136343 0.6812
2 0.663063 0.755674 0.119921 0.226799 0.6625
2 0.320907 0.404550 0.053662 0.059668 0.6379
1 0.952754 0.649725 0.094057 0.219718 0.6338
2 0.625662 0.267507 0.023771 0.034134 0.5534
2 0.401507 0.319206 0.038280 0.049927 0.4988
2 0.029405 0.699575 0.058309 0.135685 0.4483
