2 0.656204 0.415652 0.053345 0.081017 0.7909
1 0.901244 0.578687 0.075959 0.125878 0.7434
2 0.577554 0.338691 0.029823 0.044833 0.7365
2 0.160402 0.533699 0.105331 0.099082 0.7277
2 0.230953 0.467987 0.085769 0.074293 0.6398
2 0.355205 0.359602 0.042573 0.046760 0.6099
2 0.478167 0.366633 0.038665 0.051620 0.6068
2 0.692240 0.511207 0.081396 0.117990 0.5682
2 0.386514 0.333616 0.026992 0.033380 0.4961
3 0.693081 0.509690 0.080484 0.113614 0.4725
3 0.860113 0.821494 0.204874 0.355725 0.4345
2 0.407240 0.316746 0.027365 0.042271 0.4095
2 0.486655 0.315246 0.026433 0.046895 0.4052
