2 0.703713 0.434942 0.140731 0.243249 0.8943
2 0.350007 0.380368 0.157659 0.283010 0.8840
2 0.500164 0.654900 0.186299 0.358779 0.8652
2 0.296551 0.904704 0.267735 0.190398 0.8516
2 0.551101 0.381947 0.128438 0.202094 0.8395
2 0.411169 0.151911 0.095699 0.131239 0.8329
1 0.213247 0.073500 0.193093 0.145432 0.8057
1 0.230856 0.760477 0.214584 0.412059 0.8001
1 0.546724 0.157806 0.157302 0.288385 0.7063
2 0.439501 0.054831 0.068456 0.083326 0.6939
3 0.649074 0.892351 0.233590 0.215142 0.6396
2 0.439935 0.072151 0.069264 0.123074 0.5903
3 0.236666 0.762109 0.205868 0.416736 0.4888
2 0.649803 0.892996 0.224110 0.214007 0.4115
