1 0.877092 0.785977 0.245788 0.428047 0.9192
1 0.847439 0.492957 0.191152 0.207037 0.8957
2 0.738800 0.920918 0.179131 0.158164 0.8656
2 0.661385 0.743242 0.118815 0.223233 0.7872
1 0.636590 0.375458 0.080832 0.140468 0.7796
1 0.952245 0.646910 0.095268 0.227448 0.7231
2 0.158045 0.534060 0.109158 0.099748 0.7005
2 0.638422 0.575916 0.076447 0.141305 0.6845
2 0.352741 0.360630 0.048002 0.046618 0.6350
2 0.347551 0.454669 0.074753 0.081055 0.4812
2 0.304590 0.422519 0.064590 0.067559 0.4572
2 0.486871 0.284523 0.022965 0.028124 0.4169
