1 0.668496 0.369432 0.080278 0.124271 0.8086
2 0.600813 0.360754 0.039958 0.070572 0.7952
1 0.412007 0.345262 0.084067 0.155294 0.7668
2 0.471551 0.424759 0.048034 0.074111 0.7276
2 0.721681 0.769817 0.145563 0.256117 0.7270
2 0.864048 0.501599 0.109406 0.126739 0.7040
3 0.426935 0.528981 0.081242 0.122900 0.5944
2 0.676553 0.481328 0.071712 0.106970 0.5667
2 0.979221 0.662746 0.041506 0.135098 0.4833
2 0.601914 0.284797 0.017146 0.033531 0.4744
2 0.427570 0.529703 0.079902 0.126691 0.4710
2 0.366318 0.348728 0.029625 0.040256 0.4018
