1 0.864977 0.748499 0.268199 0.503002 0.9042
1 0.812302 0.445579 0.169109 0.155311 0.8921
2 0.667467 0.714898 0.119202 0.229310 0.8469
2 0.230353 0.469115 0.087472 0.074018 0.7331
2 0.356880 0.360321 0.040224 0.043974 0.7279
2 0.160628 0.531775 0.102927 0.098455 0.7271
2 0.621294 0.400709 0.041143 0.067394 0.7165
1 0.583115 0.275580 0.032858 0.051680 0.6521
1 0.921960 0.625662 0.156009 0.292320 0.6448
2 0.621312 0.498556 0.063756 0.105915 0.5911
2 0.342006 0.449453 0.064677 0.074265 0.5878
2 0.396765 0.331940 0.037043 0.036130 0.4843
