2 0.160463 0.532842 0.106240 0.098291 0.7370
2 0.611683 0.361840 0.044019 0.075033 0.7212
3 0.435077 0.446904 0.060107 0.101701 0.7158
2 0.357639 0.360486 0.036340 0.045395 0.7134
2 0.231029 0.469172 0.086009 0.076021 0.7115
2 0.353164 0.522159 0.078558 0.102038 0.6343
2 0.483201 0.402243 0.037091 0.062198 0.5978
2 0.327014 0.871840 0.160997 0.256320 0.5937
2 0.475226 0.340032 0.031926 0.044995 0.5724
2 0.642297 0.540303 0.086944 0.132588 0.5675
2 0.503819 0.311078 0.024706 0.038722 0.5570
2 0.385726 0.333125 0.025639 0.032925 0.4515
2 0.406818 0.315130 0.028943 0.046612 0.4419
