1 0.904168 0.722547 0.191116 0.554907 0.9023
1 0.643394 0.393344 0.081449 0.151790 0.8747
2 0.063313 0.740536 0.126626 0.177253 0.8076
2 0.158942 0.531166 0.108727 0.098689 0.7174
2 0.230471 0.469700 0.087471 0.072981 0.7054
1 0.600036 0.293471 0.032620 0.060521 0.5837
2 0.440229 0.362622 0.037752 0.053279 0.5835
2 0.360683 0.357707 0.037359 0.038525 0.5824
1 0.513319 0.249441 0.036609 0.057762 0.5677
2 0.569947 0.302065 0.021130 0.034940 0.5633
3 0.640429 0.538389 0.073126 0.165771 0.5481
1 0.599450 0.303912 0.031581 0.039825 0.5134
2 0.631642 0.278955 0.025583 0.040171 0.4793
