1 0.878906 0.784574 0.241825 0.430851 0.9016
1 0.860037 0.495475 0.184846 0.198322 0.8561
1 0.717733 0.492746 0.151090 0.229203 0.8410
2 0.741966 0.920570 0.170416 0.158860 0.8169
2 0.450894 0.413747 0.052897 0.073817 0.7510
2 0.356014 0.361718 0.038679 0.042929 0.7244
2 0.157423 0.533889 0.109064 0.103904 0.7232
2 0.321946 0.405010 0.057225 0.062421 0.6989
2 0.646504 0.590778 0.074659 0.123355 0.6983
1 0.952220 0.646372 0.095175 0.224098 0.6903
2 0.660470 0.756584 0.116719 0.228841 0.6881
2 0.589913 0.457376 0.055057 0.099093 0.6222
2 0.583195 0.307510 0.023671 0.035503 0.5614
2 0.403229 0.319971 0.039400 0.046624 0.5126
