1 0.877586 0.785196 0.244728 0.429608 0.9085
2 0.738879 0.920422 0.177466 0.159157 0.8646
1 0.858799 0.495513 0.185958 0.201204 0.8302
1 0.717738 0.492244 0.152905 0.224819 0.8260
2 0.481197 0.382666 0.039996 0.062105 0.7807
2 0.663768 0.756853 0.121237 0.226564 0.7454
2 0.158334 0.534473 0.109670 0.100675 0.7030
2 0.646459 0.591401 0.075336 0.123586 0.7020
2 0.322756 0.404972 0.055984 0.061411 0.6886
2 0.357781 0.360487 0.037148 0.043669 0.6839
1 0.951724 0.650135 0.096202 0.216931 0.6432
2 0.591486 0.458604 0.059053 0.102099 0.6170
2 0.401844 0.321490 0.039158 0.043613 0.5844
2 0.626352 0.269386 0.021657 0.030314 0.5097
