1 0.900823 0.825721 0.197474 0.348228 0.9299
1 0.716498 0.507376 0.148483 0.254597 0.8756
1 0.868257 0.531094 0.182491 0.268920 0.7893
2 0.650688 0.623635 0.080632 0.156204 0.7696
2 0.682271 0.835088 0.140413 0.288124 0.7544
2 0.322237 0.405195 0.057335 0.062325 0.7166
2 0.590892 0.384759 0.041817 0.069559 0.7053
2 0.159921 0.531390 0.105746 0.092066 0.6954
2 0.357314 0.361549 0.037173 0.043866 0.6907
2 0.625354 0.267057 0.022802 0.032834 0.6335
2 0.590601 0.458001 0.060312 0.098947 0.5855
1 0.962002 0.624655 0.075483 0.140334 0.4660
