2 0.922057 0.724054 0.152927 0.223275 0.8076
3 0.654136 0.456400 0.074463 0.113614 0.8052
3 0.292482 0.411227 0.071981 0.078181 0.7927
2 0.831181 0.461217 0.085929 0.101779 0.7644
2 0.586670 0.341568 0.034245 0.055012 0.7333
2 0.419227 0.407455 0.050757 0.075027 0.7159
2 0.641325 0.377092 0.038838 0.058356 0.6949
2 0.696153 0.802157 0.137658 0.271666 0.6337
3 0.743971 0.585685 0.112425 0.187290 0.5077
2 0.498215 0.290872 0.022612 0.028612 0.5003
2 0.396426 0.327966 0.034919 0.045839 0.4948
2 0.452526 0.289801 0.024907 0.026272 0.4514
2 0.653415 0.460605 0.075622 0.114307 0.4455
2 0.567781 0.282123 0.018864 0.033032 0.4125
