0 0.463804 0.335602 0.110060 0.230173 0.8396
0 0.225975 0.340353 0.156421 0.220403 0.8235
0 0.645307 0.861639 0.045215 0.152023 0.7809
0 0.751018 0.829696 0.031635 0.099555 0.7796
0 0.678645 0.836310 0.027772 0.100594 0.7714
0 0.810879 0.854066 0.035681 0.158062 0.7596
0 0.353086 0.353576 0.076485 0.189714 0.7501
0 0.551688 0.881385 0.041085 0.210894 0.7379
0 0.802446 0.201871 0.139199 0.120783 0.7221
0 0.952210 0.816091 0.028034 0.095119 0.7057
0 0.848668 0.848801 0.043672 0.164978 0.6906
0 0.582637 0.882112 0.041410 0.207981 0.6897
0 0.887224 0.825158 0.030003 0.114267 0.6896
0 0.708091 0.832411 0.027063 0.096852 0.6831
0 0.973872 0.813850 0.024254 0.093980 0.6743
0 0.779323 0.832710 0.025735 0.086109 0.5372
0 0.610025 0.877608 0.033507 0.184404 0.5209
0 0.992106 0.812790 0.015649 0.084321 0.4397
