0 0.161379 0.130634 0.058392 0.212218 0.9432
0 0.124956 0.106113 0.044413 0.210693 0.9287
0 0.073203 0.037834 0.038304 0.075598 0.9280
0 0.448522 0.310491 0.053329 0.196851 0.9280
0 0.478722 0.367817 0.059261 0.079433 0.9002
0 0.731626 0.214944 0.103180 0.374205 0.8822
0 0.279091 0.046562 0.051159 0.091841 0.8600
0 0.625538 0.142350 0.046285 0.208244 0.8448
0 0.307333 0.097791 0.048636 0.194436 0.8408
0 0.823081 0.203266 0.191473 0.404647 0.8318
0 0.127997 0.016698 0.051371 0.033396 0.8120
0 0.659891 0.143398 0.039664 0.197545 0.7896
0 0.174448 0.023962 0.044068 0.047923 0.7863
0 0.211801 0.024312 0.045570 0.047671 0.7309
0 0.113898 0.376480 0.049471 0.065783 0.7241
0 0.619397 0.034076 0.045515 0.067271 0.7008
0 0.252894 0.770880 0.143017 0.123674 0.6102
0 0.897822 0.204893 0.203979 0.409785 0.6014
