0 0.710112 0.542172 0.048172 0.213758 0.9531
0 0.736315 0.655474 0.052935 0.232615 0.9514
0 0.450283 0.360865 0.052650 0.193046 0.9409
0 0.405796 0.663535 0.049247 0.229030 0.9408
0 0.235412 0.227866 0.036673 0.163619 0.9394
0 0.329759 0.805366 0.050723 0.217668 0.9385
0 0.417553 0.336446 0.040314 0.195690 0.9352
0 0.585152 0.322650 0.044861 0.191925 0.9280
0 0.653900 0.052733 0.040044 0.105466 0.9259
0 0.651652 0.104186 0.041731 0.111997 0.9218
0 0.370784 0.259972 0.035077 0.100355 0.9167
0 0.422520 0.192569 0.048895 0.153890 0.9107
0 0.462239 0.204041 0.037985 0.167921 0.9041
0 0.175989 0.228961 0.037188 0.160764 0.9038
0 0.474609 0.895676 0.063525 0.208648 0.8984
0 0.278156 0.184970 0.039079 0.166950 0.8983
0 0.247771 0.179140 0.028405 0.154136 0.8983
0 0.551252 0.805465 0.065163 0.250102 0.8955
0 0.063444 0.550838 0.047653 0.221100 0.8954
0 0.556968 0.221630 0.045487 0.207887 0.8934
0 0.495983 0.209442 0.042388 0.153131 0.8804
0 0.215500 0.329250 0.043624 0.179167 0.8794
0 0.148110 0.198958 0.029488 0.164212 0.8559
0 0.219066 0.156106 0.035665 0.155094 0.8494
0 0.749921 0.052499 0.029696 0.104379 0.8455
0 0.571233 0.936379 0.072610 0.127241 0.8426
0 0.926066 0.309741 0.033797 0.177214 0.8308
0 0.296213 0.053665 0.026922 0.096175 0.8295
0 0.868521 0.366897 0.041374 0.190218 0.8220
0 0.862489 0.139300 0.035739 0.146617 0.8177
0 0.936495 0.548085 0.053841 0.222811 0.8126
0 0.262946 0.072464 0.037187 0.108827 0.8062
0 0.176955 0.144591 0.033832 0.137836 0.7977
0 0.201253 0.054479 0.039207 0.107501 0.7894
0 0.662234 0.913087 0.077232 0.173827 0.7871
0 0.961570 0.525702 0.043689 0.229423 0.7790
0 0.827550 0.101525 0.031049 0.126806 0.7707
0 0.900353 0.363958 0.036226 0.183283 0.7659
0 0.753507 0.135902 0.037057 0.142544 0.7658
0 0.896353 0.284832 0.026091 0.107229 0.7089
0 0.978023 0.317699 0.025171 0.156720 0.6983
0 0.956488 0.321951 0.031786 0.176336 0.6963
0 0.866757 0.223098 0.043504 0.161501 0.6050
0 0.232348 0.052901 0.031998 0.102519 0.5931
0 0.982398 0.312554 0.030001 0.157356 0.4601
0 0.895150 0.265982 0.028179 0.133636 0.4433
