0 0.889486 0.785366 0.201099 0.429269 0.9477
0 0.458336 0.381913 0.048561 0.202737 0.9465
0 0.192166 0.205960 0.054025 0.192564 0.9417
0 0.159633 0.178609 0.041006 0.198013 0.9349
0 0.111921 0.101645 0.036215 0.104054 0.9333
0 0.485887 0.433082 0.054887 0.093147 0.9263
0 0.677726 0.805027 0.131690 0.387626 0.9163
0 0.291071 0.205114 0.052335 0.201618 0.9072
0 0.373333 0.789962 0.134488 0.417229 0.9039
0 0.262683 0.806737 0.156876 0.386525 0.9016
0 0.164776 0.056592 0.048838 0.113185 0.8921
0 0.025546 0.061979 0.036055 0.123958 0.8764
0 0.302296 0.049065 0.050770 0.097754 0.8377
0 0.215991 0.046452 0.038420 0.092904 0.7990
0 0.940373 0.252182 0.119253 0.446915 0.7705
0 0.701779 0.315175 0.251882 0.334855 0.5656
0 0.164882 0.447128 0.049847 0.064034 0.5203
0 0.779261 0.268937 0.100623 0.251581 0.4397
0 0.645940 0.187069 0.107404 0.270561 0.4177
