0 0.710295 0.542604 0.048151 0.212847 0.9515
0 0.736027 0.655211 0.052652 0.231259 0.9508
0 0.417403 0.337373 0.040443 0.195092 0.9481
0 0.329883 0.803341 0.050714 0.220585 0.9399
0 0.450166 0.363152 0.054033 0.190980 0.9359
0 0.653917 0.052597 0.039909 0.105194 0.9274
0 0.406683 0.669645 0.048978 0.228990 0.9266
0 0.651871 0.104631 0.041730 0.111461 0.9265
0 0.552627 0.829214 0.065937 0.252523 0.9164
0 0.370654 0.259836 0.035397 0.099852 0.9127
0 0.061422 0.586356 0.051624 0.221293 0.8919
0 0.422387 0.193337 0.049456 0.156622 0.8772
0 0.640410 0.885314 0.066990 0.229372 0.8718
0 0.557264 0.169607 0.050266 0.178556 0.8598
0 0.233996 0.225641 0.038135 0.174638 0.8485
0 0.278790 0.193873 0.037689 0.152990 0.8433
0 0.502141 0.910698 0.055529 0.178604 0.8359
0 0.855318 0.342318 0.042563 0.179788 0.8339
0 0.559686 0.344685 0.054867 0.197775 0.8334
0 0.923062 0.522961 0.040320 0.230713 0.8332
0 0.882950 0.337797 0.033017 0.165560 0.8212
0 0.750618 0.107044 0.038786 0.153870 0.8204
0 0.858484 0.122943 0.038804 0.165152 0.8146
0 0.597258 0.947032 0.053653 0.105937 0.7989
0 0.808711 0.108492 0.031317 0.127980 0.7886
0 0.887652 0.125653 0.028938 0.150058 0.7735
0 0.713157 0.068561 0.036366 0.134634 0.7725
0 0.934569 0.283758 0.032204 0.163327 0.7524
0 0.946256 0.494226 0.038631 0.220706 0.7475
0 0.472057 0.178195 0.036494 0.151895 0.7450
0 0.211470 0.323556 0.048049 0.199818 0.7331
0 0.842186 0.093824 0.034395 0.159581 0.7315
0 0.843900 0.197527 0.038665 0.168927 0.7270
0 0.441758 0.154356 0.035121 0.171234 0.7212
0 0.173926 0.232786 0.034937 0.164262 0.7189
0 0.268162 0.081607 0.036327 0.102517 0.6985
0 0.989239 0.286628 0.021522 0.179041 0.6935
0 0.963874 0.282495 0.028944 0.162506 0.6930
0 0.224256 0.155737 0.028928 0.143770 0.6749
0 0.882996 0.262054 0.028502 0.101605 0.6569
0 0.149205 0.173040 0.026122 0.140637 0.6264
0 0.203638 0.052662 0.038697 0.103139 0.5777
0 0.172680 0.149053 0.031606 0.136942 0.5023
0 0.241858 0.054713 0.033245 0.106881 0.4961
0 0.267830 0.101688 0.037362 0.137233 0.4641
