0 0.183436 0.272601 0.051619 0.228609 0.9499
0 0.153969 0.349659 0.056692 0.157906 0.9482
0 0.041123 0.060357 0.039924 0.119876 0.8859
0 0.463851 0.271516 0.259318 0.312202 0.8857
0 0.309074 0.830983 0.042716 0.262266 0.8845
0 0.020485 0.941846 0.040809 0.113798 0.8729
0 0.013898 0.049305 0.027796 0.098081 0.8590
0 0.836828 0.263843 0.159731 0.131617 0.7975
0 0.019440 0.158909 0.038880 0.209789 0.7814
0 0.167715 0.485490 0.046119 0.116860 0.6726
0 0.122991 0.465925 0.041649 0.075279 0.5736
0 0.206139 0.458446 0.041551 0.059072 0.4395
