0 0.108157 0.064270 0.043970 0.117879 0.9374
0 0.727045 0.299463 0.044077 0.201232 0.9367
0 0.623248 0.701404 0.294438 0.597192 0.9360
0 0.691368 0.312580 0.058699 0.174017 0.9321
0 0.777052 0.220756 0.036675 0.103368 0.9295
0 0.291970 0.787806 0.135828 0.424389 0.9218
0 0.478516 0.058087 0.044803 0.113862 0.9206
0 0.107011 0.031459 0.042992 0.062918 0.9164
0 0.475890 0.027651 0.046574 0.055301 0.9053
0 0.323601 0.316637 0.059198 0.166072 0.9050
0 0.723548 0.152653 0.050430 0.161916 0.8977
0 0.209086 0.131667 0.053266 0.197331 0.8969
0 0.044565 0.048346 0.036584 0.096538 0.8883
0 0.920021 0.186520 0.040609 0.182868 0.8790
0 0.579884 0.125949 0.052185 0.185361 0.8787
0 0.572315 0.303815 0.056780 0.190618 0.8614
0 0.220622 0.313507 0.053778 0.171637 0.8483
0 0.154178 0.620226 0.094419 0.417964 0.8450
0 0.946638 0.289554 0.048635 0.196139 0.8396
0 0.908676 0.140127 0.029227 0.160826 0.8394
0 0.874098 0.147418 0.040452 0.174133 0.8383
0 0.246825 0.784913 0.092423 0.426750 0.8315
0 0.012838 0.064530 0.025676 0.129060 0.8119
0 0.936545 0.105353 0.036888 0.170702 0.8074
0 0.346876 0.299315 0.026085 0.199561 0.8019
0 0.415523 0.042882 0.034356 0.085764 0.7522
0 0.983843 0.193106 0.030777 0.182907 0.7493
0 0.077568 0.644547 0.069324 0.238800 0.7374
0 0.327987 0.120182 0.036910 0.173739 0.7069
0 0.699085 0.116748 0.037033 0.181266 0.6726
0 0.143917 0.708691 0.059180 0.244634 0.6558
0 0.892501 0.040802 0.041216 0.081604 0.6521
0 0.345042 0.152325 0.033736 0.159823 0.6420
0 0.666933 0.125993 0.035174 0.160151 0.6321
0 0.123647 0.881476 0.200261 0.237047 0.6291
0 0.375139 0.063183 0.037783 0.123588 0.5755
0 0.024497 0.732155 0.048956 0.535689 0.5546
0 0.295290 0.139597 0.039153 0.156253 0.5495
0 0.854640 0.025698 0.029916 0.050689 0.5049
0 0.982710 0.100305 0.032779 0.136717 0.4944
0 0.959453 0.027174 0.043927 0.053772 0.4775
0 0.108040 0.804081 0.166745 0.391839 0.4294
0 0.077237 0.557201 0.087196 0.313487 0.4160
0 0.917876 0.025366 0.034945 0.050732 0.4117
