0 0.710096 0.542360 0.048171 0.212606 0.9539
0 0.736167 0.655274 0.052579 0.231285 0.9527
0 0.417173 0.337025 0.040035 0.195137 0.9520
0 0.450212 0.362596 0.053399 0.194108 0.9391
0 0.329800 0.804770 0.050387 0.219052 0.9365
0 0.406064 0.664500 0.048217 0.228761 0.9355
0 0.651735 0.104580 0.041145 0.111205 0.9265
0 0.653929 0.052765 0.039535 0.105531 0.9259
0 0.560376 0.346398 0.054841 0.194863 0.9224
0 0.370782 0.259944 0.035626 0.099763 0.9172
0 0.063018 0.564093 0.048959 0.216827 0.9005
0 0.421819 0.194033 0.049082 0.153842 0.8953
0 0.551238 0.821019 0.069024 0.254166 0.8939
0 0.494871 0.211967 0.041117 0.154769 0.8929
0 0.277638 0.188226 0.038775 0.159838 0.8872
0 0.176438 0.228604 0.034464 0.166807 0.8861
0 0.235313 0.223802 0.038210 0.175311 0.8798
0 0.460880 0.203931 0.037375 0.166323 0.8674
0 0.557155 0.163002 0.051172 0.189692 0.8613
0 0.214247 0.332458 0.046875 0.186900 0.8595
0 0.489378 0.904098 0.066269 0.191805 0.8543
0 0.147910 0.199835 0.028435 0.172795 0.8460
0 0.935781 0.542047 0.050399 0.221083 0.8367
0 0.264702 0.077367 0.037490 0.103886 0.8104
0 0.201613 0.052842 0.039753 0.104617 0.7979
0 0.643123 0.885722 0.069662 0.228557 0.7953
0 0.863379 0.138252 0.037577 0.157457 0.7944
0 0.575924 0.947004 0.067598 0.105653 0.7915
0 0.751774 0.124649 0.036654 0.152742 0.7841
0 0.866558 0.365042 0.042677 0.195637 0.7840
0 0.957347 0.328130 0.032282 0.177721 0.7764
0 0.899759 0.363540 0.034650 0.179887 0.7690
0 0.219941 0.155078 0.034516 0.158214 0.7665
0 0.247076 0.179892 0.025965 0.156014 0.7620
0 0.926952 0.301582 0.034549 0.180245 0.7528
0 0.176098 0.148496 0.030958 0.132933 0.7358
0 0.958085 0.522872 0.040113 0.230229 0.7277
0 0.233776 0.052969 0.034774 0.105893 0.7111
0 0.296775 0.053428 0.026427 0.100460 0.6954
0 0.987424 0.304829 0.025152 0.165410 0.6102
0 0.896350 0.275481 0.027494 0.113021 0.5089
0 0.828620 0.103207 0.030678 0.126194 0.4493
0 0.900690 0.277927 0.028171 0.127621 0.4446
0 0.864325 0.224587 0.042049 0.144934 0.4147
