0 0.036861 0.687309 0.073632 0.558462 0.8823
0 0.654311 0.204374 0.293120 0.369988 0.8742
0 0.195903 0.687526 0.098153 0.573862 0.8240
0 0.949368 0.868717 0.028249 0.103658 0.8049
0 0.152247 0.044516 0.043519 0.089033 0.8040
0 0.682299 0.849134 0.025088 0.110217 0.7929
0 0.041851 0.064913 0.040339 0.129826 0.7922
0 0.038079 0.280529 0.044501 0.201080 0.7437
0 0.012182 0.062838 0.024276 0.125676 0.7356
0 0.114503 0.727615 0.107104 0.475131 0.7035
0 0.014931 0.281744 0.029609 0.208802 0.6860
0 0.195067 0.028338 0.039858 0.056676 0.6555
0 0.041330 0.140452 0.049071 0.164431 0.5249
0 0.054507 0.125407 0.048587 0.168335 0.4886
0 0.093495 0.043033 0.036758 0.086066 0.4753
