0 0.743720 0.447066 0.051722 0.227965 0.9572
0 0.111109 0.536229 0.051640 0.227082 0.9548
0 0.083168 0.659678 0.055967 0.252042 0.9485
0 0.715511 0.570234 0.056607 0.250421 0.9479
0 0.435034 0.667696 0.051870 0.241505 0.9360
0 0.423015 0.318283 0.043275 0.211415 0.9339
0 0.472995 0.237188 0.037647 0.105721 0.9248
0 0.387506 0.345588 0.057912 0.209411 0.9238
0 0.516302 0.755789 0.054483 0.104440 0.9172
0 0.172681 0.070103 0.044230 0.115325 0.9170
0 0.376135 0.172097 0.040281 0.170464 0.9117
0 0.170815 0.034951 0.042588 0.069902 0.9086
0 0.418272 0.164168 0.052570 0.166297 0.9080
0 0.828206 0.732230 0.068868 0.153561 0.9009
0 0.604419 0.153333 0.029187 0.161469 0.8951
0 0.908510 0.760587 0.071138 0.095607 0.8830
0 0.571909 0.156135 0.040592 0.176551 0.8775
0 0.806699 0.019376 0.047420 0.036305 0.8759
0 0.341087 0.182712 0.044418 0.156781 0.8748
0 0.617121 0.195994 0.038883 0.194033 0.8662
0 0.274805 0.200815 0.047365 0.210021 0.8572
0 0.278914 0.743067 0.069212 0.132428 0.8561
0 0.632886 0.310431 0.034516 0.196017 0.8548
0 0.630918 0.131189 0.035292 0.155368 0.8278
0 0.986932 0.063193 0.026136 0.126023 0.8181
0 0.939508 0.282926 0.048467 0.205518 0.8174
0 0.245814 0.305112 0.048228 0.200741 0.8157
0 0.918731 0.057528 0.045755 0.114477 0.8105
0 0.063911 0.105241 0.035238 0.144264 0.7920
0 0.551757 0.032853 0.030148 0.065131 0.7883
0 0.852112 0.967408 0.063031 0.065184 0.7772
0 0.768008 0.942567 0.025587 0.105416 0.7231
0 0.590359 0.042806 0.037344 0.085611 0.7110
0 0.068227 0.034426 0.031988 0.068852 0.5989
