0 0.972242 0.740639 0.051332 0.229891 0.9498
0 0.272174 0.424199 0.055842 0.111849 0.9367
0 0.643860 0.876244 0.053352 0.235445 0.9346
0 0.354249 0.334321 0.052993 0.246615 0.9315
0 0.561334 0.953157 0.055308 0.087507 0.9256
0 0.986230 0.865972 0.027540 0.256423 0.8908
0 0.690616 0.566108 0.059232 0.175888 0.8897
0 0.654697 0.555079 0.042970 0.154256 0.8681
0 0.801029 0.930258 0.069913 0.139484 0.8363
0 0.436448 0.548807 0.047622 0.140430 0.7772
0 0.143998 0.037198 0.046399 0.074396 0.7620
0 0.857513 0.534759 0.047825 0.113919 0.7050
0 0.393826 0.045778 0.030926 0.091518 0.6759
0 0.367712 0.042196 0.046207 0.084084 0.6685
0 0.332905 0.877539 0.037981 0.110710 0.5904
0 0.772114 0.212555 0.427759 0.421590 0.5541
