0 0.282178 0.709647 0.053442 0.229542 0.9511
0 0.174204 0.262290 0.057887 0.208647 0.9481
0 0.139328 0.238154 0.044176 0.216090 0.9474
0 0.679832 0.659450 0.043130 0.141815 0.9433
0 0.310304 0.829487 0.058097 0.251484 0.9416
0 0.715115 0.671615 0.056771 0.162525 0.9385
0 0.087660 0.152080 0.037605 0.109003 0.9292
0 0.666655 0.929821 0.055092 0.140358 0.9290
0 0.862674 0.651115 0.045545 0.126183 0.9282
0 0.293241 0.073568 0.054355 0.147136 0.8980
0 0.110142 0.958392 0.077628 0.083215 0.8790
0 0.987886 0.848919 0.024228 0.237596 0.8774
0 0.396366 0.020878 0.044812 0.040928 0.8756
0 0.143267 0.083122 0.054536 0.164327 0.8651
0 0.281765 0.255972 0.055319 0.220088 0.8487
0 0.465441 0.654838 0.032545 0.135210 0.8410
0 0.442335 0.460032 0.015566 0.228764 0.7289
0 0.164959 0.067452 0.044115 0.134372 0.7276
0 0.134561 0.541531 0.055230 0.099845 0.6515
0 0.201903 0.069125 0.040888 0.138250 0.5933
