0 0.233154 0.266248 0.048898 0.168393 0.9617
0 0.406914 0.673698 0.183101 0.645616 0.9410
0 0.078375 0.093662 0.056544 0.186049 0.9169
0 0.100961 0.676425 0.201790 0.647150 0.8852
0 0.878849 0.716221 0.220908 0.552369 0.8822
0 0.399109 0.108153 0.042053 0.203347 0.8566
0 0.458901 0.071254 0.031423 0.142507 0.8427
0 0.488067 0.084057 0.022727 0.166350 0.8231
0 0.424808 0.037189 0.030547 0.074379 0.8183
0 0.395148 0.022332 0.041167 0.044664 0.7706
0 0.431016 0.100987 0.039779 0.186395 0.7643
0 0.261011 0.320434 0.055112 0.060995 0.7446
0 0.485687 0.245256 0.032119 0.205050 0.7082
0 0.313571 0.657113 0.222818 0.607497 0.6832
0 0.467924 0.262177 0.048068 0.177841 0.6828
0 0.621266 0.247626 0.121315 0.148209 0.6786
0 0.151404 0.659710 0.112539 0.513456 0.6594
0 0.523912 0.549231 0.047793 0.213145 0.5183
0 0.842645 0.718754 0.152169 0.548071 0.4518
0 0.870370 0.246892 0.141610 0.204452 0.4430
