0 0.051892 0.054108 0.040181 0.107772 0.9446
0 0.756503 0.407180 0.045057 0.217767 0.9439
0 0.792813 0.434681 0.058373 0.212151 0.9395
0 0.104773 0.135200 0.045449 0.208959 0.9392
0 0.270879 0.618804 0.541757 0.759217 0.9380
0 0.142416 0.148913 0.057527 0.180546 0.9380
0 0.704715 0.317724 0.039651 0.113082 0.9353
0 0.660320 0.907028 0.055285 0.182539 0.9293
0 0.899872 0.433330 0.058538 0.215363 0.9123
0 0.761294 0.285941 0.053730 0.093784 0.9076
0 0.109558 0.032724 0.053592 0.065448 0.8986
0 0.825036 0.274897 0.039809 0.071076 0.8594
0 0.912655 0.930945 0.078375 0.138110 0.8527
0 0.912011 0.277950 0.050996 0.078439 0.8443
0 0.613256 0.296608 0.044929 0.113043 0.8388
0 0.756863 0.801542 0.056462 0.259669 0.8202
0 0.169141 0.017943 0.040169 0.035886 0.8183
0 0.234662 0.160251 0.048699 0.156154 0.8175
0 0.984200 0.935141 0.031519 0.128857 0.7804
0 0.563375 0.306330 0.026804 0.134744 0.6381
0 0.792308 0.270226 0.030251 0.059887 0.4198
