0 0.710112 0.542412 0.048053 0.212706 0.9514
0 0.736472 0.655820 0.052780 0.232550 0.9503
0 0.417077 0.336787 0.039820 0.195354 0.9467
0 0.449524 0.362789 0.052347 0.191659 0.9380
0 0.652075 0.104497 0.041721 0.112309 0.9308
0 0.330328 0.807186 0.050885 0.213291 0.9308
0 0.653776 0.052307 0.040089 0.104613 0.9224
0 0.370345 0.259994 0.035549 0.100553 0.9151
0 0.546083 0.357761 0.052802 0.198100 0.9109
0 0.554908 0.862725 0.067568 0.248208 0.8916
0 0.061391 0.617264 0.053445 0.220263 0.8899
0 0.421441 0.192552 0.048700 0.156981 0.8839
0 0.772896 0.954843 0.052063 0.090313 0.8775
0 0.712179 0.069561 0.036580 0.136862 0.8753
0 0.556245 0.160548 0.050658 0.191666 0.8566
0 0.228513 0.277667 0.038890 0.160641 0.8464
0 0.750719 0.088704 0.038574 0.141107 0.8431
0 0.239605 0.230363 0.037461 0.160386 0.8401
0 0.286399 0.212789 0.036743 0.149863 0.8385
0 0.854308 0.112752 0.037347 0.166164 0.8337
0 0.529074 0.918731 0.059578 0.162331 0.8296
0 0.475946 0.180559 0.038916 0.146377 0.8293
0 0.636336 0.867566 0.064999 0.225691 0.8263
0 0.418963 0.683225 0.047657 0.228670 0.8231
0 0.190197 0.293471 0.040305 0.169805 0.8230
0 0.880730 0.104162 0.030015 0.157172 0.8144
0 0.696135 0.945744 0.052116 0.108511 0.8062
0 0.273422 0.123430 0.039011 0.158579 0.8042
0 0.836128 0.084994 0.035413 0.159077 0.8012
0 0.925720 0.442089 0.041216 0.204858 0.7932
0 0.918480 0.263862 0.035270 0.155811 0.7881
0 0.136826 0.175494 0.036925 0.135017 0.7818
0 0.442617 0.155389 0.033556 0.169882 0.7776
0 0.983779 0.293554 0.032204 0.170455 0.7708
0 0.979869 0.590493 0.039720 0.198204 0.7705
0 0.894939 0.474743 0.047605 0.203781 0.7664
0 0.157341 0.236511 0.043040 0.164948 0.7546
0 0.840424 0.308798 0.036581 0.185821 0.7166
0 0.201900 0.133611 0.033826 0.148582 0.7094
0 0.792424 0.091211 0.040055 0.128902 0.7020
0 0.234633 0.124142 0.036998 0.134819 0.6965
0 0.170061 0.153442 0.034575 0.144467 0.6938
0 0.982415 0.517490 0.035170 0.206158 0.6783
0 0.956072 0.276279 0.037566 0.165065 0.6707
0 0.877501 0.263540 0.029692 0.141792 0.6439
0 0.854877 0.325710 0.038918 0.192550 0.5533
0 0.843594 0.190791 0.038858 0.155103 0.5391
0 0.640999 0.966538 0.055893 0.066925 0.4667
