0 0.867499 0.854909 0.265002 0.287434 0.9555
0 0.225530 0.500492 0.055784 0.156382 0.9500
0 0.198089 0.425804 0.051543 0.222932 0.9499
0 0.582586 0.859832 0.137599 0.279480 0.9471
0 0.745978 0.820739 0.175914 0.227201 0.9343
0 0.423956 0.851103 0.148248 0.295958 0.9281
0 0.042956 0.220859 0.058788 0.209515 0.9162
0 0.036347 0.064639 0.052400 0.129279 0.9156
0 0.242599 0.036683 0.037123 0.071848 0.8905
0 0.815988 0.853001 0.184266 0.284230 0.8482
0 0.920554 0.712142 0.039604 0.058690 0.6936
0 0.204426 0.819128 0.113978 0.186236 0.6891
0 0.137170 0.012105 0.043604 0.023770 0.5084
