0 0.163971 0.772487 0.061417 0.221205 0.9508
0 0.253090 0.070236 0.044236 0.140115 0.9432
0 0.126345 0.744649 0.046383 0.229570 0.9407
0 0.396711 0.478442 0.048044 0.121412 0.9379
0 0.290404 0.083238 0.058733 0.166116 0.9367
0 0.462254 0.928104 0.052783 0.143792 0.9333
0 0.073088 0.655058 0.039777 0.111943 0.9263
0 0.403844 0.080390 0.057609 0.160780 0.9093
0 0.132366 0.579440 0.057721 0.176946 0.8993
0 0.318598 0.730553 0.051330 0.216649 0.8940
0 0.398650 0.447027 0.049567 0.054205 0.8821
0 0.286942 0.606419 0.052026 0.240431 0.8709
0 0.179024 0.592181 0.042528 0.190855 0.8681
0 0.214722 0.600759 0.044750 0.176357 0.8391
0 0.013667 0.051322 0.027285 0.102643 0.7054
0 0.256244 0.356916 0.058298 0.125198 0.6933
