0 0.079858 0.248947 0.054997 0.200179 0.9527
0 0.196794 0.231749 0.056952 0.205583 0.9431
0 0.046374 0.220887 0.042280 0.207194 0.9428
0 0.352210 0.381313 0.050425 0.114558 0.9360
0 0.572672 0.289641 0.114942 0.297223 0.9301
0 0.191788 0.068665 0.052824 0.137329 0.9188
0 0.092986 0.084958 0.039551 0.167213 0.9129
0 0.128140 0.090729 0.042633 0.160259 0.9097
0 0.051816 0.075141 0.052197 0.149669 0.9038
0 0.395203 0.041574 0.035523 0.083148 0.8979
0 0.776178 0.288295 0.088732 0.251384 0.8975
0 0.710704 0.777627 0.197120 0.367812 0.8852
0 0.691347 0.286649 0.124758 0.298026 0.8807
0 0.115991 0.750897 0.054814 0.314929 0.8768
0 0.901867 0.802108 0.186781 0.389807 0.8762
0 0.855719 0.283635 0.089933 0.260096 0.8593
0 0.291967 0.017995 0.046583 0.034762 0.8472
0 0.008570 0.137593 0.017140 0.110443 0.6247
