0 0.107273 0.659084 0.054493 0.243476 0.9512
0 0.533374 0.912203 0.052280 0.175594 0.9429
0 0.077736 0.781562 0.058612 0.249046 0.9406
0 0.683395 0.785033 0.248658 0.329902 0.9359
0 0.388612 0.231835 0.040875 0.113504 0.9338
0 0.335425 0.318420 0.046622 0.221037 0.9283
0 0.069019 0.058679 0.046891 0.113959 0.9254
0 0.912795 0.780013 0.173295 0.334551 0.9218
0 0.292513 0.883242 0.069977 0.233516 0.9125
0 0.066308 0.026482 0.048393 0.052039 0.8949
0 0.299177 0.347493 0.060791 0.205500 0.8774
0 0.794518 0.661085 0.103009 0.191934 0.8613
0 0.401317 0.935290 0.067484 0.129421 0.8527
0 0.443697 0.804325 0.055041 0.247578 0.8475
0 0.964156 0.221347 0.071006 0.436349 0.8437
0 0.917543 0.649784 0.064614 0.178806 0.8395
0 0.283151 0.171592 0.048379 0.185310 0.8375
0 0.606681 0.251842 0.073111 0.427939 0.8261
0 0.177336 0.206131 0.051387 0.213216 0.8247
0 0.245442 0.176989 0.048228 0.172709 0.8235
0 0.330376 0.157532 0.055320 0.178606 0.8227
0 0.741620 0.240723 0.104769 0.415049 0.8208
0 0.770066 0.238785 0.066265 0.420563 0.7923
0 0.777326 0.784855 0.103294 0.285339 0.7809
0 0.125019 0.288290 0.044703 0.213459 0.7805
0 0.526133 0.152912 0.030036 0.185931 0.7764
0 0.014552 0.458083 0.029002 0.062622 0.7682
0 0.662979 0.246254 0.074060 0.434551 0.7547
0 0.414036 0.539133 0.060249 0.098140 0.7195
0 0.510511 0.036017 0.041456 0.072035 0.7013
0 0.546272 0.111219 0.025090 0.189257 0.6476
0 0.854361 0.715309 0.033883 0.095163 0.6000
0 0.495979 0.149518 0.044430 0.185877 0.5551
0 0.297302 0.973320 0.069194 0.053361 0.5540
0 0.653494 0.155344 0.052074 0.253726 0.5343
