0 0.037601 0.378714 0.059761 0.260505 0.9536
0 0.352444 0.080045 0.058413 0.160090 0.9525
0 0.066904 0.251566 0.053310 0.233345 0.9507
0 0.400965 0.385160 0.053538 0.243236 0.9405
0 0.388283 0.067372 0.043581 0.134687 0.9396
0 0.491340 0.753147 0.143099 0.255119 0.9207
0 0.911176 0.278308 0.114573 0.458980 0.9178
0 0.803638 0.253734 0.128017 0.499530 0.9153
0 0.484566 0.464448 0.055294 0.085245 0.9132
0 0.230065 0.071858 0.062021 0.143716 0.9130
0 0.239907 0.468318 0.073295 0.078844 0.8522
0 0.610929 0.062880 0.050184 0.125761 0.8223
0 0.970404 0.294512 0.058957 0.427435 0.8166
