0 0.253295 0.336194 0.043449 0.211049 0.9511
0 0.288225 0.365386 0.056206 0.207073 0.9461
0 0.203272 0.253185 0.037643 0.107760 0.9448
0 0.409113 0.345448 0.058996 0.207031 0.9312
0 0.258068 0.182659 0.052764 0.166096 0.9059
0 0.057673 0.219547 0.039261 0.185015 0.8916
0 0.300415 0.197184 0.041000 0.170659 0.8899
0 0.404787 0.150173 0.056204 0.201056 0.8843
0 0.101390 0.174487 0.043111 0.177392 0.8682
0 0.498471 0.041716 0.027757 0.083313 0.8536
0 0.337642 0.204218 0.044218 0.162656 0.8382
0 0.034259 0.330413 0.050051 0.206034 0.8352
0 0.069300 0.167533 0.029828 0.172095 0.8064
0 0.086930 0.055795 0.039920 0.111212 0.7794
0 0.042210 0.144267 0.037248 0.169023 0.7391
0 0.006223 0.214176 0.012345 0.185016 0.7173
0 0.496912 0.084259 0.026317 0.122525 0.7164
0 0.120594 0.041609 0.027620 0.082811 0.7107
0 0.702732 0.178152 0.124745 0.254943 0.6515
0 0.020482 0.043432 0.040308 0.086729 0.6515
0 0.056744 0.042039 0.036822 0.084078 0.5725
0 0.911870 0.324136 0.077248 0.153251 0.5631
0 0.021212 0.129831 0.034664 0.166877 0.5181
