0 0.264225 0.260399 0.044859 0.219939 0.9492
0 0.228103 0.288122 0.059664 0.215788 0.9419
0 0.214261 0.882915 0.428521 0.234170 0.9399
0 0.316732 0.174967 0.039688 0.114285 0.9357
0 0.119895 0.284881 0.058694 0.222512 0.9212
0 0.259780 0.098894 0.055523 0.173121 0.9062
0 0.108953 0.086378 0.053952 0.172756 0.8995
0 0.412143 0.118593 0.039748 0.168291 0.8765
0 0.476505 0.192961 0.040135 0.183523 0.8644
0 0.260679 0.622483 0.055142 0.195869 0.8509
0 0.511602 0.211235 0.035837 0.198554 0.8504
0 0.199529 0.082774 0.043185 0.160817 0.8261
0 0.666039 0.971233 0.093553 0.057534 0.8151
0 0.463630 0.137132 0.041426 0.192559 0.8118
0 0.426565 0.052479 0.041297 0.103766 0.7400
0 0.236809 0.074931 0.037250 0.149862 0.7136
0 0.468167 0.054937 0.042977 0.109039 0.7047
0 0.506768 0.059244 0.040763 0.116279 0.6934
0 0.012924 0.032716 0.025521 0.060703 0.6865
0 0.362645 0.693874 0.057793 0.053423 0.6247
0 0.481086 0.936017 0.097053 0.127967 0.4883
