0 0.710242 0.542406 0.048086 0.213864 0.9520
0 0.736167 0.655977 0.052922 0.232636 0.9510
0 0.405891 0.664368 0.048332 0.228066 0.9382
0 0.330148 0.805091 0.050698 0.214871 0.9367
0 0.450127 0.361873 0.053148 0.195287 0.9315
0 0.235568 0.228058 0.036826 0.169244 0.9263
0 0.461293 0.881223 0.067499 0.237554 0.9261
0 0.653812 0.053088 0.039968 0.106176 0.9257
0 0.417615 0.336428 0.039663 0.197644 0.9231
0 0.651951 0.104775 0.041286 0.109992 0.9204
0 0.370710 0.259566 0.035271 0.100324 0.9180
0 0.421866 0.193598 0.048480 0.152329 0.9114
0 0.177155 0.227816 0.036709 0.165310 0.9045
0 0.461722 0.199515 0.037422 0.169442 0.8979
0 0.215356 0.328986 0.044656 0.180710 0.8958
0 0.552418 0.799405 0.062271 0.257894 0.8947
0 0.566101 0.924850 0.066663 0.150301 0.8886
0 0.246728 0.181809 0.028037 0.150217 0.8854
0 0.277390 0.188034 0.039457 0.161170 0.8786
0 0.062250 0.537819 0.047589 0.225329 0.8743
0 0.149896 0.201953 0.027915 0.165637 0.8621
0 0.494905 0.209417 0.040642 0.145497 0.8572
0 0.296038 0.050986 0.027614 0.098575 0.8569
0 0.661187 0.915537 0.069182 0.168926 0.8556
0 0.749614 0.053047 0.028433 0.103631 0.8552
0 0.557046 0.230485 0.044132 0.202042 0.8511
0 0.220222 0.152925 0.035117 0.159015 0.8352
0 0.958099 0.322092 0.033191 0.165871 0.8336
0 0.261734 0.066370 0.039432 0.117253 0.8290
0 0.176432 0.144924 0.034930 0.136390 0.8249
0 0.583385 0.324559 0.046443 0.192491 0.8246
0 0.861084 0.136685 0.034349 0.141190 0.7862
0 0.827337 0.105746 0.031780 0.120500 0.7737
0 0.899146 0.368200 0.036897 0.169962 0.7688
0 0.926188 0.305252 0.031962 0.173930 0.7628
0 0.754272 0.139506 0.034549 0.140325 0.7604
0 0.936471 0.546386 0.053026 0.223680 0.7507
0 0.865612 0.232751 0.041374 0.143829 0.7382
0 0.866780 0.364319 0.040403 0.192888 0.7148
0 0.988801 0.314283 0.022398 0.174700 0.6684
0 0.960232 0.526550 0.043172 0.236342 0.6632
0 0.201117 0.052508 0.041820 0.104306 0.6623
0 0.232476 0.049708 0.030543 0.098617 0.5760
0 0.902527 0.283634 0.028893 0.122630 0.4595
