0 0.710180 0.542585 0.047999 0.214014 0.9518
0 0.736225 0.656118 0.052926 0.232038 0.9516
0 0.330215 0.804994 0.050795 0.215410 0.9376
0 0.405850 0.664433 0.048415 0.228704 0.9369
0 0.450124 0.360817 0.053414 0.194518 0.9302
0 0.653781 0.052839 0.039829 0.105678 0.9262
0 0.236122 0.228017 0.037162 0.169301 0.9222
0 0.460545 0.880299 0.067323 0.239403 0.9209
0 0.417461 0.337450 0.039479 0.197762 0.9199
0 0.651901 0.104408 0.041521 0.110353 0.9190
0 0.370722 0.259700 0.035062 0.100403 0.9151
0 0.422109 0.193237 0.047633 0.153549 0.9132
0 0.214970 0.329548 0.044661 0.180652 0.8952
0 0.461789 0.199516 0.037551 0.170131 0.8950
0 0.176940 0.227313 0.036047 0.163176 0.8941
0 0.246963 0.181117 0.028587 0.152278 0.8932
0 0.565875 0.924485 0.067154 0.151030 0.8909
0 0.552289 0.798583 0.062515 0.253977 0.8862
0 0.062244 0.537389 0.047425 0.224809 0.8777
0 0.149951 0.202251 0.028224 0.163806 0.8682
0 0.295966 0.050729 0.027946 0.099153 0.8674
0 0.277625 0.186687 0.039389 0.162462 0.8600
0 0.494751 0.208932 0.040225 0.146427 0.8579
0 0.584485 0.324068 0.047447 0.194302 0.8537
0 0.557657 0.230431 0.044438 0.198845 0.8503
0 0.749571 0.052299 0.028072 0.102168 0.8462
0 0.661771 0.915693 0.069537 0.168614 0.8423
0 0.958258 0.322743 0.032682 0.165512 0.8327
0 0.220116 0.150498 0.035489 0.162072 0.8281
0 0.261554 0.065690 0.038282 0.116308 0.8179
0 0.177677 0.144232 0.034592 0.136326 0.8078
0 0.861595 0.137582 0.033860 0.138308 0.7787
0 0.827243 0.106127 0.031563 0.118556 0.7768
0 0.925873 0.306669 0.032406 0.174309 0.7678
0 0.754624 0.140397 0.035030 0.139813 0.7535
0 0.936297 0.546545 0.053816 0.224834 0.7520
0 0.866881 0.363611 0.040778 0.192560 0.7463
0 0.898150 0.365246 0.035559 0.169848 0.7451
0 0.866837 0.231660 0.041437 0.143865 0.7437
0 0.959980 0.526307 0.043517 0.238657 0.6644
0 0.989082 0.312057 0.021836 0.172536 0.6499
0 0.201144 0.051566 0.041303 0.102989 0.6487
0 0.232975 0.050072 0.030830 0.099251 0.5163
0 0.966106 0.529878 0.044279 0.213427 0.4705
