0 0.710129 0.542401 0.048202 0.213011 0.9518
0 0.736118 0.655882 0.052758 0.232320 0.9512
0 0.416935 0.336797 0.039569 0.196011 0.9498
0 0.449444 0.362685 0.052349 0.193784 0.9392
0 0.329497 0.805261 0.051038 0.218053 0.9392
0 0.405923 0.662874 0.048699 0.229312 0.9380
0 0.235370 0.226438 0.036798 0.166946 0.9289
0 0.651783 0.104473 0.041420 0.111225 0.9259
0 0.654166 0.052732 0.039471 0.105465 0.9243
0 0.370619 0.260223 0.035149 0.098858 0.9149
0 0.177272 0.225945 0.035827 0.165018 0.9032
0 0.460507 0.202347 0.038139 0.168737 0.9024
0 0.421617 0.191595 0.048807 0.157861 0.8951
0 0.552100 0.812285 0.065088 0.261279 0.8947
0 0.277578 0.186434 0.040221 0.163647 0.8942
0 0.493211 0.210631 0.040340 0.151460 0.8916
0 0.063736 0.557988 0.047929 0.218578 0.8894
0 0.481564 0.896784 0.062901 0.206432 0.8847
0 0.214615 0.330192 0.044420 0.182118 0.8844
0 0.556970 0.217309 0.046899 0.225408 0.8730
0 0.148948 0.198052 0.029764 0.168289 0.8681
0 0.749632 0.048915 0.028784 0.097831 0.8416
0 0.176029 0.144175 0.034695 0.131514 0.8349
0 0.219097 0.152494 0.037303 0.156986 0.8347
0 0.926347 0.312309 0.033363 0.183214 0.8315
0 0.580128 0.328678 0.046722 0.187200 0.8267
0 0.246310 0.181326 0.027738 0.156554 0.8231
0 0.572992 0.942219 0.070411 0.114801 0.8137
0 0.863638 0.135451 0.036847 0.151668 0.8055
0 0.936252 0.544963 0.050515 0.225302 0.8053
0 0.867401 0.367886 0.039124 0.193985 0.8030
0 0.753071 0.130526 0.036080 0.146077 0.8011
0 0.201755 0.053233 0.040587 0.105434 0.7905
0 0.957897 0.326597 0.033739 0.185786 0.7873
0 0.296317 0.054392 0.026602 0.099592 0.7798
0 0.264459 0.075140 0.036044 0.104366 0.7758
0 0.900566 0.363924 0.036332 0.175062 0.7551
0 0.961173 0.521921 0.041734 0.223572 0.7537
0 0.828002 0.100551 0.030126 0.126575 0.7469
0 0.896899 0.281105 0.027570 0.107385 0.7465
0 0.867980 0.232041 0.039891 0.149073 0.7453
0 0.985148 0.307549 0.029309 0.159762 0.5716
0 0.232585 0.051010 0.031428 0.099754 0.5321
0 0.650147 0.898147 0.062404 0.203705 0.5169
0 0.980155 0.305046 0.027759 0.153002 0.4392
