0 0.710242 0.542549 0.048228 0.213376 0.9524
0 0.736187 0.658802 0.053023 0.238369 0.9499
0 0.417346 0.337228 0.040645 0.194774 0.9449
0 0.329852 0.804101 0.051321 0.218599 0.9421
0 0.450012 0.362788 0.052714 0.189183 0.9311
0 0.651783 0.105077 0.041691 0.110318 0.9235
0 0.653723 0.052681 0.039564 0.105362 0.9207
0 0.370534 0.259644 0.035465 0.100147 0.9129
0 0.643153 0.885897 0.067764 0.228207 0.9026
0 0.554049 0.848922 0.069073 0.247884 0.8994
0 0.061321 0.588987 0.051622 0.219556 0.8925
0 0.415836 0.677775 0.046911 0.228561 0.8892
0 0.557129 0.165278 0.050827 0.186333 0.8765
0 0.422049 0.193912 0.049672 0.155234 0.8703
0 0.854306 0.337880 0.042825 0.184868 0.8606
0 0.712754 0.070535 0.035988 0.134293 0.8604
0 0.882710 0.335760 0.033474 0.169185 0.8385
0 0.281368 0.198158 0.034158 0.152855 0.8379
0 0.750945 0.104193 0.039124 0.147955 0.8208
0 0.858689 0.123257 0.038255 0.171083 0.8202
0 0.841186 0.091644 0.034916 0.162856 0.8038
0 0.551044 0.354533 0.055831 0.198967 0.8008
0 0.519392 0.918890 0.055070 0.162221 0.7954
0 0.236480 0.221929 0.039244 0.174228 0.7881
0 0.845124 0.200850 0.039057 0.160875 0.7778
0 0.269524 0.119989 0.037856 0.163177 0.7638
0 0.938976 0.287436 0.031251 0.167571 0.7638
0 0.939103 0.486405 0.044362 0.224136 0.7611
0 0.885748 0.117388 0.027610 0.161869 0.7597
0 0.442206 0.154016 0.035822 0.175017 0.7541
0 0.882402 0.260437 0.027266 0.099221 0.7467
0 0.911843 0.284723 0.036311 0.173775 0.7460
0 0.918548 0.513708 0.042820 0.220800 0.7105
0 0.810388 0.111267 0.031369 0.130360 0.7043
0 0.984477 0.525359 0.030984 0.171617 0.6844
0 0.171990 0.148696 0.033586 0.135025 0.6689
0 0.961535 0.286062 0.029185 0.171523 0.6021
0 0.229178 0.297366 0.036931 0.183974 0.5862
0 0.603074 0.946885 0.052375 0.105505 0.5599
0 0.143945 0.180424 0.034324 0.155151 0.5482
0 0.210605 0.316895 0.047523 0.196979 0.5287
0 0.472999 0.178338 0.040084 0.150817 0.5226
0 0.164092 0.227326 0.044958 0.151374 0.5187
0 0.137899 0.181741 0.041973 0.171014 0.4705
0 0.985393 0.293595 0.028606 0.178393 0.4443
0 0.231082 0.120544 0.040615 0.145018 0.4349
