0 0.118628 0.148501 0.053924 0.223986 0.9473
0 0.146129 0.074072 0.050131 0.148143 0.9337
0 0.554982 0.258113 0.053798 0.106569 0.9307
0 0.473236 0.170883 0.054084 0.238935 0.9281
0 0.340784 0.725696 0.230635 0.548608 0.9093
0 0.932222 0.742907 0.135556 0.514185 0.9046
0 0.786120 0.763629 0.094985 0.472742 0.8947
0 0.316162 0.235735 0.063293 0.149999 0.8538
0 0.675032 0.765431 0.066838 0.469139 0.8026
0 0.145134 0.817013 0.069468 0.365975 0.6747
0 0.824631 0.159719 0.250504 0.304416 0.5129
0 0.885289 0.748818 0.111090 0.502365 0.4676
