0 0.207505 0.199228 0.054751 0.240915 0.9566
0 0.846437 0.455805 0.053409 0.168353 0.9482
0 0.237107 0.332391 0.060907 0.267956 0.9430
0 0.549709 0.286721 0.058303 0.218283 0.9313
0 0.512630 0.258680 0.046122 0.229545 0.9254
0 0.875553 0.837496 0.229605 0.325008 0.9203
0 0.780300 0.027889 0.046863 0.055280 0.9114
0 0.460632 0.172446 0.037613 0.110259 0.9092
0 0.517885 0.095008 0.055738 0.175019 0.9044
0 0.563366 0.106109 0.043327 0.186639 0.8887
0 0.600988 0.113317 0.045500 0.171196 0.8875
0 0.034190 0.474377 0.068250 0.132744 0.8850
0 0.671282 0.131367 0.051655 0.226932 0.8626
0 0.700625 0.243242 0.052276 0.212529 0.8597
0 0.372930 0.038290 0.046233 0.074831 0.8205
0 0.029995 0.046832 0.056420 0.093665 0.8194
0 0.545174 0.845564 0.137838 0.142915 0.8146
0 0.895914 0.054154 0.040298 0.108307 0.7755
0 0.404541 0.037155 0.035576 0.074164 0.7177
0 0.136522 0.501818 0.074293 0.075496 0.6265
