0 0.710144 0.542593 0.048272 0.213125 0.9523
0 0.736258 0.655311 0.052549 0.231487 0.9523
0 0.417377 0.337111 0.040448 0.196737 0.9515
0 0.405920 0.664847 0.047954 0.227908 0.9393
0 0.450560 0.362812 0.053605 0.193681 0.9390
0 0.329913 0.803996 0.050329 0.218550 0.9389
0 0.653588 0.052861 0.039695 0.105722 0.9249
0 0.651692 0.104942 0.041520 0.110633 0.9245
0 0.370740 0.259693 0.035529 0.100829 0.9141
0 0.062429 0.569344 0.049526 0.214454 0.9093
0 0.551111 0.820387 0.071183 0.256382 0.9086
0 0.562019 0.345552 0.054071 0.196423 0.9009
0 0.276490 0.187750 0.038511 0.159506 0.8912
0 0.421989 0.192761 0.049085 0.156692 0.8908
0 0.491829 0.907072 0.065939 0.185856 0.8885
0 0.176394 0.225048 0.033591 0.175240 0.8715
0 0.235381 0.222942 0.038438 0.176836 0.8673
0 0.556647 0.162575 0.051135 0.190659 0.8595
0 0.640981 0.882147 0.068637 0.235706 0.8472
0 0.214941 0.330992 0.046781 0.189741 0.8332
0 0.148159 0.210074 0.028092 0.165087 0.8230
0 0.860435 0.131192 0.036056 0.151584 0.8084
0 0.932787 0.538587 0.049671 0.224857 0.8053
0 0.751497 0.123061 0.036775 0.148777 0.7858
0 0.266030 0.076233 0.036499 0.103340 0.7733
0 0.955067 0.325038 0.032062 0.175217 0.7724
0 0.220405 0.152631 0.033522 0.155298 0.7697
0 0.951934 0.511669 0.040107 0.227215 0.7635
0 0.581011 0.946906 0.068284 0.106020 0.7508
0 0.175481 0.144912 0.032843 0.136483 0.7366
0 0.201400 0.051338 0.039241 0.102674 0.7357
0 0.297003 0.053317 0.026374 0.102223 0.7348
0 0.888958 0.133902 0.028516 0.149428 0.7344
0 0.246643 0.181816 0.025402 0.154704 0.7336
0 0.930958 0.294002 0.032957 0.172052 0.6978
0 0.235559 0.051301 0.034235 0.102602 0.6805
0 0.987973 0.306335 0.024055 0.170498 0.6731
0 0.474262 0.181449 0.031842 0.159480 0.6204
0 0.461760 0.204144 0.036083 0.163774 0.5951
0 0.849284 0.210176 0.042041 0.148043 0.5603
0 0.862029 0.356172 0.040652 0.192384 0.5561
0 0.711743 0.073747 0.034070 0.124739 0.5055
0 0.443656 0.161897 0.037851 0.177106 0.4704
0 0.879313 0.344460 0.035602 0.177157 0.4598
0 0.895960 0.278483 0.031233 0.117506 0.4431
0 0.897636 0.358231 0.035214 0.179587 0.4257
0 0.901037 0.281506 0.032246 0.141695 0.4189
0 0.808829 0.110160 0.030926 0.124243 0.4084
