0 0.709920 0.542008 0.048496 0.213202 0.9558
0 0.736231 0.655796 0.052632 0.232006 0.9524
0 0.417043 0.336997 0.039634 0.194734 0.9468
0 0.449541 0.362743 0.052695 0.191990 0.9353
0 0.652013 0.103619 0.041492 0.113315 0.9350
0 0.330576 0.805147 0.049774 0.210487 0.9225
0 0.654172 0.052195 0.039974 0.104391 0.9207
0 0.370553 0.260170 0.035131 0.100640 0.9140
0 0.753416 0.073795 0.037547 0.139340 0.9140
0 0.848154 0.095930 0.035310 0.155127 0.8997
0 0.879000 0.093280 0.031160 0.148030 0.8886
0 0.772878 0.955781 0.052626 0.087738 0.8847
0 0.711883 0.067352 0.035621 0.134109 0.8831
0 0.831053 0.083108 0.033850 0.160358 0.8806
0 0.838761 0.304036 0.038138 0.186060 0.8779
0 0.870905 0.294185 0.037744 0.155076 0.8775
0 0.055123 0.643369 0.053127 0.221235 0.8770
0 0.790917 0.086999 0.036483 0.131571 0.8765
0 0.533688 0.379687 0.044734 0.193466 0.8627
0 0.555492 0.862433 0.066577 0.158734 0.8503
0 0.918912 0.250330 0.036110 0.152025 0.8433
0 0.548204 0.148249 0.043851 0.185426 0.8409
0 0.422213 0.190294 0.049193 0.160849 0.8406
0 0.980964 0.590996 0.037526 0.187668 0.8364
0 0.634275 0.857689 0.067806 0.218128 0.8181
0 0.876377 0.255534 0.032207 0.145791 0.8072
0 0.546499 0.929176 0.057389 0.141648 0.7998
0 0.904926 0.421254 0.040512 0.200683 0.7995
0 0.695198 0.943653 0.055676 0.110763 0.7976
0 0.413346 0.691482 0.057738 0.223466 0.7945
0 0.137645 0.178386 0.038565 0.134219 0.7936
0 0.474867 0.171063 0.037998 0.148042 0.7896
0 0.229728 0.273215 0.037448 0.172245 0.7862
0 0.865466 0.439674 0.048013 0.200538 0.7841
0 0.290167 0.222154 0.040500 0.162886 0.7677
0 0.240345 0.230269 0.036058 0.159710 0.7664
0 0.965243 0.478406 0.049161 0.179265 0.7635
0 0.202912 0.131007 0.035839 0.152871 0.7631
0 0.191337 0.294541 0.040417 0.177863 0.7579
0 0.904439 0.238241 0.026742 0.143645 0.7545
0 0.416334 0.962832 0.050778 0.074335 0.7518
0 0.274487 0.132553 0.036283 0.156598 0.7412
0 0.443520 0.152468 0.035775 0.176616 0.7314
0 0.957659 0.272205 0.047282 0.178066 0.7242
0 0.170033 0.154246 0.032970 0.138459 0.7168
0 0.238569 0.133798 0.037905 0.139559 0.7159
0 0.641273 0.963501 0.051300 0.072999 0.6973
0 0.153680 0.252460 0.040156 0.173076 0.6602
0 0.988523 0.297754 0.022955 0.182323 0.4996
