0 0.710228 0.542459 0.048108 0.212831 0.9516
0 0.736057 0.655475 0.052717 0.231556 0.9509
0 0.417432 0.336969 0.040512 0.196471 0.9485
0 0.450565 0.362391 0.053729 0.191897 0.9424
0 0.330049 0.803769 0.050535 0.219313 0.9394
0 0.406172 0.666540 0.048408 0.228189 0.9319
0 0.651948 0.105326 0.041407 0.109633 0.9258
0 0.653634 0.053085 0.039347 0.106170 0.9242
0 0.370770 0.259880 0.035398 0.100129 0.9156
0 0.550453 0.824841 0.068762 0.254556 0.9093
0 0.421961 0.194079 0.049001 0.154633 0.8935
0 0.061435 0.579471 0.049597 0.220952 0.8850
0 0.640804 0.882215 0.066670 0.235571 0.8842
0 0.277461 0.191791 0.038144 0.159635 0.8803
0 0.560839 0.344069 0.053236 0.194480 0.8716
0 0.557172 0.165949 0.049403 0.182141 0.8647
0 0.234699 0.221430 0.038785 0.174807 0.8548
0 0.923960 0.522479 0.042440 0.230695 0.8182
0 0.212934 0.328461 0.047127 0.191781 0.8149
0 0.498734 0.909314 0.059317 0.181373 0.8130
0 0.855722 0.340852 0.041062 0.181187 0.8127
0 0.174383 0.229517 0.034090 0.171469 0.8088
0 0.859733 0.125323 0.037193 0.157880 0.7969
0 0.752093 0.112397 0.036413 0.152867 0.7967
0 0.592984 0.946249 0.062603 0.107502 0.7956
0 0.267530 0.075508 0.035315 0.105350 0.7766
0 0.948573 0.499372 0.040398 0.226020 0.7719
0 0.246287 0.184312 0.027136 0.148855 0.7692
0 0.843391 0.092453 0.034882 0.153758 0.7469
0 0.220258 0.148286 0.033630 0.155745 0.7429
0 0.237598 0.048223 0.035532 0.096445 0.7354
0 0.473107 0.174894 0.034382 0.154369 0.7347
0 0.201971 0.048459 0.039848 0.096918 0.7208
0 0.887593 0.124415 0.027615 0.148793 0.7172
0 0.148057 0.213207 0.026268 0.159116 0.7082
0 0.843529 0.200842 0.039318 0.162377 0.7041
0 0.881380 0.332910 0.030981 0.165906 0.6971
0 0.807408 0.110689 0.031688 0.125263 0.6913
0 0.175503 0.146619 0.032128 0.139661 0.6799
0 0.444041 0.151713 0.035963 0.182832 0.6514
0 0.933862 0.287555 0.031125 0.172061 0.6420
0 0.296818 0.053305 0.025978 0.100543 0.6317
0 0.712772 0.070837 0.035138 0.132449 0.6096
0 0.148586 0.184914 0.026714 0.163078 0.5888
0 0.989048 0.295236 0.021905 0.170760 0.5653
0 0.881609 0.260596 0.029983 0.116634 0.5485
0 0.910821 0.274200 0.031480 0.152887 0.5246
0 0.925691 0.290203 0.032448 0.179287 0.4814
0 0.966063 0.288062 0.028081 0.163200 0.4752
