0 0.333113 0.186680 0.054429 0.193514 0.9563
0 0.789329 0.247379 0.420554 0.387192 0.9517
0 0.065717 0.360826 0.050082 0.196214 0.9484
0 0.366431 0.160896 0.041538 0.201713 0.9327
0 0.038637 0.413485 0.056082 0.087846 0.9227
0 0.414272 0.083226 0.036164 0.098535 0.9224
0 0.362260 0.046571 0.050128 0.093142 0.8873
0 0.136978 0.835683 0.075613 0.328633 0.8838
0 0.222088 0.039273 0.051068 0.077538 0.8742
0 0.498978 0.047924 0.021764 0.095848 0.8542
0 0.231721 0.180251 0.053017 0.207286 0.8163
0 0.370896 0.426368 0.057068 0.062564 0.7229
0 0.306044 0.040113 0.043178 0.080226 0.6760
0 0.481347 0.786127 0.029369 0.084848 0.5139
