0 0.343537 0.316736 0.053261 0.194907 0.9439
0 0.310700 0.290012 0.040956 0.200932 0.9410
0 0.161242 0.907964 0.050161 0.182255 0.9380
0 0.439437 0.314355 0.053709 0.200793 0.9309
0 0.262995 0.213270 0.035230 0.099445 0.9273
0 0.536212 0.654758 0.028102 0.217692 0.9037
0 0.315333 0.144308 0.050259 0.158245 0.9017
0 0.390868 0.928649 0.071488 0.142701 0.8884
0 0.451768 0.110674 0.052940 0.193872 0.8809
0 0.247965 0.802268 0.054641 0.238460 0.8618
0 0.372528 0.547444 0.051176 0.057148 0.8556
0 0.808742 0.781465 0.067617 0.294247 0.8458
0 0.470801 0.930354 0.064852 0.139291 0.8333
0 0.888534 0.764207 0.049383 0.229509 0.8321
0 0.163926 0.081548 0.040539 0.162418 0.8283
0 0.117915 0.229057 0.039719 0.171675 0.8268
0 0.369817 0.128706 0.038035 0.148174 0.8173
0 0.079138 0.247280 0.040261 0.177202 0.8151
0 0.180476 0.170407 0.040455 0.161742 0.8130
0 0.281792 0.545109 0.050549 0.052418 0.8073
0 0.128379 0.186663 0.039364 0.166614 0.7972
0 0.539055 0.021683 0.023942 0.043366 0.7798
0 0.041061 0.195049 0.039375 0.160544 0.7682
0 0.091223 0.096997 0.034427 0.155270 0.7445
0 0.338103 0.106859 0.037268 0.162176 0.7351
0 0.538525 0.056388 0.021890 0.112775 0.6882
0 0.060347 0.104307 0.039372 0.152889 0.6697
0 0.020265 0.116224 0.037661 0.139291 0.6470
0 0.125124 0.085031 0.036526 0.139623 0.5608
0 0.366064 0.981541 0.059007 0.036918 0.5597
0 0.612921 0.822174 0.064656 0.355652 0.4626
