0 0.710193 0.542627 0.048141 0.213271 0.9522
0 0.736178 0.659348 0.053076 0.239160 0.9499
0 0.417534 0.337288 0.040810 0.195618 0.9460
0 0.329891 0.803525 0.050726 0.219366 0.9382
0 0.449931 0.362246 0.053261 0.188949 0.9300
0 0.651878 0.104772 0.041482 0.111186 0.9237
0 0.653906 0.052692 0.039456 0.105384 0.9232
0 0.407765 0.672634 0.050056 0.231049 0.9227
0 0.370642 0.259759 0.035197 0.099989 0.9117
0 0.552681 0.833800 0.067276 0.253055 0.9088
0 0.642530 0.885863 0.067759 0.228274 0.8897
0 0.061545 0.587962 0.051363 0.219561 0.8844
0 0.422490 0.194160 0.049970 0.154694 0.8768
0 0.557576 0.169329 0.050472 0.177597 0.8693
0 0.559402 0.345216 0.053783 0.198620 0.8596
0 0.280609 0.198380 0.034152 0.152636 0.8552
0 0.854634 0.339401 0.042975 0.183195 0.8537
0 0.883627 0.337486 0.034009 0.172405 0.8379
0 0.750437 0.105224 0.039705 0.154797 0.8269
0 0.712549 0.070954 0.035999 0.134490 0.8233
0 0.841862 0.091823 0.033807 0.160604 0.8213
0 0.858199 0.120920 0.039164 0.168547 0.8174
0 0.235544 0.227744 0.037254 0.172290 0.8081
0 0.508339 0.912322 0.052956 0.175357 0.7991
0 0.921952 0.519250 0.041708 0.225552 0.7899
0 0.886414 0.119769 0.027171 0.156083 0.7716
0 0.809769 0.109903 0.031854 0.130815 0.7693
0 0.269340 0.120074 0.037929 0.167346 0.7668
0 0.844372 0.198527 0.038610 0.166606 0.7618
0 0.943475 0.488728 0.043745 0.224453 0.7593
0 0.441603 0.154587 0.034839 0.170907 0.7552
0 0.937991 0.283359 0.031383 0.164618 0.7515
0 0.882972 0.261701 0.028261 0.100377 0.7459
0 0.600418 0.947160 0.054670 0.105681 0.7266
0 0.983225 0.532326 0.033345 0.171482 0.6746
0 0.473259 0.180885 0.036334 0.148602 0.6629
0 0.964219 0.283542 0.028647 0.168273 0.6133
0 0.148523 0.170761 0.028150 0.134181 0.5989
0 0.210524 0.317429 0.048904 0.197231 0.5760
0 0.173365 0.226117 0.034941 0.161964 0.5493
0 0.173242 0.148015 0.032935 0.136709 0.5409
0 0.912803 0.286518 0.034331 0.176546 0.5033
0 0.228002 0.302848 0.038761 0.197257 0.5017
0 0.987701 0.291048 0.024598 0.179335 0.4615
0 0.197887 0.140953 0.031431 0.155042 0.4584
0 0.232012 0.125800 0.039032 0.139295 0.4510
