0 0.710097 0.542873 0.048178 0.213456 0.9524
0 0.736424 0.655719 0.052532 0.231975 0.9499
0 0.417142 0.336964 0.039688 0.194743 0.9477
0 0.449356 0.362859 0.052593 0.191494 0.9356
0 0.651824 0.104360 0.041930 0.112516 0.9288
0 0.330718 0.806580 0.050201 0.211064 0.9266
0 0.543820 0.360025 0.052201 0.195935 0.9184
0 0.653614 0.052249 0.039651 0.104498 0.9178
0 0.370381 0.260251 0.035541 0.100433 0.9154
0 0.751459 0.077221 0.039183 0.143844 0.8903
0 0.711368 0.069142 0.035942 0.135914 0.8841
0 0.556247 0.863258 0.067795 0.238538 0.8811
0 0.058779 0.628238 0.055269 0.220471 0.8710
0 0.772394 0.955298 0.054694 0.089403 0.8666
0 0.421799 0.193552 0.048652 0.155197 0.8625
0 0.851443 0.106042 0.038014 0.157607 0.8468
0 0.553634 0.159182 0.047796 0.190204 0.8451
0 0.476330 0.178872 0.039390 0.148977 0.8412
0 0.918938 0.255551 0.035884 0.151877 0.8350
0 0.879869 0.101284 0.028681 0.149508 0.8292
0 0.832969 0.085199 0.034827 0.158882 0.8290
0 0.239322 0.233469 0.037306 0.165805 0.8213
0 0.228106 0.277799 0.038265 0.165372 0.8156
0 0.980099 0.588576 0.039322 0.205305 0.8155
0 0.274756 0.127319 0.040224 0.164285 0.8128
0 0.791481 0.086792 0.037957 0.131727 0.8111
0 0.533831 0.920315 0.059094 0.159370 0.8103
0 0.288945 0.216863 0.039582 0.162188 0.8033
0 0.190745 0.296062 0.038404 0.171328 0.8011
0 0.416752 0.687168 0.053826 0.229012 0.7929
0 0.841524 0.308207 0.038146 0.182128 0.7871
0 0.870255 0.306189 0.033723 0.152114 0.7816
0 0.442614 0.156581 0.033027 0.168302 0.7800
0 0.630989 0.853365 0.058717 0.226156 0.7787
0 0.695550 0.942985 0.055547 0.110773 0.7756
0 0.954981 0.268862 0.039883 0.158923 0.7741
0 0.920123 0.431131 0.039921 0.201263 0.7663
0 0.983915 0.293711 0.031780 0.169880 0.7615
0 0.201850 0.134665 0.034254 0.154988 0.7537
0 0.153449 0.241757 0.038940 0.159585 0.7474
0 0.137980 0.173556 0.036917 0.128329 0.7395
0 0.892081 0.466344 0.048914 0.210001 0.7277
0 0.170698 0.154215 0.036170 0.146250 0.7095
0 0.876970 0.260489 0.031129 0.142496 0.7073
0 0.235175 0.126980 0.037412 0.145371 0.7001
0 0.977526 0.507279 0.044530 0.209972 0.6825
0 0.640141 0.961663 0.055725 0.076673 0.6201
0 0.906548 0.239582 0.028128 0.140382 0.4605
