0 0.710150 0.542398 0.047815 0.213277 0.9520
0 0.736173 0.655760 0.052749 0.232040 0.9515
0 0.330227 0.804841 0.050995 0.214550 0.9375
0 0.406126 0.664984 0.048594 0.228235 0.9351
0 0.654152 0.053034 0.039478 0.106067 0.9262
0 0.450262 0.359628 0.053830 0.196859 0.9259
0 0.460003 0.879209 0.067466 0.241582 0.9221
0 0.652126 0.105051 0.041225 0.109784 0.9214
0 0.370556 0.259553 0.035453 0.100647 0.9203
0 0.422230 0.193028 0.047999 0.154811 0.9168
0 0.417498 0.337648 0.039175 0.198292 0.9138
0 0.235596 0.228527 0.037120 0.171380 0.8989
0 0.214702 0.331197 0.045292 0.184185 0.8949
0 0.177707 0.227973 0.035041 0.163937 0.8905
0 0.461587 0.200042 0.037303 0.169198 0.8891
0 0.564869 0.922649 0.066381 0.154702 0.8873
0 0.062424 0.534492 0.048477 0.225774 0.8750
0 0.295626 0.050618 0.028381 0.099761 0.8747
0 0.551600 0.795296 0.063048 0.250765 0.8746
0 0.151190 0.201439 0.028086 0.167892 0.8737
0 0.246720 0.176837 0.028117 0.164618 0.8654
0 0.659832 0.915658 0.072467 0.168685 0.8574
0 0.557704 0.227602 0.045337 0.198054 0.8452
0 0.748396 0.052548 0.026773 0.101054 0.8367
0 0.958776 0.325359 0.034064 0.170864 0.8362
0 0.493224 0.208225 0.038780 0.144548 0.8341
0 0.260564 0.064290 0.038713 0.120533 0.8260
0 0.177887 0.144889 0.032989 0.133585 0.8092
0 0.221167 0.151666 0.034541 0.162786 0.8069
0 0.925882 0.310543 0.031166 0.172208 0.7825
0 0.584395 0.323338 0.046355 0.194877 0.7824
0 0.826961 0.106774 0.031094 0.117515 0.7790
0 0.861333 0.136685 0.034206 0.138377 0.7640
0 0.936053 0.543576 0.052829 0.226974 0.7575
0 0.753543 0.139422 0.035138 0.135780 0.7388
0 0.866212 0.362852 0.041341 0.195391 0.7362
0 0.897190 0.359848 0.035711 0.178078 0.6808
0 0.988839 0.311835 0.022323 0.172049 0.6719
0 0.956847 0.519039 0.041806 0.248601 0.6702
0 0.276242 0.187492 0.041763 0.162985 0.6680
0 0.868944 0.234322 0.044571 0.148463 0.6357
0 0.200571 0.051584 0.040745 0.103168 0.6059
0 0.234229 0.048588 0.029813 0.097076 0.4467
0 0.596536 0.314087 0.042894 0.192477 0.4078
