0 0.427529 0.340115 0.048570 0.213759 0.9470
0 0.741587 0.719586 0.053499 0.192118 0.9456
0 0.708629 0.693280 0.040872 0.199122 0.9384
0 0.165795 0.158823 0.052234 0.192241 0.9352
0 0.133015 0.136558 0.040607 0.198625 0.9321
0 0.853603 0.702475 0.055462 0.196049 0.9273
0 0.086090 0.055953 0.035229 0.103288 0.9255
0 0.662041 0.616447 0.035021 0.099054 0.9242
0 0.849668 0.546829 0.051580 0.132322 0.9147
0 0.713758 0.554503 0.049965 0.144631 0.9142
0 0.447699 0.408936 0.041515 0.139935 0.9140
0 0.137973 0.034128 0.049218 0.068256 0.9028
0 0.568108 0.553232 0.038765 0.140444 0.9001
0 0.752739 0.563686 0.037724 0.157298 0.8959
0 0.786638 0.567108 0.042809 0.155213 0.8953
0 0.527037 0.580001 0.037476 0.176694 0.8866
0 0.879952 0.293933 0.240097 0.378387 0.8861
0 0.698130 0.954817 0.047695 0.090366 0.8738
0 0.505398 0.688388 0.045099 0.186726 0.8629
0 0.990016 0.895490 0.019968 0.209019 0.8584
0 0.944815 0.497310 0.041665 0.033771 0.8494
0 0.249325 0.178351 0.047670 0.194697 0.8476
0 0.309818 0.565598 0.041382 0.170969 0.8373
0 0.190300 0.021028 0.034633 0.042055 0.8234
0 0.537161 0.549208 0.028242 0.132841 0.8144
0 0.012912 0.049656 0.025623 0.094544 0.8051
0 0.512062 0.534469 0.030617 0.107619 0.8017
0 0.558799 0.235053 0.175325 0.470106 0.7704
0 0.822120 0.231759 0.116855 0.332113 0.7378
0 0.716485 0.216554 0.158979 0.334269 0.7280
0 0.010406 0.538701 0.020813 0.119903 0.7267
0 0.264050 0.019197 0.041652 0.038319 0.6861
0 0.130315 0.428968 0.054848 0.099369 0.5679
0 0.478802 0.525340 0.016478 0.088448 0.5380
0 0.476973 0.583804 0.017191 0.152240 0.4760
