0 0.052914 0.307228 0.055939 0.199089 0.9424
0 0.326770 0.422606 0.051779 0.076511 0.9242
0 0.019702 0.275075 0.039365 0.206580 0.9040
0 0.266323 0.047154 0.043264 0.094308 0.9007
0 0.165051 0.107957 0.052257 0.181028 0.8735
0 0.024362 0.126290 0.048374 0.167096 0.8684
0 0.168823 0.291243 0.055328 0.206980 0.8527
0 0.269712 0.018686 0.045146 0.037371 0.8339
0 0.370555 0.062499 0.041300 0.124999 0.8154
0 0.422868 0.754480 0.037361 0.193071 0.7968
0 0.300102 0.731314 0.041510 0.185722 0.7641
0 0.268843 0.739405 0.040092 0.166853 0.7062
0 0.078204 0.113289 0.035527 0.156417 0.6899
0 0.431319 0.057026 0.036502 0.114053 0.6141
0 0.043521 0.091189 0.038538 0.176999 0.5455
