0 0.200158 0.059893 0.047617 0.119746 0.9377
0 0.197645 0.027357 0.048279 0.054328 0.9009
0 0.089376 0.073383 0.046123 0.146093 0.8933
0 0.350575 0.636040 0.604801 0.727920 0.8656
0 0.131593 0.046782 0.040113 0.093564 0.8496
0 0.621525 0.152951 0.044217 0.179642 0.8383
0 0.306523 0.141554 0.053004 0.211683 0.7947
0 0.516258 0.219022 0.044431 0.102297 0.7896
0 0.462174 0.236448 0.044201 0.066514 0.7889
0 0.461115 0.154469 0.048119 0.168550 0.7769
0 0.052267 0.635758 0.104373 0.728485 0.7632
0 0.636082 0.050822 0.039053 0.101644 0.6605
0 0.388109 0.154395 0.045933 0.154226 0.6267
0 0.648483 0.141292 0.020927 0.174989 0.5835
0 0.599605 0.022748 0.029940 0.045367 0.5085
0 0.430807 0.133258 0.041055 0.176987 0.4579
0 0.398110 0.148038 0.035040 0.159018 0.4359
