0 0.064720 0.388036 0.052229 0.232849 0.9523
0 0.476211 0.658692 0.054813 0.199998 0.9507
0 0.035956 0.511418 0.057087 0.250927 0.9492
0 0.794720 0.931377 0.051740 0.131808 0.9479
0 0.394532 0.525399 0.055060 0.246810 0.9367
0 0.433391 0.083601 0.037497 0.104746 0.9330
0 0.382007 0.166914 0.044969 0.213782 0.9232
0 0.378095 0.045815 0.051800 0.091629 0.9211
0 0.743168 0.420009 0.376020 0.678249 0.9126
0 0.237007 0.629971 0.068474 0.247471 0.9019
0 0.334370 0.056196 0.040895 0.112247 0.8955
0 0.231222 0.078895 0.048783 0.157791 0.8931
0 0.346522 0.193001 0.060007 0.203594 0.8916
0 0.296887 0.057664 0.041998 0.115329 0.8890
0 0.177865 0.133248 0.044726 0.204655 0.8447
0 0.604752 0.846514 0.048007 0.176868 0.8402
0 0.277182 0.912121 0.198117 0.173873 0.8338
0 0.338672 0.686104 0.067723 0.148519 0.8299
0 0.567330 0.841097 0.040137 0.166178 0.8165
0 0.122185 0.942463 0.077254 0.114882 0.7218
0 0.235707 0.725746 0.071886 0.066422 0.7209
0 0.901902 0.791791 0.049815 0.064939 0.6468
0 0.519868 0.044466 0.018015 0.088933 0.5894
0 0.541762 0.833276 0.020077 0.148359 0.5456
0 0.013714 0.022649 0.027428 0.042078 0.5092
0 0.013107 0.034754 0.026106 0.067712 0.5046
0 0.073848 0.906912 0.040992 0.054773 0.4903
