0 0.227391 0.440083 0.048483 0.216317 0.9569
0 0.254012 0.533144 0.054098 0.192006 0.9462
0 0.069717 0.074410 0.052613 0.148820 0.9022
0 0.440807 0.334956 0.180213 0.320934 0.9012
0 0.761755 0.403883 0.242484 0.446304 0.8995
0 0.059626 0.250965 0.052922 0.202130 0.8923
0 0.167996 0.025027 0.043070 0.048100 0.8795
0 0.488122 0.208796 0.150962 0.417592 0.8577
0 0.622579 0.302703 0.168096 0.297051 0.8525
0 0.269111 0.025084 0.040665 0.049743 0.8126
0 0.756888 0.834660 0.183062 0.162982 0.7899
0 0.238776 0.869859 0.142973 0.260282 0.7815
0 0.319294 0.022636 0.037334 0.045272 0.5913
0 0.915948 0.398290 0.168104 0.456072 0.5263
