0 0.710045 0.542170 0.048106 0.212980 0.9530
0 0.736204 0.656045 0.053113 0.232873 0.9509
0 0.405716 0.663453 0.048107 0.228909 0.9375
0 0.329943 0.805597 0.050902 0.216080 0.9358
0 0.450435 0.360758 0.052067 0.188860 0.9357
0 0.235230 0.224889 0.036444 0.171255 0.9303
0 0.417755 0.335842 0.040442 0.196832 0.9298
0 0.653658 0.053056 0.039904 0.106113 0.9281
0 0.463400 0.883246 0.067846 0.233508 0.9236
0 0.651908 0.104569 0.041085 0.110200 0.9196
0 0.370708 0.259667 0.035336 0.100498 0.9169
0 0.421909 0.193669 0.049361 0.153419 0.9101
0 0.177086 0.225028 0.039704 0.167371 0.8886
0 0.277317 0.188498 0.039140 0.158948 0.8883
0 0.566731 0.924606 0.068415 0.150789 0.8869
0 0.215975 0.328867 0.044692 0.181790 0.8866
0 0.551288 0.796215 0.063284 0.252071 0.8865
0 0.462249 0.204650 0.037785 0.166197 0.8850
0 0.495263 0.211891 0.040591 0.147123 0.8823
0 0.246798 0.182388 0.028440 0.150567 0.8790
0 0.148939 0.201554 0.028974 0.166662 0.8743
0 0.660439 0.914798 0.069254 0.170404 0.8702
0 0.063175 0.538779 0.047587 0.222376 0.8685
0 0.296546 0.050831 0.026891 0.099414 0.8635
0 0.556146 0.228170 0.044148 0.201234 0.8612
0 0.749789 0.052437 0.028982 0.102851 0.8600
0 0.261646 0.066602 0.038587 0.115401 0.8405
0 0.861015 0.136881 0.033459 0.138256 0.8115
0 0.220545 0.155163 0.033871 0.154300 0.8101
0 0.584517 0.324186 0.046032 0.193231 0.8038
0 0.901369 0.367380 0.037029 0.173937 0.7938
0 0.870316 0.364918 0.042145 0.195161 0.7857
0 0.753341 0.137056 0.037063 0.140207 0.7812
0 0.176648 0.145955 0.035127 0.136293 0.7801
0 0.935901 0.548360 0.052438 0.213684 0.7644
0 0.926367 0.308788 0.031711 0.176451 0.7610
0 0.827191 0.107569 0.031203 0.120948 0.7582
0 0.957551 0.321966 0.034709 0.176017 0.7554
0 0.961271 0.524577 0.044474 0.233852 0.7366
0 0.865518 0.230040 0.042002 0.148402 0.7114
0 0.201102 0.053820 0.040499 0.107113 0.7009
0 0.897030 0.289088 0.029946 0.105039 0.6942
0 0.232798 0.052072 0.030098 0.102268 0.6559
0 0.987663 0.311772 0.024674 0.172514 0.6394
