0 0.113551 0.150222 0.041248 0.197551 0.9470
0 0.409287 0.351965 0.048325 0.202909 0.9427
0 0.146311 0.174838 0.054484 0.190839 0.9396
0 0.117871 0.041433 0.047519 0.082865 0.9320
0 0.066716 0.072696 0.034713 0.098341 0.9290
0 0.435331 0.401466 0.053157 0.095671 0.9270
0 0.076405 0.784712 0.131026 0.430576 0.9249
0 0.311199 0.732878 0.197840 0.534243 0.9045
0 0.170677 0.765179 0.107454 0.469642 0.8886
0 0.459925 0.761348 0.115002 0.477303 0.8867
0 0.255958 0.036319 0.052272 0.072313 0.8317
0 0.256453 0.160360 0.052398 0.193248 0.8314
0 0.547304 0.156334 0.025169 0.193698 0.7123
0 0.105612 0.414103 0.048166 0.073319 0.6739
0 0.507989 0.730015 0.082586 0.521952 0.6347
0 0.544399 0.051911 0.028994 0.103822 0.6241
0 0.157612 0.031307 0.034032 0.062615 0.5915
0 0.174353 0.035507 0.038768 0.071015 0.5341
0 0.153058 0.027581 0.031037 0.055163 0.5293
