0 0.520456 0.302276 0.052641 0.232363 0.9606
0 0.960946 0.241293 0.051545 0.230850 0.9595
0 0.236763 0.107925 0.058435 0.207788 0.9535
0 0.200634 0.092227 0.043820 0.184455 0.9499
0 0.677619 0.075040 0.057970 0.150079 0.9434
0 0.641272 0.062977 0.043636 0.125919 0.9409
0 0.549929 0.422742 0.058899 0.250849 0.9314
0 0.357985 0.097788 0.059209 0.195575 0.9310
0 0.188789 0.436922 0.052629 0.247271 0.9283
0 0.343281 0.797063 0.202157 0.286829 0.9274
0 0.791615 0.517406 0.073160 0.125890 0.9266
0 0.104715 0.524127 0.055214 0.112677 0.9256
0 0.980196 0.365686 0.039462 0.256158 0.9251
0 0.781984 0.074546 0.058060 0.147681 0.9126
0 0.644038 0.400132 0.055714 0.254849 0.9121
0 0.149770 0.023203 0.039512 0.046405 0.9075
0 0.886890 0.536405 0.072577 0.088481 0.8570
0 0.158147 0.809544 0.183792 0.319934 0.8463
0 0.349476 0.528292 0.075136 0.104705 0.8162
0 0.457594 0.842361 0.182246 0.312017 0.4200
