0 0.107376 0.224295 0.053997 0.194586 0.9537
0 0.203569 0.908734 0.050401 0.182532 0.9469
0 0.158339 0.645636 0.054747 0.153310 0.9426
0 0.140467 0.198232 0.041829 0.201009 0.9358
0 0.188421 0.120587 0.035314 0.101989 0.9309
0 0.191956 0.634954 0.040918 0.129284 0.9237
0 0.045510 0.638464 0.054966 0.137505 0.9175
0 0.019228 0.219802 0.038409 0.208779 0.8809
0 0.275939 0.075446 0.035006 0.149553 0.8784
0 0.135076 0.064644 0.050595 0.129287 0.8766
0 0.140949 0.502317 0.053806 0.133533 0.8449
0 0.332987 0.135768 0.039088 0.179480 0.8157
0 0.322149 0.087996 0.039521 0.173135 0.7760
0 0.085095 0.056628 0.037159 0.113256 0.7591
0 0.012556 0.052247 0.025111 0.104494 0.7508
0 0.363943 0.155631 0.027585 0.178187 0.7335
0 0.642647 0.086529 0.012914 0.052920 0.4602
0 0.352144 0.038325 0.032241 0.076651 0.4331
0 0.116171 0.046343 0.031732 0.092687 0.4315
0 0.326828 0.034222 0.035620 0.068444 0.4056
