0 0.710085 0.542378 0.048283 0.213603 0.9539
0 0.736153 0.655602 0.052795 0.231862 0.9524
0 0.416976 0.336396 0.039701 0.196678 0.9515
0 0.449758 0.363046 0.053142 0.193809 0.9385
0 0.329839 0.805689 0.050986 0.216686 0.9381
0 0.406070 0.663959 0.048654 0.229347 0.9377
0 0.561515 0.344948 0.054479 0.193608 0.9274
0 0.654049 0.052896 0.039522 0.105791 0.9272
0 0.651907 0.104644 0.041066 0.110807 0.9255
0 0.494800 0.210008 0.041627 0.154227 0.9191
0 0.370828 0.260051 0.035524 0.099212 0.9153
0 0.235169 0.225215 0.038050 0.173157 0.9141
0 0.460787 0.203182 0.038643 0.165276 0.9106
0 0.176343 0.229043 0.035355 0.163733 0.9024
0 0.421447 0.193522 0.048058 0.154086 0.8971
0 0.277870 0.186359 0.039660 0.163424 0.8904
0 0.063523 0.558993 0.048354 0.215226 0.8898
0 0.214640 0.329925 0.045127 0.185337 0.8885
0 0.551774 0.820672 0.065833 0.254696 0.8851
0 0.148224 0.199149 0.029040 0.170062 0.8764
0 0.486727 0.900770 0.065240 0.198460 0.8579
0 0.557418 0.168090 0.050605 0.179716 0.8509
0 0.937453 0.546109 0.050323 0.224490 0.8385
0 0.925630 0.307574 0.033802 0.179371 0.8329
0 0.867856 0.368503 0.040345 0.196699 0.8148
0 0.572725 0.946018 0.071023 0.107365 0.8127
0 0.175745 0.146341 0.033772 0.133552 0.8075
0 0.219140 0.150570 0.037041 0.158579 0.8039
0 0.863612 0.138479 0.037637 0.152862 0.8022
0 0.246327 0.183977 0.026852 0.152504 0.7970
0 0.752905 0.128208 0.037357 0.151413 0.7912
0 0.957939 0.327947 0.032425 0.174995 0.7847
0 0.265562 0.076621 0.037598 0.100265 0.7762
0 0.900994 0.365914 0.036108 0.182443 0.7742
0 0.202143 0.052281 0.041100 0.103106 0.7524
0 0.961455 0.523652 0.039760 0.228532 0.7505
0 0.866653 0.228121 0.039402 0.151541 0.7178
0 0.646022 0.885228 0.065335 0.229544 0.7176
0 0.296301 0.052903 0.026800 0.100254 0.7150
0 0.894472 0.279063 0.029474 0.109325 0.6918
0 0.827689 0.102762 0.029970 0.124844 0.6403
0 0.233477 0.050694 0.035280 0.100726 0.5773
0 0.988008 0.311594 0.023825 0.163743 0.5271
0 0.749270 0.049240 0.026918 0.098312 0.4904
