0 0.710209 0.542446 0.048048 0.212884 0.9532
0 0.736388 0.657852 0.053235 0.236576 0.9523
0 0.417152 0.336799 0.040064 0.194626 0.9478
0 0.449928 0.362764 0.052514 0.191668 0.9408
0 0.330319 0.805899 0.050777 0.209848 0.9401
0 0.651996 0.105023 0.041490 0.110886 0.9246
0 0.653826 0.052708 0.039996 0.105415 0.9214
0 0.370439 0.259916 0.035618 0.100891 0.9169
0 0.554475 0.866203 0.068050 0.230844 0.9047
0 0.639345 0.881158 0.067209 0.234589 0.9003
0 0.547182 0.356129 0.052766 0.198574 0.8914
0 0.062003 0.606755 0.050995 0.209551 0.8887
0 0.421735 0.193669 0.049267 0.155059 0.8686
0 0.421439 0.681587 0.048537 0.225473 0.8677
0 0.556318 0.161758 0.048581 0.189158 0.8676
0 0.772994 0.955162 0.051652 0.089676 0.8635
0 0.712451 0.070877 0.036893 0.137898 0.8594
0 0.855855 0.115081 0.036612 0.166052 0.8512
0 0.283572 0.208954 0.035474 0.155130 0.8499
0 0.239102 0.225860 0.036003 0.159910 0.8430
0 0.228618 0.271192 0.037352 0.174589 0.8423
0 0.750659 0.093620 0.038596 0.140056 0.8174
0 0.902430 0.493303 0.049614 0.221017 0.8174
0 0.528905 0.919371 0.058226 0.161257 0.8099
0 0.695624 0.947435 0.057142 0.105131 0.8042
0 0.855766 0.336789 0.041504 0.189610 0.7990
0 0.838119 0.089407 0.034322 0.162083 0.7933
0 0.273474 0.123417 0.036101 0.158001 0.7895
0 0.137258 0.175245 0.036477 0.135356 0.7887
0 0.190723 0.295409 0.042552 0.173743 0.7771
0 0.928741 0.464210 0.041543 0.227664 0.7721
0 0.442151 0.156854 0.036547 0.173015 0.7599
0 0.882158 0.108454 0.029026 0.156559 0.7581
0 0.158232 0.236833 0.045374 0.164519 0.7451
0 0.475947 0.177752 0.037641 0.153551 0.7435
0 0.960455 0.278842 0.028683 0.161209 0.7411
0 0.844531 0.200212 0.037976 0.164013 0.7407
0 0.979980 0.591984 0.039490 0.195150 0.7137
0 0.171437 0.154298 0.036198 0.145875 0.7127
0 0.981600 0.520925 0.036684 0.199312 0.6937
0 0.883260 0.334903 0.032189 0.172136 0.6907
0 0.984684 0.289574 0.030633 0.167942 0.6591
0 0.880700 0.251343 0.027903 0.103263 0.6587
0 0.912740 0.270218 0.034464 0.163088 0.6372
0 0.803692 0.104836 0.027983 0.134465 0.6275
0 0.203161 0.135143 0.032930 0.151927 0.6232
0 0.937608 0.284839 0.029205 0.171998 0.5960
0 0.234783 0.121876 0.035421 0.136310 0.5734
0 0.907420 0.277788 0.036603 0.169703 0.4423
