0 0.813798 0.206909 0.055807 0.239841 0.9458
0 0.676105 0.117149 0.047847 0.231124 0.9381
0 0.342929 0.238425 0.053105 0.220879 0.9323
0 0.898077 0.088678 0.058529 0.177225 0.9151
0 0.938408 0.848434 0.123145 0.298326 0.9033
0 0.488693 0.777549 0.052736 0.162036 0.8982
0 0.447916 0.774096 0.038220 0.150217 0.8942
0 0.293833 0.771292 0.045004 0.145472 0.8908
0 0.253985 0.773250 0.039580 0.158102 0.8881
0 0.217664 0.767435 0.040405 0.168807 0.8855
0 0.523089 0.776423 0.041440 0.158205 0.8832
0 0.689284 0.227756 0.021897 0.236912 0.8730
0 0.781862 0.873426 0.109347 0.248887 0.8699
0 0.334871 0.768770 0.042528 0.138534 0.8683
0 0.374525 0.764648 0.043983 0.152873 0.8578
0 0.178916 0.765036 0.039724 0.150049 0.8499
0 0.556558 0.763967 0.037998 0.178872 0.8485
0 0.962068 0.261986 0.070094 0.173364 0.8364
0 0.261360 0.319639 0.056376 0.060550 0.8316
0 0.140556 0.768756 0.048164 0.155667 0.8276
0 0.502271 0.307009 0.068719 0.083536 0.8271
0 0.500390 0.692717 0.034307 0.079757 0.8158
0 0.412984 0.769095 0.040357 0.149085 0.7851
0 0.087813 0.747337 0.027915 0.160671 0.7429
0 0.580713 0.757546 0.027098 0.172112 0.7379
0 0.315709 0.694046 0.033911 0.089203 0.7320
0 0.254062 0.680458 0.030769 0.080155 0.7258
0 0.053319 0.743529 0.052574 0.170534 0.7165
0 0.024984 0.877593 0.049968 0.238408 0.7024
0 0.112657 0.756613 0.028188 0.160356 0.6898
0 0.152912 0.646383 0.033081 0.092873 0.6888
0 0.394360 0.691169 0.034021 0.077684 0.6853
0 0.630326 0.756868 0.033026 0.196914 0.6837
0 0.664321 0.739719 0.032735 0.148631 0.6831
0 0.284559 0.675975 0.035339 0.106146 0.6508
0 0.467257 0.694973 0.028024 0.084033 0.6411
0 0.363506 0.682513 0.035785 0.091933 0.6273
0 0.602668 0.755736 0.028308 0.182003 0.6153
0 0.192012 0.684109 0.026811 0.072187 0.5613
0 0.219036 0.678064 0.033229 0.070528 0.5360
0 0.165966 0.688512 0.034006 0.082872 0.4988
0 0.419623 0.765587 0.030082 0.157299 0.4945
0 0.675378 0.716201 0.028495 0.114542 0.4917
0 0.404764 0.649503 0.029511 0.102313 0.4450
0 0.011910 0.711897 0.023820 0.114949 0.4349
