0 0.036106 0.538950 0.061252 0.204535 0.9545
0 0.066463 0.440338 0.054814 0.244296 0.9510
0 0.362208 0.233479 0.062267 0.220306 0.9489
0 0.400079 0.205520 0.046659 0.224593 0.9459
0 0.453255 0.119511 0.040133 0.112016 0.9330
0 0.412504 0.547473 0.056535 0.185575 0.9289
0 0.395209 0.065290 0.055731 0.130580 0.9197
0 0.234357 0.214588 0.060292 0.223869 0.9040
0 0.240223 0.056009 0.056174 0.112006 0.8930
0 0.559066 0.064040 0.045107 0.128080 0.8642
0 0.018838 0.024971 0.037146 0.048195 0.7817
0 0.767600 0.363059 0.045976 0.214378 0.7385
0 0.614085 0.381802 0.038950 0.236608 0.6925
0 0.737383 0.348658 0.043039 0.241594 0.5359
0 0.317929 0.067976 0.047749 0.135952 0.5261
