0 0.710230 0.541921 0.048880 0.213763 0.9542
0 0.736202 0.655354 0.052421 0.232135 0.9519
0 0.417053 0.337231 0.039835 0.193426 0.9474
0 0.652197 0.103667 0.041391 0.113487 0.9340
0 0.449556 0.362635 0.052969 0.192940 0.9337
0 0.330538 0.804883 0.050031 0.213115 0.9253
0 0.653941 0.052089 0.040315 0.104177 0.9206
0 0.753299 0.072204 0.037785 0.138586 0.9183
0 0.370520 0.260257 0.035537 0.098778 0.9148
0 0.712851 0.067781 0.036246 0.135265 0.8930
0 0.847521 0.095565 0.035583 0.154852 0.8895
0 0.773630 0.955745 0.053475 0.088510 0.8828
0 0.878566 0.090979 0.030551 0.143986 0.8819
0 0.791129 0.087381 0.035609 0.129574 0.8749
0 0.631943 0.855624 0.065361 0.218623 0.8697
0 0.830748 0.081815 0.033021 0.159481 0.8686
0 0.532989 0.381105 0.045757 0.194283 0.8628
0 0.053836 0.651225 0.051708 0.222673 0.8584
0 0.555727 0.863230 0.067106 0.154261 0.8580
0 0.839904 0.302427 0.038999 0.186186 0.8526
0 0.919953 0.249756 0.037201 0.154829 0.8502
0 0.980630 0.589953 0.038385 0.194014 0.8394
0 0.546871 0.147990 0.044316 0.183299 0.8387
0 0.548134 0.930950 0.056452 0.138100 0.8347
0 0.411518 0.694041 0.059765 0.220647 0.8330
0 0.696017 0.946112 0.055835 0.107014 0.8230
0 0.422124 0.190877 0.048402 0.159593 0.8168
0 0.871050 0.291096 0.036882 0.149844 0.8084
0 0.137197 0.175449 0.036602 0.130707 0.7927
0 0.415453 0.959870 0.050141 0.080259 0.7884
0 0.240469 0.227378 0.035573 0.160714 0.7879
0 0.474852 0.168608 0.038187 0.149796 0.7874
0 0.289396 0.226397 0.040322 0.159946 0.7837
0 0.639527 0.961585 0.052527 0.075738 0.7759
0 0.274390 0.136225 0.038062 0.155040 0.7719
0 0.959906 0.271628 0.043760 0.169150 0.7715
0 0.876648 0.254605 0.032875 0.150545 0.7707
0 0.865321 0.437407 0.049950 0.193418 0.7693
0 0.903807 0.235935 0.027362 0.146572 0.7650
0 0.229248 0.274812 0.037436 0.175285 0.7605
0 0.205149 0.131949 0.034758 0.151026 0.7489
0 0.963412 0.476770 0.047853 0.181892 0.7459
0 0.442470 0.151790 0.036179 0.170320 0.7452
0 0.239160 0.131523 0.037838 0.145499 0.7440
0 0.909995 0.429150 0.040970 0.212075 0.7315
0 0.190134 0.291665 0.040938 0.180170 0.7313
0 0.170878 0.153166 0.033230 0.137826 0.7189
0 0.149147 0.249761 0.042361 0.169101 0.6970
