0 0.709998 0.542333 0.048229 0.213568 0.9531
0 0.736215 0.655772 0.053154 0.232640 0.9511
0 0.405716 0.663505 0.048152 0.229355 0.9369
0 0.329723 0.805874 0.051239 0.216249 0.9357
0 0.450726 0.360816 0.053200 0.188858 0.9356
0 0.235286 0.225498 0.036250 0.166078 0.9321
0 0.417821 0.335548 0.040496 0.196936 0.9311
0 0.653759 0.053106 0.039859 0.106212 0.9265
0 0.370701 0.259516 0.035118 0.100277 0.9172
0 0.651694 0.104444 0.041683 0.110757 0.9167
0 0.464543 0.884609 0.067758 0.230782 0.9164
0 0.421908 0.191681 0.049493 0.157663 0.9054
0 0.176952 0.226048 0.039279 0.167008 0.9017
0 0.277521 0.188137 0.039549 0.159125 0.8918
0 0.495537 0.211064 0.040723 0.146618 0.8801
0 0.216320 0.327739 0.044976 0.181922 0.8799
0 0.551294 0.798569 0.063667 0.255615 0.8787
0 0.148605 0.202054 0.029108 0.166832 0.8782
0 0.568363 0.927266 0.069002 0.144911 0.8776
0 0.462488 0.204401 0.038095 0.165481 0.8775
0 0.246514 0.180993 0.028623 0.148649 0.8757
0 0.063163 0.539115 0.047101 0.221176 0.8705
0 0.660838 0.914531 0.070261 0.170937 0.8692
0 0.556092 0.226571 0.044591 0.202347 0.8648
0 0.749441 0.051568 0.029027 0.101839 0.8632
0 0.296623 0.051551 0.027321 0.099656 0.8495
0 0.262034 0.068344 0.038340 0.118808 0.8426
0 0.585633 0.323660 0.046332 0.193486 0.8189
0 0.220281 0.155590 0.034226 0.154734 0.8154
0 0.861155 0.137074 0.033822 0.139599 0.8084
0 0.901303 0.366280 0.037718 0.178546 0.8074
0 0.869659 0.364344 0.042409 0.196462 0.7960
0 0.176824 0.145729 0.035073 0.136034 0.7787
0 0.827024 0.105368 0.030320 0.118103 0.7773
0 0.753535 0.136328 0.037144 0.141704 0.7757
0 0.936015 0.550508 0.051387 0.212756 0.7605
0 0.925243 0.308973 0.032011 0.178821 0.7425
0 0.961778 0.523814 0.044855 0.232788 0.7321
0 0.200589 0.052891 0.040140 0.104996 0.7247
0 0.865464 0.227575 0.041925 0.152337 0.6886
0 0.953761 0.321982 0.031704 0.183433 0.6590
0 0.232699 0.052072 0.030911 0.101570 0.6583
0 0.896965 0.287510 0.029780 0.107280 0.6407
0 0.987568 0.312544 0.024864 0.163603 0.6104
0 0.962459 0.332628 0.033704 0.179944 0.5219
