0 0.488178 0.415964 0.054964 0.242112 0.9539
0 0.103531 0.095597 0.039618 0.114387 0.9435
0 0.194003 0.211818 0.061674 0.215502 0.9398
0 0.155679 0.183259 0.045588 0.221213 0.9359
0 0.517556 0.535850 0.060063 0.245111 0.9240
0 0.927570 0.869137 0.142332 0.261725 0.9163
0 0.160188 0.554767 0.060691 0.213707 0.9022
0 0.160811 0.053775 0.051843 0.107549 0.8824
0 0.433510 0.807744 0.084356 0.146890 0.8762
0 0.056784 0.626051 0.059117 0.071163 0.8725
0 0.774115 0.852094 0.180022 0.247599 0.8695
0 0.315522 0.048072 0.055720 0.095911 0.8451
0 0.300621 0.207090 0.055344 0.220972 0.7982
0 0.218922 0.044478 0.058399 0.088956 0.5687
0 0.008127 0.059019 0.016215 0.113116 0.5436
0 0.210775 0.039828 0.045737 0.079656 0.4645
