0 0.170185 0.334727 0.062302 0.248254 0.9541
0 0.200641 0.212193 0.056615 0.247031 0.9485
0 0.658004 0.347175 0.058244 0.220546 0.9319
0 0.847408 0.768040 0.110348 0.210154 0.8897
0 0.685562 0.746616 0.114853 0.207441 0.8884
0 0.593843 0.768109 0.121279 0.239442 0.8846
0 0.945225 0.795658 0.109253 0.291372 0.8506
0 0.614988 0.084554 0.062811 0.169107 0.8424
0 0.500050 0.061838 0.058645 0.123062 0.8203
0 0.769017 0.758944 0.088182 0.196449 0.8137
0 0.385035 0.399497 0.069985 0.120611 0.8054
0 0.733377 0.432221 0.061213 0.055228 0.7779
0 0.584123 0.413445 0.068393 0.090205 0.7601
0 0.858824 0.093232 0.065567 0.186464 0.6327
0 0.186374 0.726957 0.030682 0.064522 0.4824
0 0.627189 0.031403 0.051622 0.062805 0.4673
