0 0.710274 0.542821 0.048015 0.212968 0.9523
0 0.736290 0.656279 0.052876 0.233374 0.9492
0 0.417117 0.337765 0.040317 0.194053 0.9478
0 0.330039 0.804178 0.051687 0.216545 0.9428
0 0.449909 0.362843 0.052312 0.189352 0.9373
0 0.651959 0.104740 0.041981 0.111958 0.9280
0 0.653981 0.052567 0.040005 0.105134 0.9216
0 0.554481 0.859663 0.069072 0.241691 0.9199
0 0.370489 0.259858 0.035509 0.100324 0.9136
0 0.641282 0.885054 0.067411 0.229702 0.9123
0 0.419409 0.684051 0.049565 0.230426 0.9060
0 0.062932 0.596855 0.049163 0.212596 0.8842
0 0.712324 0.070243 0.035602 0.134936 0.8719
0 0.421694 0.194312 0.048591 0.154468 0.8681
0 0.557439 0.166009 0.050146 0.184710 0.8678
0 0.547157 0.356634 0.054854 0.202481 0.8629
0 0.855285 0.336914 0.043532 0.187054 0.8590
0 0.230909 0.282272 0.037096 0.156290 0.8535
0 0.883087 0.336826 0.031419 0.165502 0.8333
0 0.238996 0.222844 0.038189 0.173721 0.8271
0 0.282004 0.201451 0.032516 0.157720 0.8254
0 0.909079 0.277872 0.036401 0.170223 0.8219
0 0.530143 0.920377 0.061127 0.158750 0.8170
0 0.750295 0.103181 0.039991 0.150273 0.8064
0 0.858161 0.121840 0.040131 0.170118 0.7982
0 0.807362 0.108680 0.031452 0.126649 0.7888
0 0.270178 0.123281 0.036132 0.165243 0.7743
0 0.884218 0.114472 0.027961 0.165377 0.7695
0 0.845240 0.200498 0.038704 0.164497 0.7619
0 0.170789 0.154147 0.035178 0.133611 0.7585
0 0.905614 0.502677 0.049780 0.220003 0.7450
0 0.841580 0.091056 0.034867 0.161102 0.7447
0 0.443117 0.151900 0.036363 0.181318 0.7398
0 0.194996 0.298184 0.041063 0.170469 0.7382
0 0.139210 0.177588 0.036666 0.144992 0.7378
0 0.960614 0.283146 0.030178 0.173983 0.7275
0 0.931514 0.473382 0.041444 0.214076 0.7062
0 0.985108 0.290856 0.029784 0.184388 0.6838
0 0.164944 0.236158 0.040743 0.167439 0.6702
0 0.881265 0.257196 0.025659 0.097878 0.6687
0 0.696646 0.946480 0.060288 0.107040 0.6586
0 0.983142 0.514688 0.033717 0.180639 0.6421
0 0.936569 0.283975 0.030860 0.170806 0.6349
0 0.768365 0.954477 0.059418 0.091047 0.6215
0 0.205540 0.136549 0.032143 0.147934 0.5592
0 0.236132 0.121483 0.036761 0.138701 0.5413
0 0.476855 0.179289 0.041007 0.155825 0.5309
