0 0.875838 0.689158 0.248325 0.620801 0.9459
0 0.614800 0.285281 0.048891 0.186856 0.9410
0 0.641591 0.337780 0.052861 0.079507 0.9233
0 0.271902 0.032926 0.034964 0.064919 0.9182
0 0.352497 0.113679 0.052663 0.193912 0.9042
0 0.319122 0.096194 0.040593 0.191672 0.9006
0 0.114879 0.095603 0.046838 0.186092 0.8729
0 0.461793 0.042559 0.048704 0.082975 0.8674
0 0.137422 0.036273 0.038382 0.072547 0.8514
0 0.487721 0.089018 0.047604 0.176316 0.8409
0 0.074361 0.033441 0.030868 0.066883 0.7768
0 0.131299 0.732018 0.056134 0.281119 0.7615
0 0.055846 0.749660 0.051380 0.282624 0.6361
0 0.364072 0.019214 0.041261 0.037275 0.6038
0 0.309914 0.344250 0.048063 0.071674 0.5585
