0 0.313376 0.353927 0.057935 0.190888 0.9366
0 0.225816 0.254208 0.039544 0.111313 0.9339
0 0.277787 0.336628 0.045381 0.218114 0.9321
0 0.537309 0.077343 0.044690 0.126066 0.9170
0 0.538700 0.039859 0.041911 0.079719 0.9069
0 0.283722 0.176185 0.056058 0.178237 0.8970
0 0.416609 0.355244 0.059019 0.190402 0.8941
0 0.253844 0.738914 0.505838 0.462946 0.8846
0 0.428325 0.140274 0.054019 0.208141 0.8715
0 0.340346 0.161327 0.039161 0.161191 0.8132
0 0.305189 0.138611 0.038609 0.183065 0.7697
0 0.136621 0.211574 0.043004 0.173997 0.7597
0 0.076983 0.234427 0.040343 0.175557 0.7488
0 0.066015 0.262943 0.043660 0.201158 0.7111
0 0.116549 0.108401 0.042230 0.172376 0.6731
0 0.042844 0.118940 0.033253 0.162335 0.6132
0 0.030115 0.300482 0.041217 0.197517 0.5949
0 0.074133 0.097070 0.038346 0.145485 0.5766
0 0.016170 0.143568 0.031295 0.167653 0.5675
0 0.045358 0.094688 0.033355 0.149352 0.4880
