0 0.199732 0.305266 0.053937 0.252876 0.9509
0 0.623907 0.595159 0.058604 0.150326 0.9481
0 0.283526 0.429643 0.055601 0.180376 0.9468
0 0.227865 0.760410 0.284573 0.479181 0.9457
0 0.660225 0.582504 0.043703 0.127364 0.9306
0 0.152647 0.038553 0.057279 0.075963 0.9273
0 0.039832 0.434125 0.071566 0.169862 0.9123
0 0.657251 0.897908 0.056378 0.204184 0.8995
0 0.522220 0.593404 0.060077 0.147778 0.8988
0 0.757461 0.965896 0.057281 0.068208 0.8838
0 0.186872 0.025842 0.041660 0.051244 0.8722
0 0.120161 0.872105 0.217239 0.252716 0.8043
0 0.029385 0.025728 0.057559 0.051105 0.7291
