0 0.277528 0.901453 0.056670 0.197094 0.9507
0 0.327932 0.610412 0.061091 0.181279 0.9482
0 0.624629 0.792918 0.055526 0.243719 0.9392
0 0.291096 0.595997 0.047834 0.151157 0.9385
0 0.464964 0.143548 0.060707 0.223335 0.9385
0 0.426971 0.114090 0.045588 0.214874 0.9342
0 0.374396 0.040086 0.040805 0.080171 0.9340
0 0.414374 0.438250 0.055172 0.162858 0.9330
0 0.454900 0.597978 0.064335 0.156417 0.9231
0 0.641548 0.895089 0.035273 0.209822 0.9113
0 0.845935 0.812429 0.084836 0.375143 0.8955
0 0.585935 0.050619 0.053671 0.099906 0.8945
0 0.616781 0.104503 0.052966 0.207041 0.8770
0 0.194585 0.103773 0.052469 0.204015 0.8725
0 0.025045 0.346291 0.050090 0.242053 0.8659
0 0.887343 0.332377 0.136091 0.360605 0.8505
0 0.807026 0.312398 0.072775 0.285521 0.8467
0 0.220617 0.042246 0.039865 0.083983 0.8467
0 0.477576 0.028754 0.044919 0.057508 0.8394
0 0.431489 0.019995 0.054583 0.039989 0.8387
0 0.515563 0.028856 0.050351 0.057693 0.8151
0 0.060495 0.589593 0.051532 0.138129 0.7789
0 0.783285 0.399906 0.083016 0.243545 0.7242
0 0.152680 0.042885 0.037805 0.085615 0.7209
