0 0.227310 0.223610 0.054148 0.191242 0.9519
0 0.260024 0.195549 0.041247 0.197894 0.9400
0 0.307743 0.117960 0.036587 0.100802 0.9258
0 0.117184 0.058166 0.050037 0.116331 0.9081
0 0.481544 0.692896 0.076071 0.534278 0.8981
0 0.254424 0.064088 0.050981 0.128175 0.8884
0 0.396969 0.065914 0.035492 0.131827 0.8486
0 0.115824 0.205845 0.055268 0.194373 0.8452
0 0.413946 0.712044 0.065837 0.504002 0.8092
0 0.350094 0.716633 0.074521 0.468791 0.7884
0 0.444984 0.089060 0.034281 0.171368 0.7863
0 0.507188 0.084439 0.025174 0.162361 0.7664
0 0.278401 0.696460 0.072096 0.384779 0.7001
0 0.203094 0.057976 0.040474 0.115953 0.6953
0 0.213753 0.584437 0.089507 0.251644 0.6812
0 0.467033 0.175714 0.051794 0.189129 0.5884
0 0.459408 0.038033 0.035988 0.076066 0.5443
0 0.236368 0.047208 0.036967 0.094417 0.4727
0 0.171528 0.590083 0.052090 0.204088 0.4174
