0 0.736154 0.655354 0.052611 0.232404 0.9517
0 0.710505 0.541064 0.048991 0.214245 0.9496
0 0.416944 0.336863 0.040019 0.194870 0.9468
0 0.449180 0.362769 0.051919 0.193223 0.9358
0 0.651996 0.104159 0.041395 0.112228 0.9340
0 0.330003 0.802865 0.051442 0.213447 0.9258
0 0.654214 0.052058 0.040283 0.104116 0.9187
0 0.370491 0.260312 0.035249 0.099260 0.9171
0 0.753567 0.070649 0.036751 0.137732 0.9151
0 0.532061 0.381499 0.049331 0.186751 0.9001
0 0.712548 0.068188 0.035449 0.135270 0.8916
0 0.556163 0.871924 0.067237 0.153813 0.8908
0 0.773693 0.954522 0.054008 0.090567 0.8806
0 0.839584 0.302849 0.039303 0.190088 0.8776
0 0.628906 0.846123 0.063613 0.234181 0.8563
0 0.848039 0.087752 0.036312 0.162711 0.8528
0 0.422232 0.190667 0.048774 0.158782 0.8521
0 0.791239 0.081257 0.036919 0.140239 0.8521
0 0.551518 0.936768 0.056504 0.126465 0.8495
0 0.879665 0.087617 0.031343 0.148354 0.8399
0 0.638549 0.958283 0.051192 0.081684 0.8388
0 0.051116 0.667065 0.052186 0.228703 0.8373
0 0.542956 0.141374 0.042998 0.184718 0.8325
0 0.425499 0.951746 0.046493 0.096359 0.8247
0 0.693524 0.943678 0.055881 0.110370 0.8234
0 0.832013 0.079025 0.030482 0.156655 0.8113
0 0.474414 0.164354 0.037604 0.148592 0.8016
0 0.902663 0.416282 0.041545 0.210645 0.7980
0 0.442043 0.148855 0.032817 0.164510 0.7914
0 0.919746 0.246849 0.037550 0.156514 0.7835
0 0.959638 0.270814 0.046122 0.181014 0.7828
0 0.275706 0.137071 0.039793 0.154874 0.7813
0 0.290107 0.233719 0.039138 0.145662 0.7783
0 0.874566 0.247666 0.035587 0.147652 0.7722
0 0.864508 0.430716 0.052261 0.210334 0.7545
0 0.979060 0.584091 0.041207 0.203384 0.7460
0 0.410060 0.700040 0.058113 0.224119 0.7367
0 0.228292 0.275329 0.038165 0.182579 0.7306
0 0.136689 0.182139 0.041046 0.126649 0.7297
0 0.166190 0.157390 0.038458 0.148492 0.7223
0 0.203379 0.130457 0.036131 0.143082 0.7165
0 0.189823 0.286723 0.041339 0.189772 0.7093
0 0.960806 0.471318 0.049021 0.194636 0.7068
0 0.239018 0.241341 0.038276 0.162136 0.6946
0 0.235180 0.123713 0.036225 0.149139 0.6902
0 0.868885 0.291920 0.036195 0.156356 0.6686
0 0.148440 0.260884 0.041296 0.173779 0.6234
0 0.903057 0.231892 0.026561 0.149157 0.6192
