0 0.710089 0.542386 0.048124 0.212684 0.9538
0 0.736191 0.655519 0.052806 0.231841 0.9527
0 0.417019 0.336999 0.039866 0.195677 0.9524
0 0.449986 0.362896 0.052839 0.193724 0.9385
0 0.329792 0.805611 0.050940 0.217699 0.9374
0 0.406085 0.665080 0.048236 0.230050 0.9373
0 0.560684 0.345900 0.055429 0.196107 0.9291
0 0.651713 0.104966 0.041277 0.110289 0.9267
0 0.653947 0.052984 0.039600 0.105967 0.9262
0 0.370672 0.259660 0.035485 0.099869 0.9141
0 0.494768 0.210585 0.041404 0.154126 0.9074
0 0.421646 0.193853 0.049056 0.154178 0.8990
0 0.461004 0.203909 0.038067 0.164506 0.8935
0 0.063023 0.561919 0.048982 0.217086 0.8931
0 0.235222 0.224433 0.038014 0.175324 0.8913
0 0.551160 0.818379 0.068403 0.250811 0.8898
0 0.277718 0.187761 0.039726 0.161060 0.8877
0 0.176401 0.228151 0.034801 0.167137 0.8815
0 0.214416 0.330568 0.045777 0.184766 0.8690
0 0.557226 0.164212 0.051026 0.183804 0.8582
0 0.936115 0.541580 0.050869 0.226851 0.8534
0 0.147833 0.199487 0.028512 0.172056 0.8513
0 0.489826 0.902820 0.066076 0.194361 0.8472
0 0.574392 0.946604 0.068988 0.106551 0.8199
0 0.867410 0.367172 0.041419 0.194135 0.8121
0 0.863396 0.138816 0.038288 0.154826 0.8064
0 0.264558 0.077356 0.038004 0.102443 0.8044
0 0.201629 0.052493 0.039879 0.104122 0.8010
0 0.957561 0.326850 0.032292 0.176554 0.7952
0 0.246917 0.179222 0.026761 0.156996 0.7899
0 0.901306 0.363398 0.035559 0.180057 0.7896
0 0.752269 0.126119 0.036849 0.151941 0.7887
0 0.219387 0.155312 0.035142 0.158201 0.7840
0 0.644698 0.887077 0.070147 0.225845 0.7680
0 0.959184 0.522337 0.040654 0.231000 0.7633
0 0.926454 0.302655 0.032998 0.180141 0.7599
0 0.176368 0.147847 0.031094 0.135096 0.7536
0 0.296577 0.053117 0.026416 0.100272 0.6677
0 0.987478 0.306581 0.025043 0.164817 0.6060
0 0.232368 0.052567 0.034360 0.104026 0.5876
0 0.827541 0.104087 0.030430 0.125941 0.5871
0 0.866694 0.226850 0.040411 0.154308 0.5496
0 0.896173 0.276200 0.027391 0.113335 0.5343
0 0.900310 0.279051 0.028235 0.126266 0.4372
