0 0.710206 0.542749 0.047964 0.212846 0.9526
0 0.736490 0.657027 0.053064 0.234426 0.9496
0 0.417139 0.337917 0.040283 0.193384 0.9463
0 0.330425 0.804592 0.051220 0.213600 0.9440
0 0.449874 0.362818 0.052234 0.190148 0.9402
0 0.651951 0.104485 0.041915 0.111174 0.9265
0 0.554517 0.863214 0.069797 0.242132 0.9230
0 0.653764 0.052827 0.040335 0.105654 0.9206
0 0.370503 0.259890 0.035489 0.100522 0.9154
0 0.640984 0.882669 0.069761 0.226534 0.9016
0 0.420073 0.683644 0.048610 0.227523 0.8914
0 0.063386 0.605612 0.050407 0.212380 0.8846
0 0.545583 0.356440 0.052469 0.199360 0.8793
0 0.712585 0.070274 0.036144 0.135534 0.8765
0 0.557531 0.165906 0.049283 0.188968 0.8722
0 0.773218 0.955256 0.052258 0.089487 0.8659
0 0.421897 0.194787 0.048113 0.155292 0.8606
0 0.282688 0.205825 0.034769 0.162732 0.8493
0 0.239654 0.225929 0.035947 0.161779 0.8415
0 0.229753 0.278431 0.038322 0.159650 0.8395
0 0.857774 0.118876 0.038735 0.170446 0.8361
0 0.856363 0.338912 0.041510 0.187912 0.8306
0 0.272096 0.123297 0.036296 0.164560 0.8180
0 0.750326 0.095804 0.038967 0.142839 0.8158
0 0.884991 0.113520 0.029597 0.169694 0.8143
0 0.525847 0.919931 0.057234 0.160137 0.7992
0 0.884166 0.337744 0.031460 0.170873 0.7987
0 0.695261 0.948747 0.061548 0.102506 0.7929
0 0.840503 0.090272 0.034999 0.162650 0.7885
0 0.904987 0.499601 0.049584 0.218093 0.7831
0 0.192262 0.294712 0.042129 0.169650 0.7754
0 0.138232 0.177772 0.038225 0.143535 0.7720
0 0.845128 0.199856 0.039289 0.165706 0.7601
0 0.931837 0.467077 0.043536 0.216910 0.7599
0 0.442024 0.155274 0.037001 0.174418 0.7578
0 0.881170 0.252881 0.026435 0.099854 0.7528
0 0.806458 0.106308 0.028992 0.131587 0.7426
0 0.983998 0.282769 0.031472 0.164444 0.7424
0 0.959429 0.275674 0.027883 0.158938 0.7420
0 0.906808 0.276358 0.034493 0.171185 0.7289
0 0.172237 0.155604 0.035627 0.139592 0.7286
0 0.983494 0.514225 0.032966 0.190416 0.7058
0 0.160745 0.238895 0.043301 0.164012 0.6960
0 0.478745 0.174613 0.038861 0.159699 0.6736
0 0.205270 0.134827 0.031336 0.139967 0.6554
0 0.234290 0.123015 0.035981 0.140770 0.6460
0 0.937576 0.287797 0.031313 0.182415 0.6349
0 0.979990 0.593889 0.039596 0.193579 0.5957
