0 0.493406 0.364722 0.040694 0.173280 0.9440
0 0.246005 0.199352 0.033733 0.158519 0.9424
0 0.515646 0.457408 0.045347 0.189391 0.9395
0 0.550199 0.835892 0.258654 0.231893 0.9379
0 0.839682 0.832001 0.319471 0.330178 0.9368
0 0.273319 0.219610 0.044424 0.155119 0.9338
0 0.206449 0.136618 0.030108 0.080734 0.9280
0 0.172513 0.580709 0.042737 0.173605 0.9208
0 0.365445 0.800244 0.160702 0.087482 0.8869
0 0.353391 0.218228 0.043571 0.159120 0.8864
0 0.249797 0.081707 0.040760 0.126262 0.8828
0 0.363117 0.598008 0.056822 0.142780 0.8761
0 0.138123 0.096696 0.032522 0.127302 0.8630
0 0.362129 0.066941 0.041550 0.133881 0.8610
0 0.444479 0.027023 0.037755 0.054046 0.8583
0 0.085891 0.151345 0.032508 0.135564 0.8508
0 0.054462 0.164311 0.034557 0.138081 0.8386
0 0.246334 0.481634 0.045393 0.189341 0.8314
0 0.525805 0.028526 0.031778 0.057052 0.8300
0 0.432647 0.602867 0.056373 0.133211 0.8234
0 0.096141 0.113884 0.031889 0.138091 0.8222
0 0.613302 0.035270 0.028788 0.070540 0.8183
0 0.604964 0.177673 0.033529 0.145111 0.7912
0 0.953005 0.892310 0.093074 0.213633 0.7880
0 0.637519 0.031376 0.024118 0.062753 0.7860
0 0.123699 0.044932 0.031476 0.089863 0.7840
0 0.344761 0.640027 0.048257 0.059306 0.7839
0 0.268983 0.061592 0.029354 0.123184 0.7705
0 0.294577 0.069282 0.032635 0.126816 0.7547
0 0.631209 0.176970 0.030624 0.120106 0.7496
0 0.663696 0.281770 0.028660 0.155006 0.7468
0 0.038537 0.054870 0.032619 0.103374 0.7376
0 0.091209 0.043804 0.036416 0.086945 0.7160
0 0.065686 0.050523 0.025370 0.094191 0.7134
0 0.593039 0.028428 0.028947 0.056857 0.6718
0 0.907227 0.286027 0.013804 0.072262 0.6631
0 0.779758 0.207400 0.013114 0.069660 0.6593
0 0.634642 0.140694 0.026151 0.110676 0.6488
0 0.027686 0.116505 0.034158 0.134218 0.6484
0 0.647798 0.307917 0.037875 0.177561 0.6424
0 0.012395 0.060206 0.024290 0.114035 0.6388
0 0.563936 0.022830 0.029820 0.045661 0.6331
0 0.664731 0.133598 0.024377 0.119841 0.5468
0 0.919507 0.441277 0.013854 0.081030 0.5180
0 0.946864 0.432246 0.014242 0.097720 0.5090
0 0.494838 0.018314 0.028790 0.036628 0.5088
0 0.902371 0.464970 0.017241 0.101325 0.5009
0 0.658364 0.125149 0.021966 0.110708 0.4781
0 0.755717 0.247697 0.012900 0.070965 0.4767
0 0.791065 0.295148 0.010896 0.065850 0.4684
0 0.986268 0.045049 0.011102 0.069137 0.4583
0 0.960736 0.306431 0.012027 0.074484 0.4495
0 0.729638 0.619387 0.015862 0.090179 0.4488
0 0.990403 0.280021 0.013388 0.068782 0.4444
0 0.940818 0.294840 0.009171 0.055592 0.4308
0 0.757762 0.249670 0.012701 0.072395 0.4248
0 0.843419 0.178892 0.009985 0.060171 0.4202
0 0.988583 0.284096 0.010338 0.069070 0.4174
0 0.833500 0.287654 0.011873 0.065326 0.4161
0 0.982840 0.041422 0.010414 0.066829 0.4155
0 0.906145 0.023218 0.010472 0.043965 0.4121
0 0.736151 0.218197 0.009848 0.047952 0.4105
0 0.819297 0.215255 0.009751 0.055384 0.4023
