0 0.652408 0.311121 0.225156 0.442712 0.9600
0 0.291879 0.094281 0.035332 0.097978 0.9261
0 0.818906 0.330834 0.236244 0.397565 0.9128
0 0.343457 0.052818 0.048552 0.105636 0.9012
0 0.339079 0.170780 0.041462 0.186015 0.9000
0 0.348421 0.843456 0.068714 0.183249 0.8930
0 0.078003 0.795190 0.052380 0.234882 0.8909
0 0.124881 0.799425 0.052924 0.239262 0.8875
0 0.173513 0.856400 0.055820 0.145682 0.8681
0 0.408676 0.841556 0.060562 0.185816 0.8590
0 0.490037 0.806995 0.050766 0.239084 0.8537
0 0.479482 0.083415 0.047218 0.166831 0.8503
0 0.293929 0.839927 0.052379 0.176471 0.8298
0 0.415364 0.063262 0.038464 0.126523 0.8272
0 0.522138 0.141929 0.032873 0.185549 0.8154
0 0.370408 0.198592 0.052587 0.187693 0.8132
0 0.314919 0.750932 0.041695 0.108015 0.8061
0 0.384941 0.064255 0.039782 0.128510 0.7926
0 0.196379 0.052786 0.040313 0.105571 0.7890
0 0.192975 0.672606 0.036452 0.110131 0.7654
0 0.329186 0.462147 0.050320 0.134358 0.7500
0 0.168949 0.754085 0.049645 0.124975 0.7424
0 0.167945 0.050388 0.026162 0.100776 0.7401
0 0.156395 0.076398 0.032827 0.149903 0.7379
0 0.252323 0.855894 0.052140 0.138204 0.7313
0 0.206394 0.800620 0.052033 0.240547 0.7186
0 0.226125 0.671755 0.031886 0.108827 0.7183
0 0.134756 0.170858 0.044405 0.199184 0.7179
0 0.016451 0.806865 0.032797 0.226438 0.7128
0 0.443847 0.807565 0.058118 0.243888 0.7068
0 0.360977 0.706916 0.047638 0.102380 0.7021
0 0.044785 0.786199 0.043672 0.254327 0.7018
0 0.455645 0.698284 0.035055 0.075265 0.6969
0 0.278829 0.747293 0.036517 0.105050 0.6865
0 0.096488 0.072332 0.032138 0.144169 0.6672
0 0.388766 0.749708 0.042709 0.104948 0.6660
0 0.242099 0.749988 0.043851 0.129780 0.6601
0 0.315590 0.684559 0.040097 0.112823 0.6437
0 0.104920 0.690886 0.033445 0.081370 0.6358
0 0.068322 0.058895 0.027866 0.115632 0.6160
0 0.078245 0.684067 0.030461 0.066405 0.5971
0 0.399537 0.700185 0.040022 0.087669 0.5642
0 0.137477 0.676608 0.035339 0.080272 0.5634
0 0.432823 0.803132 0.053349 0.244130 0.5606
0 0.273641 0.683203 0.031533 0.109504 0.5549
0 0.292998 0.679300 0.024072 0.109391 0.5416
0 0.168008 0.792928 0.049739 0.205931 0.5311
0 0.252177 0.679489 0.032149 0.111037 0.5087
0 0.044281 0.838137 0.035865 0.154435 0.4513
0 0.466302 0.502452 0.077887 0.052498 0.4267
0 0.206290 0.767495 0.049022 0.177116 0.4096
0 0.155253 0.678505 0.033124 0.099460 0.4041
