0 0.561854 0.687819 0.052772 0.238044 0.9466
0 0.100323 0.216508 0.040614 0.195881 0.9454
0 0.066894 0.242887 0.052437 0.190048 0.9453
0 0.588227 0.572746 0.048195 0.204649 0.9434
0 0.893642 0.693446 0.049495 0.234170 0.9361
0 0.969567 0.835247 0.049508 0.214080 0.9289
0 0.147163 0.140816 0.035400 0.101057 0.9215
0 0.528744 0.364952 0.237700 0.210430 0.9137
0 0.827890 0.382435 0.199631 0.172644 0.9031
0 0.749377 0.832659 0.063093 0.246357 0.8939
0 0.095827 0.075165 0.047686 0.149699 0.8934
0 0.828248 0.907935 0.061857 0.184130 0.8810
0 0.729803 0.944481 0.071895 0.111038 0.8608
0 0.288946 0.159127 0.036065 0.167101 0.8470
0 0.635921 0.930133 0.071946 0.139735 0.8103
0 0.278956 0.105474 0.035840 0.155346 0.8053
0 0.322814 0.177853 0.039248 0.176451 0.8040
0 0.351685 0.121217 0.041450 0.146529 0.7644
0 0.234036 0.082546 0.034475 0.160099 0.7457
0 0.349245 0.053359 0.031462 0.104359 0.7264
0 0.075610 0.063184 0.035462 0.126368 0.6553
0 0.316014 0.049493 0.029021 0.098986 0.6412
0 0.037002 0.067377 0.041816 0.134600 0.5382
0 0.373766 0.055754 0.026523 0.108814 0.5196
0 0.263174 0.042511 0.036481 0.084606 0.4987
0 0.344297 0.050669 0.031780 0.100959 0.4834
0 0.293193 0.043158 0.031766 0.086315 0.4207
0 0.397176 0.070551 0.025318 0.137463 0.4198
