0 0.736139 0.655351 0.052664 0.232171 0.9519
0 0.710408 0.540912 0.049035 0.214673 0.9502
0 0.416913 0.336731 0.039948 0.194618 0.9452
0 0.449129 0.362143 0.052063 0.193458 0.9361
0 0.652060 0.103786 0.041632 0.112864 0.9347
0 0.330406 0.804121 0.050644 0.213739 0.9288
0 0.654215 0.052313 0.040477 0.104625 0.9254
0 0.530860 0.383270 0.049953 0.188027 0.9153
0 0.370532 0.260227 0.035086 0.098873 0.9153
0 0.753574 0.068408 0.035767 0.133973 0.9074
0 0.712842 0.068172 0.035880 0.135513 0.8855
0 0.773278 0.954940 0.054539 0.090058 0.8764
0 0.557246 0.874068 0.067813 0.150897 0.8705
0 0.422034 0.190318 0.048622 0.160469 0.8599
0 0.839223 0.300448 0.038837 0.188696 0.8532
0 0.847231 0.086700 0.035532 0.161170 0.8511
0 0.791519 0.080101 0.037056 0.145150 0.8444
0 0.879769 0.084942 0.032186 0.146852 0.8389
0 0.629416 0.849704 0.065273 0.231332 0.8381
0 0.541495 0.136871 0.043852 0.188372 0.8366
0 0.554007 0.938946 0.055722 0.122109 0.8353
0 0.832890 0.078070 0.031214 0.155343 0.8323
0 0.049774 0.667399 0.051498 0.223507 0.8321
0 0.691140 0.942060 0.058308 0.114350 0.8219
0 0.638421 0.956040 0.051732 0.087397 0.8189
0 0.474437 0.163962 0.037879 0.148907 0.8000
0 0.441714 0.147932 0.033370 0.163772 0.7905
0 0.428465 0.950139 0.050318 0.099721 0.7891
0 0.958539 0.270688 0.043324 0.184570 0.7799
0 0.275762 0.134614 0.039424 0.154585 0.7770
0 0.874804 0.246609 0.035608 0.147470 0.7754
0 0.901189 0.410797 0.042043 0.202563 0.7751
0 0.862960 0.429911 0.052341 0.207684 0.7699
0 0.410525 0.699503 0.056669 0.222406 0.7677
0 0.979458 0.579226 0.040960 0.214058 0.7656
0 0.291011 0.234200 0.040439 0.145836 0.7502
0 0.919766 0.247001 0.037628 0.153998 0.7414
0 0.200262 0.127835 0.036830 0.142199 0.7335
0 0.188921 0.284527 0.042634 0.187511 0.7303
0 0.235107 0.121807 0.037386 0.153154 0.7094
0 0.148374 0.260243 0.040771 0.175998 0.7042
0 0.227547 0.275493 0.037724 0.183331 0.6924
0 0.238986 0.242645 0.037787 0.156996 0.6782
0 0.962536 0.466359 0.051429 0.198467 0.6383
0 0.868602 0.299046 0.035332 0.170501 0.6249
0 0.169834 0.152005 0.039643 0.139296 0.5716
0 0.135572 0.180296 0.042085 0.128179 0.5450
0 0.903798 0.230335 0.028232 0.149154 0.5424
