0 0.518469 0.469344 0.051347 0.226578 0.9559
0 0.152508 0.165773 0.037197 0.104616 0.9470
0 0.538877 0.567548 0.039937 0.202077 0.9416
0 0.190433 0.576021 0.051300 0.187489 0.9383
0 0.203032 0.248253 0.043236 0.214499 0.9369
0 0.237634 0.276550 0.058426 0.215630 0.9226
0 0.208472 0.093910 0.053054 0.165401 0.9161
0 0.249933 0.098965 0.041100 0.180311 0.8890
0 0.281085 0.835489 0.562171 0.329022 0.8889
0 0.785738 0.289923 0.083330 0.554478 0.8866
0 0.285241 0.108976 0.044689 0.159323 0.8694
0 0.455549 0.029400 0.045469 0.058112 0.8623
0 0.803705 0.860044 0.171531 0.279913 0.8442
0 0.486816 0.891906 0.144708 0.216188 0.8228
0 0.382948 0.234118 0.048546 0.195677 0.8155
0 0.352883 0.129937 0.047195 0.197798 0.8148
0 0.014949 0.092171 0.029435 0.163774 0.6254
0 0.052047 0.088319 0.046425 0.173525 0.5912
0 0.004720 0.232635 0.009302 0.194258 0.5267
0 0.339464 0.636578 0.056823 0.063370 0.4736
