0 0.228110 0.223190 0.056430 0.245876 0.9557
0 0.487362 0.615527 0.060091 0.169718 0.9549
0 0.188377 0.797349 0.055260 0.245350 0.9532
0 0.198523 0.353903 0.059663 0.262989 0.9512
0 0.157879 0.897634 0.061083 0.204731 0.9509
0 0.529282 0.062995 0.056443 0.125989 0.9403
0 0.524664 0.603183 0.045748 0.143864 0.9367
0 0.564409 0.051623 0.045630 0.103245 0.9344
0 0.433528 0.076181 0.059789 0.151129 0.9182
0 0.663631 0.464659 0.055747 0.130182 0.9102
0 0.520303 0.916681 0.056686 0.166637 0.8974
0 0.379406 0.613078 0.057449 0.166994 0.8912
0 0.056355 0.101158 0.055053 0.201780 0.8820
0 0.947474 0.193961 0.100146 0.333938 0.8753
0 0.980885 0.904008 0.038230 0.191985 0.8617
0 0.018378 0.099148 0.036708 0.196127 0.8241
0 0.896803 0.209981 0.094220 0.412135 0.8196
0 0.573071 0.407027 0.060335 0.243537 0.8003
0 0.021129 0.600964 0.041869 0.138356 0.7514
0 0.321332 0.487426 0.064264 0.085210 0.6858
0 0.084283 0.031276 0.049970 0.062047 0.6590
0 0.775832 0.580543 0.050622 0.100710 0.5875
0 0.738999 0.558545 0.045596 0.055344 0.5618
