0 0.710176 0.541830 0.048841 0.214161 0.9534
0 0.736174 0.655674 0.052575 0.232631 0.9526
0 0.417009 0.337330 0.039798 0.194143 0.9479
0 0.449505 0.362322 0.053074 0.193399 0.9363
0 0.652039 0.103884 0.041292 0.113167 0.9341
0 0.330366 0.804672 0.050349 0.214165 0.9251
0 0.653971 0.051825 0.040251 0.103649 0.9180
0 0.753512 0.071962 0.037466 0.137171 0.9166
0 0.370495 0.260317 0.035273 0.098479 0.9128
0 0.713020 0.067902 0.036605 0.135238 0.8962
0 0.631923 0.853689 0.065277 0.218695 0.8919
0 0.847113 0.096278 0.035983 0.158408 0.8919
0 0.773495 0.955582 0.053574 0.088836 0.8864
0 0.878755 0.092785 0.031084 0.145440 0.8789
0 0.791485 0.087659 0.035257 0.128347 0.8679
0 0.532373 0.382269 0.045244 0.194424 0.8668
0 0.830825 0.081628 0.032395 0.159547 0.8645
0 0.840190 0.303011 0.039088 0.187211 0.8565
0 0.556763 0.870906 0.067538 0.165494 0.8541
0 0.053917 0.653991 0.051561 0.221716 0.8531
0 0.980715 0.590139 0.038346 0.195720 0.8447
0 0.546500 0.147525 0.043602 0.183319 0.8435
0 0.919975 0.249223 0.037797 0.154532 0.8427
0 0.548141 0.931160 0.055189 0.137680 0.8407
0 0.422169 0.191589 0.048601 0.157698 0.8232
0 0.696661 0.946518 0.056791 0.106965 0.8191
0 0.411365 0.694759 0.060376 0.221520 0.8185
0 0.872668 0.291763 0.035514 0.148933 0.8123
0 0.639903 0.961089 0.054219 0.076018 0.8074
0 0.416042 0.958471 0.050934 0.083059 0.8043
0 0.959260 0.273014 0.044670 0.172183 0.8007
0 0.875888 0.254273 0.033492 0.147359 0.7947
0 0.289689 0.228343 0.039854 0.158851 0.7902
0 0.474935 0.167416 0.038380 0.149397 0.7870
0 0.137193 0.177566 0.036389 0.129582 0.7760
0 0.240230 0.228985 0.035943 0.161579 0.7738
0 0.274502 0.136388 0.037549 0.150359 0.7705
0 0.863617 0.434773 0.047122 0.194020 0.7683
0 0.963842 0.474113 0.049329 0.186638 0.7642
0 0.228921 0.275535 0.035814 0.168828 0.7627
0 0.903385 0.235936 0.026567 0.144979 0.7515
0 0.239271 0.129991 0.037656 0.140773 0.7489
0 0.190412 0.291504 0.040179 0.181008 0.7446
0 0.204604 0.131100 0.036930 0.150555 0.7404
0 0.169870 0.154491 0.032566 0.139328 0.7285
0 0.442087 0.149989 0.035604 0.170903 0.7186
0 0.910395 0.426428 0.040729 0.208272 0.6805
0 0.147812 0.250507 0.042279 0.167318 0.6603
