0 0.277691 0.235040 0.050822 0.215055 0.9458
0 0.249250 0.287142 0.054422 0.105657 0.9361
0 0.548304 0.071920 0.053315 0.143839 0.9344
0 0.581961 0.062355 0.041988 0.124409 0.9125
0 0.126012 0.062326 0.037786 0.123502 0.8908
0 0.836286 0.194233 0.041158 0.129368 0.8780
0 0.438258 0.067101 0.053857 0.134202 0.8754
0 0.098045 0.054697 0.035230 0.108708 0.8367
0 0.072249 0.190533 0.052940 0.243208 0.6848
0 0.584285 0.300580 0.055904 0.081052 0.6508
0 0.037694 0.162345 0.048273 0.222783 0.6065
0 0.076202 0.028529 0.033099 0.056276 0.4771
