0 0.710318 0.542474 0.047943 0.212466 0.9520
0 0.736493 0.655558 0.052739 0.231147 0.9502
0 0.417066 0.337963 0.040173 0.193774 0.9462
0 0.330084 0.805338 0.051565 0.215039 0.9455
0 0.449951 0.362969 0.052378 0.189207 0.9394
0 0.651737 0.104118 0.041850 0.111656 0.9274
0 0.554376 0.864445 0.069478 0.243996 0.9230
0 0.653896 0.052491 0.039834 0.104981 0.9192
0 0.370466 0.259863 0.035480 0.100099 0.9156
0 0.641499 0.883526 0.069899 0.229792 0.9071
0 0.419917 0.682789 0.048568 0.225170 0.8953
0 0.063361 0.603438 0.049735 0.212614 0.8836
0 0.712448 0.069676 0.036098 0.135438 0.8734
0 0.545552 0.357286 0.053212 0.202323 0.8691
0 0.557540 0.167756 0.049377 0.182758 0.8660
0 0.421917 0.194459 0.048196 0.155800 0.8648
0 0.229658 0.279166 0.038254 0.159042 0.8495
0 0.856339 0.338949 0.041392 0.190130 0.8408
0 0.857826 0.119063 0.039221 0.170153 0.8378
0 0.282551 0.206124 0.034325 0.163005 0.8361
0 0.239274 0.226427 0.036401 0.165961 0.8337
0 0.884864 0.112535 0.028893 0.168649 0.8114
0 0.772325 0.955203 0.052660 0.089594 0.8107
0 0.750618 0.099202 0.040356 0.147437 0.7927
0 0.137967 0.175952 0.036544 0.139374 0.7878
0 0.908276 0.274127 0.035339 0.168285 0.7866
0 0.884184 0.339898 0.030519 0.171505 0.7862
0 0.524257 0.919964 0.054959 0.160072 0.7856
0 0.271463 0.122630 0.035680 0.165458 0.7855
0 0.961028 0.276826 0.027041 0.160219 0.7763
0 0.192369 0.295282 0.042501 0.169277 0.7750
0 0.840535 0.090303 0.034612 0.162164 0.7736
0 0.806884 0.106987 0.029757 0.128349 0.7714
0 0.880978 0.253296 0.025871 0.100141 0.7565
0 0.905884 0.500460 0.049138 0.218143 0.7556
0 0.937833 0.288197 0.033016 0.180202 0.7501
0 0.171634 0.154389 0.035625 0.137100 0.7487
0 0.844982 0.200583 0.038700 0.163394 0.7461
0 0.442235 0.155132 0.036845 0.174579 0.7457
0 0.694515 0.950791 0.063402 0.098419 0.7394
0 0.932209 0.468759 0.043633 0.219460 0.7363
0 0.159554 0.237397 0.045504 0.164545 0.7275
0 0.982805 0.516731 0.034315 0.191541 0.7026
0 0.984294 0.283635 0.031187 0.168156 0.6631
0 0.234577 0.122628 0.035536 0.137626 0.6333
0 0.477776 0.173272 0.038401 0.158572 0.6135
0 0.204820 0.132776 0.030843 0.144267 0.6025
0 0.723320 0.843598 0.074726 0.267934 0.5685
