0 0.736227 0.655331 0.052770 0.232048 0.9531
0 0.710160 0.542442 0.048187 0.213254 0.9530
0 0.416945 0.336847 0.039701 0.195907 0.9527
0 0.405956 0.664023 0.048181 0.228892 0.9383
0 0.449768 0.363104 0.053161 0.193903 0.9382
0 0.329878 0.805547 0.050776 0.217671 0.9381
0 0.561287 0.345880 0.054712 0.194897 0.9295
0 0.653845 0.052775 0.039867 0.105550 0.9277
0 0.651605 0.104612 0.041098 0.110639 0.9270
0 0.495025 0.211873 0.041541 0.153612 0.9160
0 0.370677 0.259914 0.035561 0.099300 0.9130
0 0.460965 0.203081 0.038306 0.166552 0.9108
0 0.235469 0.224615 0.038097 0.173876 0.9001
0 0.421621 0.194322 0.048587 0.153783 0.8989
0 0.175813 0.228714 0.035382 0.163998 0.8950
0 0.063362 0.560197 0.048192 0.215285 0.8936
0 0.277996 0.187629 0.039615 0.161257 0.8873
0 0.551313 0.818355 0.066338 0.254448 0.8831
0 0.214129 0.329939 0.045949 0.187044 0.8760
0 0.148052 0.199085 0.028706 0.170792 0.8639
0 0.937271 0.544101 0.051036 0.228941 0.8613
0 0.557277 0.166117 0.050459 0.180539 0.8523
0 0.488150 0.901724 0.065646 0.196552 0.8489
0 0.867846 0.368431 0.040734 0.196002 0.8163
0 0.926076 0.302805 0.033223 0.173787 0.8121
0 0.573823 0.946577 0.069858 0.106629 0.8102
0 0.863299 0.139301 0.037584 0.154518 0.8083
0 0.901105 0.364330 0.036008 0.181431 0.8034
0 0.265414 0.076475 0.036657 0.102106 0.8030
0 0.957808 0.327461 0.032337 0.172275 0.8024
0 0.752578 0.128106 0.037284 0.149242 0.7983
0 0.247259 0.181485 0.026726 0.156413 0.7958
0 0.219297 0.153680 0.036304 0.157370 0.7923
0 0.176675 0.147911 0.031991 0.134133 0.7825
0 0.201680 0.051901 0.040518 0.102908 0.7748
0 0.960187 0.523550 0.040356 0.231994 0.7701
0 0.644331 0.886225 0.065827 0.227550 0.7469
0 0.296738 0.053104 0.026618 0.100902 0.7073
0 0.896017 0.277340 0.028285 0.111573 0.6675
0 0.865990 0.226994 0.039857 0.154609 0.6625
0 0.233480 0.051163 0.035738 0.102063 0.6171
0 0.827738 0.103518 0.030372 0.127255 0.5838
0 0.984292 0.310534 0.028883 0.167434 0.4800
