0 0.366718 0.858609 0.342069 0.281459 0.9522
0 0.363614 0.314416 0.054047 0.199077 0.9432
0 0.626877 0.496237 0.046152 0.216904 0.9411
0 0.318889 0.609794 0.049250 0.205608 0.9313
0 0.330530 0.288801 0.041348 0.202912 0.9292
0 0.282458 0.210009 0.036234 0.102033 0.9221
0 0.569134 0.053760 0.040177 0.104783 0.9117
0 0.570986 0.026030 0.038849 0.052060 0.9047
0 0.147603 0.175898 0.037541 0.173744 0.9046
0 0.374581 0.150996 0.039769 0.166150 0.9044
0 0.334682 0.142561 0.048941 0.156968 0.9027
0 0.123052 0.280397 0.046317 0.190171 0.8943
0 0.408529 0.158076 0.041095 0.150113 0.8865
0 0.242377 0.682982 0.049104 0.057106 0.8746
0 0.498762 0.277455 0.047108 0.191199 0.8700
0 0.157789 0.130651 0.028183 0.153573 0.8624
0 0.639540 0.601563 0.024279 0.216268 0.8599
0 0.470788 0.170989 0.048698 0.206070 0.8574
0 0.085278 0.177795 0.035995 0.165133 0.8393
0 0.465288 0.669379 0.062200 0.081184 0.8330
0 0.207383 0.024294 0.027518 0.048589 0.8153
0 0.129439 0.105879 0.036389 0.152696 0.8146
0 0.059032 0.150427 0.029373 0.176075 0.7873
0 0.087179 0.098263 0.037869 0.136777 0.7808
0 0.171020 0.036530 0.041585 0.073011 0.7772
0 0.188170 0.133511 0.037613 0.166280 0.7458
0 0.809426 0.587946 0.057735 0.243776 0.7301
0 0.873857 0.466974 0.025368 0.158268 0.6845
0 0.114492 0.026694 0.049585 0.052660 0.4187
