0 0.041726 0.241931 0.040889 0.198620 0.9339
0 0.089025 0.163998 0.035610 0.102030 0.9334
0 0.184910 0.757628 0.369820 0.484744 0.9248
0 0.017387 0.263079 0.034695 0.196398 0.9101
0 0.036448 0.098980 0.050401 0.155732 0.8649
0 0.808977 0.352846 0.037997 0.023950 0.8093
0 0.271607 0.198696 0.039760 0.183321 0.7850
0 0.173155 0.121207 0.039623 0.167268 0.7784
0 0.293314 0.064403 0.037593 0.128599 0.7477
0 0.262918 0.059153 0.031579 0.118067 0.6767
0 0.224162 0.141871 0.040618 0.164490 0.6662
0 0.015191 0.065350 0.029974 0.128147 0.6220
0 0.309789 0.155902 0.042960 0.150641 0.6126
0 0.234656 0.164999 0.039987 0.179295 0.6060
0 0.777601 0.354371 0.019141 0.028133 0.5860
0 0.189437 0.053511 0.044950 0.106812 0.5654
0 0.228756 0.050152 0.038272 0.099096 0.4874
0 0.258332 0.052466 0.033475 0.104933 0.4559
