0 0.403337 0.373108 0.050580 0.221599 0.9504
0 0.668513 0.582508 0.052002 0.211751 0.9475
0 0.098480 0.156896 0.042476 0.202600 0.9464
0 0.132624 0.185176 0.055065 0.199259 0.9463
0 0.759088 0.102508 0.042967 0.198530 0.9458
0 0.793673 0.129506 0.055744 0.200634 0.9383
0 0.430560 0.492782 0.055174 0.241402 0.9339
0 0.710210 0.037124 0.036330 0.074248 0.9320
0 0.086998 0.502152 0.051394 0.242451 0.9304
0 0.748078 0.445769 0.050591 0.242908 0.9292
0 0.248208 0.168479 0.059181 0.204382 0.9250
0 0.243350 0.037337 0.051772 0.074675 0.9197
0 0.049490 0.080928 0.036141 0.100948 0.9191
0 0.908791 0.113323 0.058033 0.206215 0.9188
0 0.901233 0.582853 0.071617 0.213346 0.9158
0 0.103122 0.044278 0.050638 0.088557 0.9096
0 0.016845 0.615254 0.033690 0.163690 0.9040
0 0.144748 0.052265 0.039304 0.104531 0.9027
0 0.178542 0.052943 0.042323 0.105886 0.8975
0 0.239454 0.608542 0.071313 0.162076 0.8925
0 0.762679 0.017338 0.050162 0.034677 0.8839
0 0.545360 0.095253 0.050587 0.187981 0.8803
0 0.806341 0.022587 0.037646 0.045174 0.8696
0 0.568577 0.034348 0.037574 0.068695 0.8601
0 0.840078 0.021605 0.041974 0.043210 0.8367
0 0.980365 0.624174 0.039006 0.127145 0.7319
0 0.837571 0.647949 0.063974 0.082526 0.7001
0 0.507934 0.035962 0.034549 0.071709 0.6950
0 0.300903 0.901649 0.025154 0.064561 0.6003
0 0.480996 0.030170 0.017885 0.060340 0.4064
