0 0.312429 0.323136 0.048049 0.228449 0.9430
0 0.237642 0.443641 0.051307 0.174705 0.9429
0 0.374916 0.799148 0.308660 0.398480 0.9388
0 0.765501 0.463175 0.049319 0.132737 0.9341
0 0.885889 0.077546 0.050982 0.154511 0.9243
0 0.842055 0.362906 0.047814 0.227209 0.9219
0 0.853942 0.067219 0.039608 0.134438 0.9215
0 0.458572 0.432045 0.064658 0.195490 0.9202
0 0.356696 0.059159 0.050153 0.118317 0.8751
0 0.323822 0.047068 0.039420 0.094136 0.8603
0 0.977641 0.456446 0.044657 0.146318 0.8466
0 0.380426 0.486983 0.059666 0.087711 0.7194
0 0.654806 0.065699 0.037172 0.131399 0.6989
0 0.973327 0.779271 0.043165 0.172241 0.6837
0 0.749688 0.735452 0.036849 0.048986 0.6391
0 0.715423 0.731765 0.027979 0.054264 0.6284
0 0.559162 0.802880 0.048838 0.256319 0.6238
0 0.903402 0.706926 0.050931 0.102905 0.6210
0 0.125496 0.044294 0.035440 0.088589 0.6046
0 0.864371 0.736373 0.037500 0.049086 0.5652
0 0.595428 0.809113 0.053749 0.264257 0.5588
0 0.676947 0.731153 0.046738 0.053775 0.5419
0 0.840099 0.717922 0.028949 0.077887 0.5400
0 0.495666 0.039154 0.043155 0.078307 0.5096
0 0.787011 0.734161 0.037755 0.049598 0.5030
0 0.861399 0.695816 0.029236 0.065131 0.4970
0 0.306756 0.840289 0.169553 0.317091 0.4635
0 0.661349 0.707126 0.031040 0.085103 0.4606
0 0.905321 0.499260 0.045999 0.060768 0.4200
