0 0.710081 0.542229 0.048208 0.213404 0.9533
0 0.736244 0.655774 0.052921 0.232297 0.9517
0 0.450423 0.360828 0.052458 0.189789 0.9409
0 0.329673 0.805389 0.050914 0.217893 0.9397
0 0.405845 0.663614 0.049434 0.229430 0.9392
0 0.235396 0.229083 0.036420 0.162979 0.9388
0 0.417452 0.336581 0.040172 0.196510 0.9385
0 0.653791 0.052783 0.040059 0.105565 0.9270
0 0.651826 0.104364 0.041817 0.111296 0.9221
0 0.370784 0.260014 0.035072 0.100119 0.9170
0 0.422420 0.192679 0.049129 0.154540 0.9094
0 0.585691 0.322739 0.044969 0.192479 0.9082
0 0.472906 0.892630 0.062720 0.214740 0.9059
0 0.247621 0.177340 0.028781 0.156770 0.9016
0 0.462390 0.205089 0.037694 0.166402 0.9000
0 0.278169 0.184370 0.038917 0.166754 0.8998
0 0.176822 0.225935 0.037792 0.165500 0.8962
0 0.550987 0.804092 0.065078 0.253754 0.8951
0 0.063516 0.547970 0.046880 0.217615 0.8892
0 0.495569 0.210415 0.041622 0.154220 0.8890
0 0.556977 0.221663 0.046120 0.211735 0.8848
0 0.215860 0.329302 0.043565 0.178617 0.8800
0 0.148100 0.198680 0.030169 0.164127 0.8514
0 0.569941 0.934070 0.071576 0.131861 0.8499
0 0.926411 0.309514 0.034167 0.178314 0.8436
0 0.218932 0.157439 0.035326 0.155961 0.8431
0 0.749763 0.052434 0.028715 0.103987 0.8335
0 0.899973 0.362665 0.037444 0.182999 0.8294
0 0.662062 0.913310 0.075966 0.173381 0.8237
0 0.867866 0.366825 0.042283 0.191017 0.8222
0 0.862366 0.139384 0.036161 0.145703 0.8185
0 0.296227 0.053694 0.026521 0.095617 0.8173
0 0.263445 0.071261 0.037493 0.111541 0.8061
0 0.936109 0.550343 0.053660 0.218098 0.7994
0 0.960894 0.528278 0.044059 0.225684 0.7977
0 0.201273 0.054352 0.039366 0.106571 0.7896
0 0.176870 0.143713 0.033579 0.133049 0.7771
0 0.826834 0.103609 0.030465 0.125003 0.7685
0 0.754145 0.132375 0.036746 0.144807 0.7584
0 0.959731 0.332257 0.030257 0.177882 0.6845
0 0.955903 0.319347 0.031828 0.179328 0.6794
0 0.896478 0.286614 0.026397 0.104395 0.6567
0 0.233418 0.051964 0.032323 0.100908 0.6216
0 0.867631 0.230584 0.042594 0.153949 0.5888
0 0.978898 0.320658 0.025361 0.154595 0.5504
0 0.982745 0.314143 0.028920 0.160220 0.4496
