0 0.226848 0.775007 0.404622 0.449267 0.9600
0 0.557674 0.767290 0.123780 0.351386 0.9568
0 0.756599 0.812607 0.150012 0.272203 0.9566
0 0.854005 0.799583 0.137604 0.266253 0.9531
0 0.469940 0.777582 0.080434 0.444835 0.9470
0 0.954542 0.777934 0.090393 0.316081 0.9347
0 0.972821 0.873864 0.053952 0.252273 0.9281
0 0.707737 0.671338 0.102776 0.226809 0.9225
0 0.519662 0.636684 0.043726 0.085875 0.8948
0 0.611091 0.651535 0.051591 0.106790 0.8706
0 0.651814 0.662210 0.023284 0.031332 0.7675
0 0.341945 0.392020 0.044349 0.259771 0.6402
0 0.300257 0.316188 0.026263 0.128587 0.4458
