0 0.070561 0.159199 0.052513 0.191270 0.9526
0 0.114179 0.464120 0.050237 0.230362 0.9443
0 0.103578 0.132987 0.040971 0.196993 0.9408
0 0.151188 0.055522 0.035152 0.098839 0.9307
0 0.098655 0.032754 0.050423 0.065507 0.9293
0 0.192088 0.543274 0.050969 0.092118 0.9210
0 0.309299 0.130564 0.045117 0.192629 0.9190
0 0.245594 0.030774 0.039465 0.061548 0.9148
0 0.288330 0.053685 0.036714 0.107370 0.9146
0 0.347634 0.054054 0.036900 0.108108 0.9124
0 0.375095 0.039097 0.031474 0.078193 0.9027
0 0.058274 0.041084 0.036179 0.082168 0.8878
0 0.278273 0.024408 0.028854 0.048816 0.8774
0 0.024044 0.041265 0.043456 0.082530 0.8277
0 0.400366 0.034466 0.026145 0.068932 0.5973
