0 0.279164 0.911834 0.050683 0.175617 0.9589
0 0.261422 0.184715 0.049501 0.217899 0.9522
0 0.234503 0.298248 0.054599 0.235969 0.9472
0 0.546856 0.748292 0.053179 0.198046 0.9415
0 0.529084 0.048852 0.053825 0.097705 0.9372
0 0.338345 0.487574 0.041666 0.110321 0.9359
0 0.745413 0.747803 0.176722 0.504394 0.9222
0 0.462282 0.770830 0.051524 0.193904 0.9210
0 0.893482 0.725686 0.141758 0.547415 0.9148
0 0.252620 0.965908 0.055076 0.067942 0.9061
0 0.336156 0.451194 0.041003 0.063397 0.9056
0 0.556588 0.318455 0.046575 0.201256 0.9033
0 0.277848 0.469129 0.035511 0.101680 0.8932
0 0.432228 0.049875 0.056472 0.099751 0.8814
0 0.560369 0.036912 0.038293 0.073824 0.8699
0 0.235231 0.469902 0.035471 0.102339 0.8641
0 0.451197 0.518134 0.044105 0.193420 0.8608
0 0.137159 0.484649 0.036608 0.132577 0.8597
0 0.197483 0.476820 0.038151 0.114992 0.8576
0 0.147400 0.690501 0.039601 0.193298 0.8490
0 0.106199 0.483053 0.031030 0.128960 0.8490
0 0.110575 0.634653 0.032835 0.144236 0.8266
0 0.521285 0.549581 0.037738 0.143522 0.8140
0 0.121274 0.819104 0.051363 0.201667 0.8097
0 0.156694 0.480674 0.030165 0.123736 0.8050
0 0.569177 0.723026 0.020762 0.200562 0.8006
0 0.117194 0.680810 0.036530 0.160781 0.7937
0 0.076067 0.111281 0.045583 0.193694 0.7817
0 0.082389 0.810902 0.042441 0.208049 0.7632
0 0.553537 0.536175 0.033013 0.151943 0.7495
0 0.021278 0.873456 0.042358 0.213317 0.7484
0 0.043257 0.090107 0.042794 0.179293 0.7407
0 0.024360 0.650904 0.043034 0.173729 0.7324
0 0.563794 0.585304 0.029578 0.142378 0.7234
0 0.119062 0.026201 0.037259 0.050813 0.6447
0 0.064920 0.634572 0.038466 0.154648 0.6284
0 0.012360 0.927357 0.024706 0.143257 0.5285
0 0.088213 0.019986 0.037024 0.039616 0.4335
