0 0.852033 0.263959 0.295564 0.527918 0.9671
0 0.310731 0.327307 0.058432 0.212796 0.9528
0 0.275073 0.300499 0.045142 0.218107 0.9444
0 0.792466 0.868805 0.113413 0.256671 0.9434
0 0.622151 0.861990 0.094385 0.272319 0.9327
0 0.223496 0.214554 0.038357 0.110135 0.9293
0 0.701892 0.854143 0.085974 0.287458 0.9213
0 0.419505 0.319379 0.056818 0.216653 0.9204
0 0.879319 0.867829 0.072377 0.260690 0.9188
0 0.429614 0.109819 0.054652 0.208484 0.9015
0 0.279173 0.142712 0.054748 0.167980 0.8990
0 0.945518 0.813137 0.098334 0.371415 0.8848
0 0.855161 0.738162 0.076645 0.158732 0.8684
0 0.665385 0.705016 0.055863 0.207903 0.8576
0 0.752952 0.716736 0.056821 0.211482 0.8572
0 0.900724 0.669250 0.046665 0.142742 0.8549
0 0.545340 0.722487 0.051686 0.363992 0.8376
0 0.802760 0.676427 0.052085 0.160374 0.8293
0 0.066743 0.233962 0.042128 0.190960 0.8247
0 0.127920 0.162290 0.038935 0.174994 0.8215
0 0.076825 0.179915 0.039742 0.172052 0.8133
0 0.612924 0.651263 0.045778 0.145826 0.7875
0 0.024082 0.255383 0.047330 0.201709 0.7813
0 0.576068 0.809091 0.106306 0.372326 0.7766
0 0.117434 0.078412 0.043032 0.156824 0.7638
0 0.302420 0.102889 0.038065 0.167545 0.7407
0 0.340419 0.122963 0.039973 0.161519 0.7351
0 0.717771 0.663801 0.051615 0.104474 0.7133
0 0.039090 0.093283 0.038404 0.168943 0.6986
0 0.849100 0.660382 0.047148 0.130665 0.6563
0 0.071730 0.073977 0.038431 0.138199 0.5760
0 0.336016 0.106675 0.034593 0.161210 0.5749
