0 0.048269 0.261877 0.050306 0.219233 0.9495
0 0.317070 0.086651 0.054599 0.173302 0.9470
0 0.804604 0.451996 0.052271 0.197956 0.9445
0 0.680361 0.054918 0.054418 0.109724 0.9364
0 0.024390 0.381521 0.048779 0.240827 0.9355
0 0.349952 0.076389 0.041262 0.151893 0.9345
0 0.725566 0.326438 0.049924 0.228834 0.9336
0 0.418288 0.197293 0.037577 0.223445 0.9280
0 0.713869 0.042426 0.041940 0.084253 0.9274
0 0.574711 0.458260 0.068401 0.182172 0.9049
0 0.227685 0.095916 0.051171 0.191831 0.9048
0 0.348219 0.414891 0.054232 0.229627 0.8312
0 0.565589 0.047217 0.055427 0.094434 0.7968
0 0.128886 0.508764 0.065673 0.083135 0.7564
0 0.475539 0.503118 0.077494 0.094719 0.6897
0 0.207157 0.515983 0.073705 0.070929 0.6558
0 0.625903 0.519786 0.053535 0.058834 0.6499
0 0.926729 0.037528 0.041225 0.075056 0.4505
