0 0.710161 0.542344 0.047943 0.213532 0.9523
0 0.736165 0.656122 0.052862 0.232682 0.9508
0 0.330359 0.805044 0.050763 0.214578 0.9377
0 0.406123 0.665848 0.048719 0.226472 0.9358
0 0.450562 0.358934 0.053873 0.197196 0.9264
0 0.653692 0.052968 0.039635 0.105937 0.9261
0 0.651998 0.104430 0.041408 0.111390 0.9211
0 0.370594 0.259614 0.035254 0.100562 0.9180
0 0.458758 0.878479 0.066360 0.243042 0.9150
0 0.417387 0.337587 0.039483 0.196987 0.9138
0 0.421797 0.192379 0.049283 0.157303 0.9074
0 0.214798 0.332559 0.045669 0.184603 0.8947
0 0.234213 0.230092 0.036189 0.175015 0.8902
0 0.562771 0.918807 0.067393 0.162387 0.8870
0 0.063094 0.532708 0.048411 0.222423 0.8828
0 0.295773 0.050545 0.028113 0.100080 0.8820
0 0.551596 0.791496 0.063151 0.247493 0.8691
0 0.178107 0.224660 0.035218 0.162568 0.8670
0 0.461638 0.201561 0.037847 0.165090 0.8649
0 0.246115 0.181942 0.028190 0.163791 0.8595
0 0.958801 0.325987 0.034894 0.177430 0.8445
0 0.748917 0.051502 0.027764 0.100523 0.8428
0 0.663508 0.915924 0.071723 0.168152 0.8414
0 0.557439 0.228517 0.045941 0.198062 0.8342
0 0.152556 0.201455 0.029457 0.168772 0.8286
0 0.261093 0.063641 0.038490 0.123029 0.8215
0 0.492830 0.208233 0.039484 0.142652 0.8158
0 0.178357 0.146572 0.031099 0.131166 0.8000
0 0.826987 0.106043 0.030943 0.116590 0.7924
0 0.925242 0.310978 0.030634 0.176225 0.7909
0 0.862221 0.139917 0.034913 0.136086 0.7868
0 0.935098 0.543046 0.052956 0.229911 0.7783
0 0.219895 0.154150 0.036795 0.160181 0.7727
0 0.865344 0.362902 0.042216 0.197412 0.7550
0 0.754672 0.139355 0.035300 0.136223 0.7378
0 0.897926 0.363548 0.037038 0.167327 0.7233
0 0.600503 0.310458 0.044812 0.189844 0.7208
0 0.987828 0.311505 0.024345 0.172999 0.7029
0 0.868366 0.235213 0.042751 0.150905 0.6394
0 0.275401 0.188523 0.043390 0.163284 0.6018
0 0.581316 0.326148 0.042947 0.196868 0.5885
0 0.201006 0.050722 0.041065 0.101444 0.5853
0 0.955547 0.522577 0.042715 0.246003 0.5732
0 0.233804 0.050533 0.030882 0.100686 0.4928
