0 0.089086 0.446142 0.051598 0.229402 0.9572
0 0.060782 0.536391 0.056796 0.188225 0.9494
0 0.795163 0.316073 0.409673 0.631925 0.9416
0 0.417167 0.545023 0.052998 0.173362 0.9367
0 0.455526 0.141353 0.038565 0.106401 0.9267
0 0.405868 0.223468 0.042452 0.210559 0.9264
0 0.355842 0.085829 0.043356 0.169146 0.9228
0 0.400211 0.075896 0.051596 0.151545 0.9217
0 0.370014 0.251084 0.060960 0.214418 0.9111
0 0.559366 0.077047 0.048979 0.153413 0.8971
0 0.321492 0.088256 0.043583 0.160484 0.8820
0 0.254705 0.107628 0.049738 0.212602 0.8803
0 0.152268 0.016467 0.044048 0.032496 0.7694
0 0.930264 0.817274 0.139473 0.365451 0.6996
0 0.263256 0.604693 0.068603 0.053305 0.6376
0 0.225703 0.209501 0.044132 0.211151 0.6289
0 0.208250 0.195850 0.045272 0.200684 0.5904
0 0.401447 0.815672 0.212952 0.366650 0.5098
0 0.898774 0.817491 0.202453 0.365018 0.4385
