0 0.710303 0.542560 0.048102 0.212911 0.9515
0 0.736040 0.655262 0.052619 0.230842 0.9508
0 0.417260 0.337869 0.040448 0.195291 0.9483
0 0.329930 0.803768 0.050468 0.220282 0.9401
0 0.450180 0.362937 0.053638 0.190811 0.9376
0 0.406426 0.667400 0.048677 0.227971 0.9306
0 0.651834 0.105345 0.041467 0.110566 0.9264
0 0.653647 0.052857 0.039541 0.105715 0.9251
0 0.370652 0.260259 0.035330 0.099363 0.9159
0 0.551693 0.826776 0.066598 0.251368 0.9141
0 0.061338 0.583835 0.051234 0.223787 0.8868
0 0.421979 0.194043 0.049012 0.155552 0.8849
0 0.640767 0.884672 0.066257 0.230655 0.8753
0 0.278572 0.193183 0.036673 0.155131 0.8673
0 0.557577 0.166171 0.050422 0.184015 0.8583
0 0.235064 0.223631 0.039248 0.178777 0.8503
0 0.559385 0.344415 0.054007 0.195096 0.8383
0 0.502617 0.911285 0.055950 0.177104 0.8326
0 0.923227 0.523033 0.040831 0.228096 0.8258
0 0.859271 0.124819 0.037747 0.158787 0.8140
0 0.750949 0.109590 0.036949 0.152713 0.8126
0 0.596124 0.945456 0.057653 0.109088 0.8087
0 0.212390 0.326819 0.047087 0.195358 0.7950
0 0.856746 0.342155 0.043326 0.181913 0.7860
0 0.842205 0.092817 0.034953 0.159136 0.7768
0 0.883069 0.339713 0.033032 0.172492 0.7733
0 0.267529 0.079505 0.035336 0.101399 0.7639
0 0.946827 0.494204 0.038334 0.219592 0.7585
0 0.887746 0.126643 0.027896 0.147572 0.7546
0 0.174936 0.229930 0.035149 0.167603 0.7543
0 0.472147 0.176949 0.035656 0.151444 0.7513
0 0.224515 0.150869 0.028931 0.147553 0.7354
0 0.964112 0.285771 0.029110 0.161576 0.7181
0 0.844285 0.199219 0.039580 0.165318 0.7149
0 0.713723 0.068422 0.036152 0.134199 0.7031
0 0.807378 0.109164 0.030876 0.124384 0.7028
0 0.441865 0.152371 0.035188 0.176014 0.7020
0 0.934099 0.287180 0.030983 0.168560 0.6644
0 0.202380 0.050044 0.039795 0.100034 0.6626
0 0.989057 0.291823 0.021885 0.178782 0.6549
0 0.245923 0.185444 0.027790 0.146119 0.6530
0 0.176010 0.149616 0.032087 0.135942 0.6492
0 0.149385 0.166962 0.028081 0.127230 0.6100
0 0.239936 0.051638 0.033401 0.101688 0.5864
0 0.883175 0.263000 0.029064 0.107963 0.5630
0 0.148056 0.204893 0.027794 0.170741 0.5450
