0 0.710201 0.542334 0.048101 0.212238 0.9516
0 0.736052 0.657065 0.053176 0.234907 0.9507
0 0.417360 0.337349 0.040591 0.195760 0.9478
0 0.329980 0.803752 0.050692 0.220606 0.9398
0 0.449707 0.363503 0.053634 0.189937 0.9320
0 0.651861 0.105307 0.041563 0.110914 0.9278
0 0.653878 0.052681 0.039488 0.105361 0.9245
0 0.407706 0.670935 0.049512 0.232591 0.9227
0 0.552323 0.832671 0.066314 0.252936 0.9144
0 0.370498 0.259771 0.035425 0.100501 0.9108
0 0.061579 0.587782 0.051753 0.220770 0.8890
0 0.641849 0.884975 0.067945 0.230051 0.8835
0 0.422378 0.193456 0.049820 0.156183 0.8764
0 0.557688 0.169126 0.050191 0.176820 0.8687
0 0.560287 0.343856 0.054295 0.202871 0.8604
0 0.855320 0.339003 0.043483 0.186090 0.8529
0 0.884160 0.336545 0.033196 0.169866 0.8419
0 0.280640 0.195851 0.035772 0.156735 0.8397
0 0.750263 0.105896 0.040155 0.156866 0.8375
0 0.234855 0.226810 0.037592 0.174771 0.8342
0 0.858582 0.122102 0.038336 0.167478 0.8263
0 0.712659 0.071364 0.036231 0.135964 0.8224
0 0.504351 0.911500 0.055361 0.176999 0.8174
0 0.922661 0.522626 0.041905 0.229632 0.8149
0 0.841930 0.092977 0.034628 0.161123 0.8025
0 0.937621 0.283225 0.031949 0.163021 0.7880
0 0.809356 0.109485 0.031925 0.128956 0.7841
0 0.887334 0.124394 0.028079 0.153444 0.7830
0 0.598656 0.947726 0.053627 0.104548 0.7741
0 0.844269 0.198337 0.038752 0.166718 0.7536
0 0.883492 0.261271 0.028751 0.103018 0.7493
0 0.441605 0.155110 0.035027 0.171007 0.7468
0 0.946119 0.490444 0.044650 0.220736 0.7237
0 0.268996 0.118025 0.036833 0.164844 0.7097
0 0.473140 0.180870 0.036507 0.151318 0.7030
0 0.964906 0.286671 0.029124 0.169095 0.6726
0 0.210200 0.320039 0.047393 0.199440 0.6040
0 0.173279 0.226507 0.035422 0.165261 0.5881
0 0.173373 0.149275 0.031629 0.133655 0.5640
0 0.147457 0.176493 0.028518 0.151002 0.5572
0 0.983257 0.533656 0.033186 0.173160 0.5224
0 0.203398 0.052622 0.040694 0.103347 0.5087
0 0.228479 0.133342 0.034980 0.143079 0.4999
0 0.913075 0.287944 0.034361 0.174947 0.4983
0 0.989981 0.289699 0.020038 0.177132 0.4671
0 0.940524 0.477150 0.042372 0.217163 0.4276
0 0.228000 0.299882 0.040219 0.198342 0.4263
