0 0.718897 0.814200 0.233078 0.369726 0.9471
0 0.687721 0.271010 0.058556 0.221714 0.9466
0 0.319599 0.040054 0.047766 0.080109 0.9290
0 0.267577 0.069383 0.036757 0.103478 0.9259
0 0.315785 0.147658 0.041229 0.200229 0.9220
0 0.347966 0.174370 0.053224 0.199212 0.9142
0 0.128947 0.060957 0.035203 0.121090 0.9089
0 0.170806 0.038958 0.040755 0.077917 0.9024
0 0.906756 0.200962 0.061290 0.220068 0.8826
0 0.107672 0.141992 0.046124 0.194432 0.8821
0 0.811975 0.303054 0.053550 0.237329 0.8772
0 0.361807 0.047746 0.041288 0.095492 0.8683
0 0.140263 0.033332 0.028581 0.066663 0.8616
0 0.067591 0.060172 0.034294 0.120344 0.8504
0 0.903411 0.340359 0.062751 0.156655 0.8310
0 0.393383 0.044990 0.041412 0.089979 0.7803
0 0.113005 0.021281 0.033072 0.042562 0.7607
0 0.038816 0.047280 0.028427 0.093003 0.7501
0 0.760073 0.142126 0.047968 0.226162 0.5769
0 0.304395 0.394009 0.046472 0.052368 0.5572
