0 0.092943 0.398836 0.053731 0.232734 0.9577
0 0.615082 0.114620 0.052280 0.223524 0.9546
0 0.065251 0.473517 0.056419 0.152216 0.9464
0 0.586924 0.237307 0.056905 0.254550 0.9457
0 0.374906 0.200649 0.056722 0.209274 0.9449
0 0.408768 0.175081 0.044098 0.214719 0.9439
0 0.943633 0.246601 0.052325 0.248279 0.9431
0 0.459992 0.094045 0.037951 0.109211 0.9298
0 0.286255 0.227356 0.056097 0.204591 0.9114
0 0.884885 0.452251 0.072369 0.195037 0.9074
0 0.404495 0.052049 0.052591 0.104097 0.9025
0 0.785869 0.392445 0.067341 0.282363 0.8892
0 0.770929 0.496183 0.076238 0.106068 0.8555
0 0.349386 0.034243 0.038793 0.068487 0.8262
0 0.666632 0.492286 0.075948 0.116955 0.7793
0 0.418881 0.499641 0.059076 0.100862 0.7213
0 0.276179 0.025928 0.047968 0.051856 0.6629
