0 0.235920 0.097127 0.044921 0.193963 0.9415
0 0.201430 0.113260 0.057520 0.205735 0.9414
0 0.234403 0.803144 0.164854 0.296940 0.9385
0 0.109096 0.134857 0.057516 0.213027 0.9261
0 0.287913 0.026930 0.039761 0.053859 0.9131
0 0.487766 0.069237 0.047712 0.138474 0.7617
0 0.712399 0.270787 0.045800 0.267648 0.7382
0 0.241897 0.442187 0.060852 0.154544 0.7333
0 0.657035 0.277945 0.048215 0.281492 0.7330
0 0.377593 0.023496 0.044959 0.046923 0.6185
0 0.444322 0.058241 0.038444 0.116019 0.6070
0 0.530206 0.048884 0.036716 0.097463 0.5050
