0 0.444993 0.300019 0.054083 0.202887 0.9370
0 0.411407 0.273996 0.041787 0.204377 0.9358
0 0.362899 0.194297 0.036108 0.101748 0.9233
0 0.416781 0.124587 0.053259 0.162993 0.8746
0 0.033040 0.523753 0.052811 0.098655 0.8387
0 0.279705 0.152486 0.042109 0.165217 0.8308
0 0.212847 0.208979 0.043103 0.182677 0.7930
0 0.189992 0.075701 0.034234 0.143274 0.7746
0 0.226478 0.163434 0.039738 0.188410 0.7723
0 0.261792 0.070084 0.042070 0.140168 0.7598
0 0.156420 0.083956 0.036374 0.142596 0.7523
0 0.174647 0.231047 0.039631 0.185247 0.7266
0 0.439132 0.086032 0.035829 0.165908 0.7229
0 0.575705 0.659704 0.125915 0.089751 0.7108
0 0.470645 0.099726 0.035706 0.151810 0.7022
0 0.110007 0.105090 0.032587 0.147334 0.6251
0 0.135488 0.185681 0.044046 0.173878 0.6111
0 0.124877 0.103914 0.034532 0.149712 0.5809
0 0.221735 0.068406 0.037042 0.128299 0.4970
0 0.983621 0.775265 0.032759 0.210614 0.4824
0 0.288358 0.746974 0.179541 0.131558 0.4363
