0 0.152310 0.684681 0.058081 0.188614 0.9448
0 0.197471 0.145987 0.050384 0.128678 0.9139
0 0.218372 0.567059 0.051459 0.245646 0.9063
0 0.248267 0.224227 0.049736 0.216332 0.9038
0 0.284306 0.653532 0.054210 0.239080 0.8839
0 0.750694 0.900475 0.498612 0.199050 0.8795
0 0.359069 0.595179 0.059120 0.261760 0.8490
0 0.074196 0.086404 0.033273 0.171307 0.8403
0 0.472221 0.148255 0.046654 0.172414 0.8395
0 0.480476 0.028551 0.040848 0.057101 0.8013
0 0.330924 0.131029 0.039376 0.176888 0.7938
0 0.238805 0.284894 0.058469 0.232440 0.7936
0 0.304140 0.129518 0.048160 0.180571 0.7924
0 0.266721 0.108616 0.052053 0.174369 0.7783
0 0.387126 0.208927 0.045986 0.217838 0.7657
0 0.035151 0.155674 0.037726 0.182154 0.6937
0 0.325915 0.694195 0.049628 0.168492 0.6932
0 0.316578 0.024076 0.041734 0.048153 0.6667
0 0.011430 0.096969 0.022858 0.166074 0.6408
0 0.338861 0.696997 0.065951 0.162274 0.5769
0 0.045520 0.280677 0.050959 0.192532 0.5705
0 0.379447 0.024329 0.042751 0.047773 0.5317
0 0.219640 0.918441 0.280964 0.046330 0.5137
0 0.346463 0.018981 0.038576 0.037961 0.4788
0 0.032396 0.131463 0.042228 0.187881 0.4320
