0 0.346520 0.274341 0.056050 0.213168 0.9409
0 0.926730 0.305830 0.055002 0.212851 0.9359
0 0.864371 0.180800 0.050850 0.233411 0.9202
0 0.549773 0.081444 0.041110 0.162889 0.9070
0 0.282470 0.147501 0.051810 0.237939 0.8909
0 0.142390 0.189827 0.058029 0.240004 0.8878
0 0.218768 0.262807 0.056898 0.247699 0.8877
0 0.731075 0.181462 0.058471 0.231948 0.8857
0 0.794518 0.254458 0.054697 0.255545 0.8840
0 0.163366 0.327508 0.068723 0.243757 0.8773
0 0.775371 0.323658 0.056682 0.252674 0.8772
0 0.292160 0.573126 0.118050 0.212778 0.8765
0 0.454558 0.816499 0.148265 0.366700 0.8226
0 0.196207 0.800691 0.223249 0.398617 0.7724
0 0.732324 0.669336 0.039280 0.069160 0.6763
0 0.882634 0.786144 0.234732 0.427713 0.6737
0 0.537395 0.156337 0.016323 0.190599 0.4066
