0 0.030430 0.332066 0.035100 0.155479 0.9207
0 0.282942 0.129845 0.036062 0.089771 0.8931
0 0.013846 0.397019 0.027693 0.122799 0.8928
0 0.072062 0.034758 0.035907 0.069516 0.8838
0 0.206691 0.119192 0.035178 0.125492 0.8741
0 0.267200 0.398433 0.035359 0.121671 0.8501
0 0.249370 0.174516 0.032976 0.117107 0.8457
0 0.199336 0.025518 0.032600 0.051037 0.8392
0 0.643873 0.627089 0.059720 0.335205 0.8367
0 0.236390 0.219732 0.034970 0.140769 0.8311
0 0.184673 0.122078 0.029387 0.122718 0.8205
0 0.232908 0.100643 0.035265 0.126337 0.8034
0 0.144301 0.164150 0.036124 0.147338 0.7896
0 0.161849 0.415247 0.036631 0.084447 0.7676
0 0.175052 0.023071 0.029840 0.046141 0.7566
0 0.955187 0.321309 0.038555 0.068773 0.7165
0 0.089763 0.147346 0.041017 0.122681 0.6955
0 0.950624 0.378260 0.042434 0.083943 0.6929
0 0.467937 0.377767 0.031080 0.077592 0.6823
0 0.154146 0.021387 0.030076 0.042774 0.6476
0 0.495572 0.313592 0.033276 0.053442 0.6165
0 0.562903 0.373569 0.034726 0.062282 0.6136
0 0.373656 0.086532 0.022032 0.107578 0.5757
0 0.866267 0.234202 0.030677 0.061839 0.5348
0 0.079420 0.954878 0.019303 0.079311 0.5294
0 0.603161 0.263251 0.020186 0.071477 0.5205
0 0.280842 0.666982 0.011505 0.059127 0.5203
0 0.217976 0.724497 0.011336 0.068288 0.4864
0 0.227822 0.651269 0.010932 0.062814 0.4707
0 0.167663 0.721253 0.010738 0.055842 0.4666
0 0.082610 0.489633 0.011774 0.059639 0.4631
0 0.379797 0.230181 0.019068 0.113929 0.4553
0 0.666580 0.114389 0.012998 0.038168 0.4458
0 0.149311 0.022799 0.029835 0.045597 0.4377
0 0.113830 0.839068 0.013550 0.088149 0.4231
0 0.041955 0.508602 0.010064 0.057429 0.4081
