0 0.693120 0.833910 0.053644 0.238389 0.9565
0 0.284500 0.292710 0.051741 0.242074 0.9523
0 0.664426 0.915391 0.058689 0.169218 0.9503
0 0.254878 0.413309 0.055377 0.231218 0.9467
0 0.254353 0.801173 0.508705 0.397653 0.9396
0 0.464723 0.500391 0.071895 0.201211 0.8602
0 0.393005 0.067264 0.053288 0.134301 0.8553
0 0.085779 0.129593 0.048888 0.230421 0.8464
0 0.980550 0.672316 0.038847 0.143968 0.8347
0 0.047632 0.136156 0.039010 0.201831 0.8153
0 0.015794 0.094043 0.031520 0.188085 0.8072
0 0.832363 0.648793 0.055003 0.094882 0.7564
0 0.523479 0.673613 0.027993 0.145849 0.7479
0 0.460191 0.046917 0.054805 0.093086 0.6845
0 0.063632 0.036331 0.042243 0.072662 0.5848
