0 0.242612 0.353629 0.048051 0.220354 0.9450
0 0.216006 0.428355 0.049759 0.140798 0.9382
0 0.704006 0.248851 0.364028 0.494478 0.9371
0 0.343023 0.117261 0.051697 0.190100 0.8844
0 0.403413 0.089511 0.051326 0.179022 0.8582
0 0.486065 0.064373 0.045605 0.128746 0.8565
0 0.456415 0.065811 0.041996 0.131621 0.8293
0 0.024357 0.219233 0.040702 0.183444 0.7687
0 0.061944 0.209478 0.044234 0.209884 0.7516
0 0.514967 0.055393 0.037230 0.109400 0.7427
0 0.651604 0.689808 0.081622 0.059261 0.6698
0 0.081762 0.037732 0.039736 0.075463 0.6456
0 0.508823 0.192850 0.025762 0.208535 0.6005
0 0.045491 0.071244 0.047509 0.136505 0.5842
0 0.037600 0.134449 0.042562 0.126968 0.4309
