0 0.241495 0.165812 0.049317 0.191708 0.8815
0 0.970226 0.060100 0.042624 0.119751 0.8451
0 0.386057 0.180546 0.060934 0.156975 0.8175
0 0.700531 0.154191 0.046316 0.195224 0.7900
0 0.173807 0.234481 0.052572 0.051834 0.7591
0 0.306557 0.211054 0.057093 0.092344 0.7381
0 0.634680 0.126455 0.051459 0.204375 0.7303
0 0.265215 0.729586 0.053567 0.278373 0.7207
0 0.870958 0.045748 0.047959 0.090325 0.6973
0 0.190204 0.740857 0.068022 0.294124 0.6731
0 0.583569 0.102503 0.040651 0.174596 0.6449
0 0.937371 0.032585 0.041829 0.064968 0.6396
0 0.214171 0.723620 0.035398 0.275381 0.4379
