0 0.147099 0.450232 0.056137 0.237019 0.9510
0 0.176473 0.326651 0.053538 0.249492 0.9460
0 0.816805 0.642129 0.062945 0.176208 0.9386
0 0.767157 0.066262 0.054918 0.131422 0.9200
0 0.674150 0.880073 0.243300 0.239854 0.9170
0 0.742797 0.528383 0.056169 0.264431 0.9158
0 0.394403 0.385564 0.030615 0.244587 0.9043
0 0.464690 0.084371 0.056392 0.168741 0.8740
0 0.710422 0.138286 0.058276 0.256114 0.8694
0 0.291710 0.081907 0.055227 0.163490 0.8694
0 0.351241 0.564980 0.056422 0.259110 0.8668
0 0.670856 0.617561 0.058188 0.224094 0.8636
0 0.586761 0.567949 0.066402 0.290252 0.8635
0 0.692539 0.056030 0.049503 0.112059 0.8566
0 0.899234 0.873342 0.200895 0.253317 0.8255
0 0.605371 0.659982 0.073344 0.138825 0.8253
0 0.717508 0.215681 0.065763 0.239056 0.8244
0 0.557307 0.132053 0.050591 0.237741 0.8087
0 0.650617 0.067511 0.055099 0.135022 0.8044
0 0.349548 0.688422 0.066318 0.087362 0.7635
0 0.944802 0.074468 0.042415 0.148935 0.7546
0 0.615948 0.073650 0.046310 0.147299 0.7343
0 0.194680 0.845769 0.044461 0.054381 0.6950
0 0.934709 0.204380 0.061064 0.222611 0.6855
0 0.355605 0.059831 0.045978 0.118639 0.6771
0 0.074082 0.045359 0.047986 0.090401 0.6150
0 0.903256 0.042757 0.036139 0.085180 0.5855
0 0.979788 0.047315 0.038449 0.093597 0.4565
