0 0.077851 0.892284 0.059702 0.215431 0.9502
0 0.081402 0.285559 0.050717 0.237020 0.9456
0 0.053024 0.402968 0.052194 0.226920 0.9435
0 0.292577 0.573320 0.074057 0.193222 0.8856
0 0.354963 0.525536 0.054885 0.257699 0.8823
0 0.156964 0.035906 0.052593 0.070950 0.8609
0 0.276062 0.444188 0.060449 0.258430 0.8469
0 0.423677 0.395266 0.058437 0.214773 0.8382
0 0.247528 0.079688 0.046912 0.158675 0.8227
0 0.378072 0.087501 0.023284 0.173627 0.7088
0 0.013670 0.777061 0.027341 0.211702 0.6614
0 0.295882 0.046851 0.042509 0.092696 0.5706
0 0.379372 0.113339 0.020310 0.200666 0.5086
0 0.335485 0.040315 0.043212 0.080257 0.4487
