0 0.710203 0.542257 0.047993 0.214106 0.9528
0 0.736200 0.656097 0.052703 0.232188 0.9520
0 0.330575 0.803684 0.050576 0.212720 0.9379
0 0.653946 0.053029 0.040523 0.106059 0.9248
0 0.370393 0.259600 0.035249 0.100082 0.9172
0 0.652269 0.104276 0.041522 0.111723 0.9171
0 0.450214 0.363242 0.053305 0.192296 0.9061
0 0.417894 0.340268 0.040679 0.197898 0.9000
0 0.405744 0.667369 0.051484 0.223487 0.8969
0 0.455648 0.874661 0.059459 0.243595 0.8830
0 0.552342 0.760524 0.062736 0.227231 0.8762
0 0.422110 0.192084 0.050030 0.158432 0.8748
0 0.552333 0.911285 0.071921 0.177430 0.8732
0 0.248907 0.185485 0.028261 0.152646 0.8643
0 0.956898 0.208850 0.040635 0.140783 0.8560
0 0.065803 0.522663 0.048373 0.216400 0.8379
0 0.751291 0.050149 0.028617 0.100174 0.8282
0 0.771363 0.165917 0.039110 0.146742 0.8216
0 0.295596 0.051069 0.028366 0.101382 0.8168
0 0.605783 0.306516 0.045382 0.189361 0.8154
0 0.461510 0.207513 0.038457 0.160753 0.8083
0 0.556156 0.230859 0.045126 0.195279 0.8066
0 0.493790 0.211663 0.043063 0.147266 0.8000
0 0.238540 0.222265 0.036002 0.180828 0.7803
0 0.256757 0.059392 0.037274 0.116293 0.7744
0 0.226068 0.153331 0.029583 0.150705 0.7578
0 0.870154 0.369192 0.041040 0.189787 0.7427
0 0.177266 0.220521 0.035342 0.159040 0.7225
0 0.678431 0.933454 0.070868 0.133092 0.7216
0 0.195376 0.056356 0.040912 0.112711 0.7081
0 0.937167 0.548988 0.054015 0.223189 0.7028
0 0.900786 0.263604 0.040533 0.142546 0.7016
0 0.155960 0.190237 0.035137 0.188721 0.6960
0 0.865347 0.149751 0.034786 0.148396 0.6879
0 0.964286 0.529192 0.040287 0.229518 0.6636
0 0.214095 0.330524 0.041771 0.201367 0.6474
0 0.225156 0.050086 0.034002 0.098344 0.6435
0 0.830921 0.112656 0.032505 0.129490 0.6424
0 0.987617 0.307485 0.024766 0.172424 0.6409
0 0.961923 0.344006 0.034389 0.192722 0.6284
0 0.664500 0.916641 0.079999 0.166719 0.5830
0 0.901778 0.371138 0.038310 0.177690 0.5554
0 0.279488 0.188538 0.036446 0.162066 0.4678
0 0.181634 0.145956 0.029752 0.123844 0.4405
0 0.905282 0.174812 0.035855 0.138891 0.4256
