0 0.735753 0.648003 0.048744 0.206734 0.9501
0 0.329159 0.791943 0.055299 0.213173 0.9481
0 0.709769 0.540264 0.046814 0.218796 0.9472
0 0.654026 0.050702 0.050190 0.100378 0.9373
0 0.652709 0.110535 0.048159 0.130391 0.9306
0 0.434425 0.382503 0.049824 0.199718 0.9113
0 0.372234 0.256817 0.049609 0.128425 0.9086
0 0.547355 0.737029 0.061776 0.223275 0.8978
0 0.968302 0.606369 0.062091 0.212434 0.8966
0 0.481938 0.069562 0.045400 0.137879 0.8965
0 0.547917 0.898747 0.066937 0.202323 0.8882
0 0.613306 0.303994 0.050453 0.179227 0.8876
0 0.418773 0.322568 0.042230 0.164159 0.8863
0 0.449352 0.852292 0.054268 0.256261 0.8767
0 0.251921 0.195538 0.032435 0.176653 0.8698
0 0.515946 0.064689 0.037965 0.129379 0.8676
0 0.954309 0.204694 0.037891 0.152316 0.8649
0 0.552207 0.268531 0.050511 0.200007 0.8618
0 0.214548 0.238794 0.038346 0.162569 0.8610
0 0.471214 0.233313 0.042763 0.172708 0.8576
0 0.767152 0.086493 0.044737 0.146597 0.8524
0 0.887930 0.403410 0.047122 0.200142 0.8519
0 0.869746 0.180899 0.039771 0.183481 0.8472
0 0.772584 0.171358 0.042205 0.137987 0.8471
0 0.252133 0.060216 0.032470 0.115808 0.8423
0 0.836202 0.142089 0.037241 0.153528 0.8410
0 0.161643 0.187177 0.043741 0.176069 0.8389
0 0.953409 0.349702 0.040059 0.193443 0.8372
0 0.542892 0.067134 0.032684 0.133993 0.8350
0 0.688166 0.943026 0.065607 0.113839 0.8271
0 0.501962 0.239145 0.039562 0.167396 0.8201
0 0.439027 0.217195 0.046024 0.167444 0.8185
0 0.414400 0.671445 0.055140 0.221851 0.8138
0 0.063026 0.505245 0.053798 0.208472 0.8100
0 0.907235 0.174673 0.037563 0.149165 0.8035
0 0.909761 0.269302 0.042809 0.140851 0.7849
0 0.194254 0.065596 0.039199 0.119179 0.7690
0 0.980626 0.359088 0.035787 0.204572 0.7613
0 0.229121 0.376830 0.049197 0.186111 0.7608
0 0.222256 0.054970 0.031262 0.091080 0.7275
0 0.915998 0.400548 0.031424 0.178477 0.4455
