0 0.328996 0.792614 0.055564 0.214047 0.9481
0 0.735682 0.647684 0.048707 0.206200 0.9478
0 0.709742 0.540444 0.046764 0.218962 0.9468
0 0.653919 0.050599 0.049137 0.100671 0.9394
0 0.652632 0.110634 0.047329 0.130817 0.9308
0 0.372274 0.256795 0.049726 0.128157 0.9099
0 0.435079 0.382117 0.049253 0.199126 0.9060
0 0.481359 0.070088 0.044947 0.139095 0.8959
0 0.418600 0.321098 0.041413 0.164887 0.8835
0 0.451150 0.864404 0.053891 0.248535 0.8808
0 0.612722 0.307611 0.050904 0.183488 0.8774
0 0.548270 0.902311 0.070156 0.195378 0.8757
0 0.550055 0.747936 0.062116 0.231578 0.8744
0 0.773051 0.168786 0.044194 0.147065 0.8720
0 0.967990 0.603458 0.060950 0.213317 0.8653
0 0.552323 0.260682 0.052321 0.205598 0.8590
0 0.954817 0.207974 0.039703 0.142769 0.8581
0 0.471581 0.233300 0.042357 0.174893 0.8528
0 0.214789 0.233921 0.039728 0.165572 0.8486
0 0.252013 0.191192 0.029661 0.168727 0.8464
0 0.869198 0.175939 0.038971 0.180261 0.8415
0 0.252309 0.060316 0.032837 0.117271 0.8371
0 0.161563 0.187221 0.042356 0.175662 0.8342
0 0.515430 0.064539 0.036159 0.129077 0.8210
0 0.766661 0.082473 0.045958 0.145488 0.8168
0 0.686810 0.943074 0.065361 0.113330 0.8168
0 0.439292 0.215192 0.046478 0.170193 0.8165
0 0.835637 0.139688 0.036381 0.152448 0.8161
0 0.906788 0.173033 0.036221 0.145400 0.8143
0 0.954122 0.348819 0.040705 0.191645 0.8126
0 0.886417 0.397540 0.047484 0.211025 0.8126
0 0.501683 0.239597 0.040014 0.163365 0.8057
0 0.542566 0.067553 0.034668 0.135106 0.8008
0 0.064850 0.518496 0.051313 0.226125 0.7883
0 0.921007 0.410705 0.035734 0.169177 0.7880
0 0.908178 0.269405 0.044180 0.147184 0.7829
0 0.416072 0.670348 0.054063 0.216651 0.7654
0 0.195434 0.064591 0.039130 0.126577 0.7623
0 0.222861 0.053459 0.031349 0.091852 0.7409
0 0.229312 0.370153 0.049727 0.188101 0.7112
0 0.980837 0.360946 0.034825 0.195903 0.6501
