0 0.710103 0.541690 0.047597 0.214793 0.9507
0 0.736144 0.654217 0.051839 0.226524 0.9497
0 0.330269 0.801568 0.051578 0.212536 0.9395
0 0.652417 0.105044 0.042795 0.115239 0.9301
0 0.654201 0.052067 0.044342 0.104134 0.9290
0 0.453917 0.874088 0.057516 0.242694 0.8931
0 0.418980 0.331478 0.042710 0.183494 0.8728
0 0.551401 0.751696 0.061916 0.225097 0.8669
0 0.551641 0.909606 0.072745 0.180787 0.8667
0 0.371108 0.257204 0.041672 0.112542 0.8659
0 0.405989 0.668710 0.052133 0.221671 0.8602
0 0.250482 0.189832 0.030422 0.167813 0.8523
0 0.956923 0.206710 0.040420 0.141283 0.8514
0 0.608569 0.306569 0.048212 0.187869 0.8392
0 0.065477 0.522067 0.050040 0.217964 0.8366
0 0.255456 0.060360 0.033757 0.116538 0.8357
0 0.772667 0.165420 0.040362 0.147923 0.8316
0 0.553821 0.244847 0.047830 0.196682 0.8069
0 0.867869 0.172254 0.036742 0.169552 0.8019
0 0.953756 0.346666 0.036764 0.194740 0.7794
0 0.158682 0.191130 0.038022 0.178345 0.7789
0 0.195916 0.058995 0.039012 0.117990 0.7643
0 0.448675 0.366169 0.052102 0.193154 0.7591
0 0.498265 0.224199 0.044177 0.154035 0.7554
0 0.681589 0.934339 0.068309 0.131246 0.7524
0 0.224148 0.049520 0.032799 0.096923 0.7406
0 0.919754 0.403282 0.036184 0.178307 0.7193
0 0.904683 0.266794 0.043318 0.139486 0.7023
0 0.215423 0.233015 0.036576 0.164490 0.6846
0 0.833746 0.129247 0.035101 0.145530 0.6658
0 0.751756 0.052943 0.028579 0.104242 0.6542
0 0.886263 0.398691 0.044757 0.209541 0.6493
0 0.963662 0.599687 0.052984 0.213290 0.6324
0 0.906142 0.173934 0.036640 0.143524 0.6031
0 0.980425 0.367109 0.034837 0.183058 0.5573
0 0.987939 0.310977 0.024122 0.177060 0.5481
0 0.228332 0.354404 0.049639 0.180677 0.5220
0 0.442212 0.205247 0.041762 0.168354 0.5024
0 0.967056 0.535783 0.040996 0.215716 0.4379
0 0.433171 0.202516 0.051879 0.164801 0.4267
0 0.467868 0.216353 0.042596 0.156278 0.4209
0 0.870847 0.370909 0.036678 0.182055 0.4119
0 0.758803 0.129832 0.038324 0.145329 0.4102
