0 0.329224 0.791951 0.055203 0.212492 0.9492
0 0.735843 0.647530 0.048642 0.206305 0.9485
0 0.709649 0.539984 0.046652 0.217865 0.9473
0 0.652493 0.109620 0.048030 0.129042 0.9398
0 0.654162 0.050109 0.050219 0.100218 0.9351
0 0.420244 0.333674 0.044133 0.217920 0.9171
0 0.391871 0.663823 0.048016 0.237783 0.9166
0 0.372184 0.257347 0.049354 0.124853 0.9115
0 0.525589 0.653924 0.058519 0.231537 0.8890
0 0.639395 0.257104 0.047317 0.170225 0.8827
0 0.760415 0.055977 0.037951 0.111954 0.8804
0 0.424391 0.210456 0.042354 0.130460 0.8706
0 0.460158 0.730687 0.052787 0.255566 0.8706
0 0.390888 0.397770 0.039521 0.193390 0.8573
0 0.477923 0.804356 0.059431 0.289718 0.8536
0 0.571308 0.380551 0.052072 0.216281 0.8323
0 0.488601 0.106630 0.036492 0.157098 0.8222
0 0.554145 0.115639 0.036277 0.149707 0.8220
0 0.892758 0.251252 0.041013 0.167868 0.8200
0 0.259039 0.151535 0.035823 0.173012 0.8158
0 0.786913 0.050035 0.027793 0.100070 0.8139
0 0.774085 0.140454 0.046898 0.163395 0.8087
0 0.917232 0.145815 0.031975 0.127829 0.8085
0 0.962874 0.477391 0.050018 0.193971 0.8047
0 0.227634 0.146735 0.033537 0.137154 0.8035
0 0.513416 0.302757 0.038857 0.167431 0.8023
0 0.929160 0.241137 0.035381 0.151756 0.7950
0 0.206573 0.245396 0.033805 0.152247 0.7926
0 0.516952 0.100575 0.030777 0.145090 0.7904
0 0.158944 0.193511 0.031050 0.170517 0.7890
0 0.851243 0.195503 0.036929 0.151422 0.7744
0 0.790415 0.235987 0.037055 0.128946 0.7584
0 0.083281 0.407008 0.042831 0.200293 0.7474
0 0.476825 0.296149 0.035937 0.180624 0.7462
0 0.897976 0.165611 0.034908 0.105005 0.7307
0 0.925969 0.469863 0.040790 0.202274 0.7229
0 0.964545 0.329671 0.032034 0.107321 0.7068
0 0.212921 0.438854 0.060745 0.205491 0.6908
0 0.190419 0.077697 0.031933 0.085101 0.6708
0 0.982209 0.409102 0.035460 0.187506 0.6533
0 0.180676 0.221941 0.025745 0.148253 0.6401
0 0.222438 0.296186 0.032976 0.165193 0.5765
0 0.230569 0.051511 0.028494 0.099847 0.5471
0 0.947447 0.364047 0.042453 0.064265 0.4970
0 0.257643 0.046450 0.029666 0.092901 0.4327
