0 0.301716 0.699549 0.330234 0.598574 0.9471
0 0.756275 0.679705 0.471603 0.640590 0.9325
0 0.655526 0.226679 0.092087 0.264610 0.8696
0 0.481481 0.091327 0.047092 0.182654 0.8501
0 0.293132 0.324436 0.051221 0.061119 0.8194
0 0.367861 0.074053 0.044130 0.146057 0.8177
0 0.732164 0.248479 0.081446 0.220665 0.8137
0 0.858147 0.233952 0.102615 0.248559 0.8083
0 0.434006 0.048638 0.041155 0.096906 0.8010
0 0.031494 0.095725 0.048798 0.191450 0.7776
0 0.123732 0.176040 0.049631 0.225319 0.7627
0 0.208927 0.116825 0.052957 0.179636 0.7536
0 0.510391 0.080897 0.018565 0.161795 0.6941
0 0.067985 0.114051 0.045058 0.197352 0.5984
0 0.507591 0.279053 0.024374 0.158706 0.4919
0 0.023913 0.790766 0.047826 0.406847 0.4710
