0 0.627464 0.259801 0.049743 0.227159 0.9545
0 0.655031 0.373478 0.052142 0.215015 0.9490
0 0.889488 0.311623 0.220274 0.595945 0.9437
0 0.227945 0.511578 0.058471 0.195631 0.9435
0 0.294726 0.390134 0.051098 0.252331 0.9150
0 0.363323 0.499887 0.061648 0.218759 0.9125
0 0.154911 0.819374 0.199763 0.359472 0.9051
0 0.346934 0.828454 0.235030 0.328868 0.8936
0 0.442761 0.441382 0.059757 0.265159 0.8718
0 0.339123 0.103787 0.050326 0.196768 0.8621
0 0.322493 0.057759 0.046584 0.115519 0.8545
0 0.466180 0.064091 0.046055 0.128177 0.8230
0 0.424154 0.533463 0.068877 0.154918 0.8221
0 0.543911 0.031799 0.047962 0.063597 0.7471
0 0.119477 0.095527 0.051410 0.190604 0.6907
0 0.614102 0.819011 0.189225 0.357927 0.6584
0 0.107965 0.029405 0.038243 0.058810 0.5950
0 0.273577 0.013637 0.046573 0.024240 0.5572
0 0.838435 0.722187 0.075003 0.145359 0.4868
