0 0.619595 0.136961 0.050131 0.210774 0.9480
0 0.646985 0.067904 0.047647 0.135807 0.9151
0 0.303305 0.668834 0.333066 0.554890 0.9041
0 0.232216 0.308015 0.053863 0.161068 0.8927
0 0.903482 0.236150 0.056074 0.249960 0.8925
0 0.835157 0.172708 0.059005 0.250354 0.8829
0 0.191639 0.084488 0.045643 0.167786 0.8715
0 0.973737 0.160178 0.050062 0.244360 0.8100
0 0.064439 0.040093 0.052259 0.079530 0.7488
0 0.085309 0.335826 0.062679 0.104821 0.6897
0 0.207478 0.044288 0.040966 0.088576 0.6826
0 0.871519 0.292579 0.059988 0.190722 0.6824
0 0.405333 0.073339 0.049420 0.146677 0.5955
