0 0.491112 0.305231 0.049321 0.227335 0.9563
0 0.518707 0.384319 0.052032 0.148409 0.9343
0 0.140061 0.038030 0.050867 0.076022 0.9225
0 0.192651 0.098191 0.052415 0.195513 0.9223
0 0.419198 0.050566 0.046415 0.101132 0.8733
0 0.162735 0.387424 0.048231 0.142862 0.8618
0 0.784382 0.177747 0.091178 0.266121 0.8265
0 0.300333 0.393847 0.062530 0.132609 0.7978
0 0.184093 0.152356 0.063821 0.239412 0.7863
0 0.332339 0.094863 0.044383 0.187631 0.7733
0 0.285344 0.062283 0.042592 0.124566 0.7284
0 0.838525 0.739055 0.021887 0.101431 0.6849
0 0.664373 0.040705 0.031022 0.081409 0.6745
0 0.233474 0.428127 0.051278 0.063977 0.6234
0 0.248001 0.049443 0.044901 0.098886 0.5627
