0 0.647231 0.345081 0.493672 0.689186 0.9436
0 0.238659 0.430382 0.050946 0.240316 0.9428
0 0.302719 0.563414 0.057483 0.211046 0.9405
0 0.259920 0.043473 0.049215 0.086125 0.9366
0 0.201975 0.747503 0.048717 0.113496 0.9209
0 0.210972 0.107540 0.044543 0.213465 0.9199
0 0.154416 0.818983 0.042854 0.221735 0.9077
0 0.105043 0.432360 0.059892 0.228207 0.8949
0 0.152036 0.725571 0.045121 0.070683 0.8935
0 0.184879 0.888619 0.040931 0.201735 0.8822
0 0.154714 0.565896 0.060104 0.245725 0.8799
0 0.060396 0.131756 0.056838 0.229919 0.8782
0 0.241304 0.167888 0.039183 0.200194 0.8650
0 0.170298 0.503789 0.053446 0.256964 0.8372
0 0.117511 0.075309 0.038949 0.149752 0.8370
0 0.698119 0.953134 0.045192 0.092293 0.8349
0 0.059433 0.795133 0.038450 0.165148 0.7839
0 0.368512 0.743726 0.036250 0.109814 0.7693
0 0.209180 0.020568 0.044128 0.041136 0.7630
0 0.394066 0.746218 0.031653 0.115292 0.7056
0 0.009471 0.136906 0.018912 0.234075 0.7019
0 0.014836 0.866267 0.029672 0.226964 0.7002
0 0.352414 0.785601 0.032876 0.163245 0.6944
0 0.097157 0.781110 0.037656 0.179296 0.6891
0 0.610164 0.937737 0.028459 0.061939 0.6772
0 0.154192 0.076029 0.037740 0.152057 0.5949
0 0.398612 0.193924 0.023327 0.217407 0.5656
0 0.399500 0.073201 0.020387 0.145936 0.5309
0 0.354681 0.910927 0.050939 0.173363 0.5165
0 0.666148 0.970126 0.043659 0.055669 0.4804
