0 0.710173 0.542232 0.047849 0.214099 0.9522
0 0.736172 0.655625 0.052584 0.231321 0.9510
0 0.330534 0.802978 0.050886 0.212488 0.9395
0 0.653922 0.052750 0.041324 0.105501 0.9238
0 0.652203 0.103928 0.041802 0.112525 0.9210
0 0.370396 0.259195 0.035558 0.101232 0.9106
0 0.418502 0.338477 0.041547 0.195072 0.8971
0 0.454513 0.875589 0.058258 0.241415 0.8921
0 0.405828 0.668170 0.051553 0.221986 0.8846
0 0.450175 0.362711 0.052542 0.187564 0.8819
0 0.551722 0.755003 0.062265 0.223965 0.8705
0 0.551695 0.910410 0.073704 0.179180 0.8695
0 0.957009 0.205616 0.040430 0.143223 0.8476
0 0.065760 0.520949 0.049255 0.219754 0.8417
0 0.421775 0.192977 0.049273 0.157109 0.8396
0 0.249281 0.186670 0.030112 0.158513 0.8385
0 0.255870 0.059432 0.035006 0.116300 0.8361
0 0.771689 0.165705 0.040096 0.147517 0.8320
0 0.607019 0.305738 0.046485 0.188783 0.8272
0 0.554605 0.236193 0.045818 0.194255 0.7960
0 0.492373 0.211784 0.042985 0.151007 0.7845
0 0.752446 0.050835 0.028810 0.101671 0.7694
0 0.195774 0.058700 0.039418 0.117401 0.7566
0 0.156215 0.192334 0.036005 0.180616 0.7562
0 0.679850 0.931277 0.070489 0.137446 0.7492
0 0.866177 0.158366 0.035333 0.153954 0.7401
0 0.956283 0.344096 0.037197 0.194533 0.7061
0 0.223738 0.048635 0.033450 0.094004 0.7034
0 0.901905 0.266701 0.041794 0.144229 0.6995
0 0.869917 0.368209 0.040016 0.190389 0.6904
0 0.295747 0.052462 0.028871 0.103231 0.6648
0 0.831722 0.116067 0.033042 0.131303 0.6355
0 0.459735 0.207072 0.037593 0.162869 0.6194
0 0.987928 0.308162 0.024144 0.172777 0.6120
0 0.963470 0.595888 0.052993 0.211776 0.6007
0 0.214611 0.230376 0.031871 0.167579 0.5706
0 0.965361 0.530149 0.040848 0.227438 0.5430
0 0.664646 0.920163 0.080992 0.159673 0.5426
0 0.906188 0.173899 0.036538 0.141904 0.5409
0 0.237712 0.220478 0.037946 0.180473 0.5287
0 0.757755 0.136778 0.037426 0.138012 0.5026
0 0.936689 0.551888 0.052885 0.218028 0.4958
0 0.976037 0.354981 0.032847 0.199087 0.4244
0 0.902368 0.372794 0.038383 0.181642 0.4056
