0 0.764042 0.779316 0.358853 0.441368 0.9502
0 0.241798 0.166370 0.051595 0.208611 0.9487
0 0.739131 0.397613 0.050052 0.221662 0.9372
0 0.214161 0.083424 0.048304 0.166848 0.9335
0 0.784371 0.092712 0.052973 0.184026 0.9085
0 0.661300 0.471734 0.051675 0.074105 0.8991
0 0.752214 0.083898 0.043591 0.167796 0.8981
0 0.025378 0.380649 0.050757 0.251372 0.8880
0 0.703060 0.017782 0.035167 0.035564 0.8607
0 0.541131 0.075315 0.047424 0.150630 0.8542
0 0.032921 0.224351 0.062145 0.247396 0.8535
0 0.890093 0.457487 0.064752 0.105115 0.8347
0 0.916091 0.075935 0.041216 0.151870 0.7547
0 0.400237 0.269437 0.020044 0.218918 0.7453
0 0.891475 0.030986 0.043734 0.061312 0.7030
