0 0.709106 0.539554 0.047432 0.217706 0.9528
0 0.736064 0.647742 0.048982 0.206727 0.9523
0 0.328533 0.791871 0.055852 0.213364 0.9481
0 0.653804 0.050165 0.049591 0.100220 0.9349
0 0.652137 0.110046 0.047489 0.129472 0.9342
0 0.392710 0.665297 0.047776 0.232716 0.9234
0 0.372402 0.256980 0.048695 0.123727 0.9045
0 0.422875 0.334201 0.048821 0.197452 0.8922
0 0.456601 0.755617 0.052067 0.219104 0.8881
0 0.482584 0.068890 0.044752 0.134083 0.8842
0 0.513573 0.855857 0.063080 0.279518 0.8757
0 0.515811 0.062663 0.040474 0.124607 0.8659
0 0.438038 0.222767 0.044191 0.159762 0.8652
0 0.544106 0.065306 0.034054 0.130612 0.8600
0 0.163461 0.192541 0.044426 0.166105 0.8587
0 0.531683 0.700458 0.056511 0.252789 0.8525
0 0.253630 0.055934 0.030362 0.111342 0.8361
0 0.914012 0.447766 0.041079 0.196965 0.8307
0 0.881658 0.234367 0.043295 0.184361 0.8203
0 0.769237 0.086643 0.044951 0.139214 0.8194
0 0.473487 0.234020 0.049311 0.163077 0.8089
0 0.980074 0.403906 0.038879 0.195838 0.8066
0 0.251458 0.193034 0.031820 0.181411 0.8018
0 0.917998 0.222786 0.035202 0.165280 0.7976
0 0.637568 0.267038 0.049773 0.160422 0.7776
0 0.887758 0.143849 0.036658 0.110811 0.7712
0 0.416425 0.392587 0.050329 0.213070 0.7680
0 0.952893 0.455754 0.043258 0.180993 0.7641
0 0.215278 0.239707 0.039058 0.164814 0.7616
0 0.499133 0.237329 0.038970 0.165495 0.7602
0 0.557447 0.321311 0.044892 0.205058 0.7388
0 0.837827 0.180650 0.036981 0.154158 0.6977
0 0.952605 0.321323 0.039288 0.136522 0.6961
0 0.778431 0.221393 0.042088 0.148702 0.6829
0 0.192802 0.079606 0.036678 0.098517 0.6387
0 0.223415 0.378122 0.052408 0.200858 0.6280
0 0.935687 0.191812 0.035713 0.168110 0.5768
0 0.223547 0.059219 0.033004 0.089181 0.5185
0 0.217836 0.414690 0.053565 0.212998 0.4951
0 0.928871 0.183731 0.034484 0.166592 0.4201
