0 0.782378 0.832371 0.142748 0.327474 0.9474
0 0.031310 0.199736 0.051090 0.239057 0.9415
0 0.811342 0.645490 0.114184 0.347946 0.9386
0 0.340445 0.729375 0.113671 0.535841 0.9353
0 0.915437 0.661234 0.115059 0.304866 0.9338
0 0.564565 0.832097 0.117291 0.324664 0.9324
0 0.218546 0.762235 0.086447 0.475530 0.9316
0 0.547550 0.626269 0.091884 0.276864 0.9312
0 0.656644 0.847517 0.129365 0.297506 0.9277
0 0.918699 0.844625 0.157190 0.310750 0.9248
0 0.713612 0.659347 0.102281 0.308167 0.9209
0 0.629154 0.653023 0.091364 0.298235 0.9182
0 0.270119 0.733818 0.084218 0.532363 0.9046
0 0.015076 0.307704 0.030124 0.212132 0.9044
0 0.163705 0.750911 0.074279 0.498178 0.9042
0 0.077782 0.715946 0.104186 0.568108 0.9001
0 0.477200 0.735139 0.094810 0.526696 0.8961
0 0.375688 0.310730 0.054175 0.216302 0.8764
0 0.219443 0.343664 0.063606 0.154695 0.8558
0 0.329791 0.067954 0.059359 0.135907 0.8477
0 0.304824 0.384115 0.059134 0.072755 0.7137
0 0.122533 0.718071 0.064087 0.563859 0.6904
0 0.122444 0.551020 0.063285 0.215690 0.6532
0 0.122261 0.596220 0.063972 0.320612 0.6340
0 0.202489 0.028572 0.046676 0.056747 0.6038
0 0.791101 0.212629 0.085668 0.297150 0.5346
