0 0.329378 0.792020 0.055139 0.211508 0.9498
0 0.735623 0.647670 0.048707 0.206381 0.9485
0 0.709723 0.540275 0.046671 0.217830 0.9485
0 0.651805 0.109863 0.047171 0.128952 0.9428
0 0.420257 0.335632 0.043855 0.220659 0.9335
0 0.654252 0.049926 0.049665 0.099853 0.9320
0 0.422497 0.210688 0.043094 0.129436 0.9131
0 0.371939 0.257386 0.048733 0.122633 0.9083
0 0.523887 0.643295 0.059320 0.228013 0.8905
0 0.458852 0.689849 0.053599 0.203703 0.8831
0 0.639347 0.253402 0.047326 0.170580 0.8829
0 0.394536 0.662773 0.047644 0.236329 0.8824
0 0.761458 0.056044 0.036671 0.112087 0.8734
0 0.572266 0.381359 0.055263 0.215196 0.8626
0 0.388781 0.399710 0.040574 0.191109 0.8557
0 0.471704 0.804533 0.062106 0.271630 0.8532
0 0.555154 0.117597 0.036460 0.149649 0.8527
0 0.515333 0.310502 0.037498 0.159717 0.8509
0 0.857153 0.201690 0.034840 0.146403 0.8375
0 0.259707 0.150420 0.034050 0.167341 0.8210
0 0.491843 0.114194 0.033088 0.164828 0.8069
0 0.895747 0.257495 0.040999 0.172494 0.8025
0 0.084520 0.392800 0.044692 0.193076 0.7938
0 0.205981 0.252190 0.033774 0.155711 0.7909
0 0.161641 0.192934 0.028155 0.154337 0.7895
0 0.518492 0.108927 0.031621 0.145998 0.7862
0 0.787479 0.051061 0.027241 0.102122 0.7857
0 0.930879 0.243238 0.035497 0.146521 0.7761
0 0.477642 0.301449 0.036295 0.173181 0.7635
0 0.902120 0.171772 0.032045 0.104181 0.7385
0 0.914337 0.147122 0.033296 0.126797 0.7234
0 0.224975 0.309126 0.034401 0.172594 0.7150
0 0.793882 0.243938 0.036460 0.119057 0.7129
0 0.983524 0.415520 0.032670 0.196474 0.6965
0 0.226830 0.145007 0.034167 0.139850 0.6856
0 0.923585 0.469007 0.040565 0.209089 0.6805
0 0.775283 0.143088 0.047646 0.161470 0.6678
0 0.226427 0.051852 0.029975 0.100719 0.6659
0 0.187460 0.077993 0.030856 0.080497 0.6255
0 0.212944 0.450413 0.057281 0.211959 0.6090
0 0.797996 0.255005 0.040535 0.140982 0.6029
0 0.962418 0.478761 0.049231 0.198012 0.5883
0 0.831543 0.073559 0.032944 0.146730 0.4819
0 0.950871 0.373213 0.041965 0.074643 0.4300
