0 0.709758 0.540652 0.046972 0.217922 0.9480
0 0.735356 0.647119 0.048162 0.208011 0.9473
0 0.329392 0.792784 0.054515 0.210893 0.9468
0 0.652474 0.109627 0.047185 0.128412 0.9424
0 0.419930 0.334726 0.043245 0.223512 0.9328
0 0.654327 0.050059 0.049332 0.100119 0.9311
0 0.423540 0.211429 0.041762 0.126872 0.9122
0 0.372594 0.257364 0.049385 0.124552 0.9092
0 0.443636 0.765681 0.052798 0.252541 0.8929
0 0.524533 0.621903 0.057243 0.217467 0.8885
0 0.639136 0.255921 0.048211 0.165122 0.8784
0 0.390150 0.399023 0.040233 0.187633 0.8777
0 0.571918 0.380843 0.056496 0.213338 0.8776
0 0.490003 0.119809 0.034792 0.162899 0.8688
0 0.454852 0.653329 0.050292 0.184366 0.8581
0 0.389174 0.066621 0.036825 0.132868 0.8559
0 0.801580 0.261133 0.042623 0.145513 0.8545
0 0.833491 0.067675 0.033064 0.135350 0.8532
0 0.422520 0.068244 0.038260 0.136279 0.8512
0 0.938523 0.516040 0.048458 0.216751 0.8481
0 0.762701 0.060104 0.035655 0.119524 0.8428
0 0.517520 0.114387 0.033700 0.152317 0.8395
0 0.223874 0.149194 0.033669 0.130392 0.8274
0 0.555411 0.127292 0.038615 0.151573 0.8266
0 0.514891 0.313574 0.039661 0.157702 0.8152
0 0.476830 0.297532 0.037490 0.174633 0.8144
0 0.257211 0.148529 0.034531 0.170901 0.7990
0 0.159312 0.198844 0.027071 0.165879 0.7926
0 0.864391 0.213803 0.034760 0.143927 0.7878
0 0.977789 0.529742 0.041842 0.211420 0.7776
0 0.789424 0.055483 0.027306 0.110966 0.7735
0 0.205495 0.260641 0.035255 0.157700 0.7646
0 0.908068 0.277458 0.041782 0.176123 0.7581
0 0.212688 0.456201 0.054479 0.208601 0.7376
0 0.228810 0.310546 0.035367 0.180346 0.7366
0 0.918268 0.153060 0.028982 0.114306 0.7316
0 0.226808 0.040864 0.026387 0.081713 0.6967
0 0.942086 0.262433 0.035110 0.153235 0.6830
0 0.795221 0.126245 0.030986 0.116765 0.6801
0 0.190163 0.071980 0.029070 0.092437 0.6651
0 0.524503 0.048586 0.032763 0.097171 0.6576
0 0.973878 0.424068 0.034371 0.103232 0.6203
0 0.087649 0.381869 0.045596 0.194788 0.6117
0 0.179980 0.223129 0.030989 0.171758 0.5675
0 0.194802 0.057950 0.033986 0.104829 0.5178
0 0.901521 0.171842 0.030027 0.128646 0.4177
