0 0.331753 0.420588 0.051745 0.139909 0.9477
0 0.020543 0.241793 0.041085 0.241968 0.9028
0 0.270652 0.033582 0.052536 0.067164 0.8922
0 0.256102 0.162043 0.052164 0.180645 0.8608
0 0.474415 0.083006 0.041235 0.150836 0.8410
0 0.075788 0.134305 0.046183 0.174855 0.7921
0 0.680500 0.070505 0.025721 0.141009 0.7746
0 0.415395 0.130846 0.039445 0.144423 0.7402
0 0.090270 0.028274 0.042352 0.056547 0.7357
0 0.158324 0.035200 0.040123 0.070333 0.7053
0 0.122152 0.023789 0.039092 0.046754 0.7019
0 0.021280 0.103025 0.042487 0.156686 0.6839
0 0.396793 0.066973 0.046565 0.133528 0.6448
0 0.036404 0.113100 0.060413 0.187539 0.6351
0 0.105803 0.149104 0.041209 0.184424 0.5688
0 0.545320 0.161828 0.035065 0.177411 0.5641
0 0.168199 0.233788 0.049667 0.213740 0.5367
0 0.507891 0.148147 0.025507 0.186222 0.5062
0 0.395573 0.027224 0.048244 0.054321 0.4176
