0 0.333757 0.046459 0.054095 0.092344 0.9170
0 0.279993 0.116003 0.052386 0.231457 0.9042
0 0.031554 0.058433 0.056386 0.116866 0.8738
0 0.311006 0.394513 0.053997 0.079336 0.8179
0 0.164995 0.395683 0.061426 0.086718 0.7842
0 0.505841 0.075060 0.041672 0.150120 0.7385
0 0.292732 0.178368 0.067343 0.232820 0.7287
0 0.176363 0.079509 0.042259 0.159019 0.7287
0 0.113014 0.137754 0.060710 0.239579 0.7128
0 0.069284 0.886574 0.048764 0.126817 0.6921
0 0.510746 0.225266 0.067963 0.233981 0.6741
0 0.274736 0.020631 0.048925 0.041262 0.5886
0 0.845645 0.743746 0.105048 0.504996 0.5579
0 0.765326 0.856411 0.082787 0.279649 0.5238
0 0.541696 0.039265 0.034649 0.078531 0.4457
