0 0.709444 0.539632 0.046868 0.218028 0.9509
0 0.735988 0.648017 0.049059 0.205514 0.9503
0 0.328750 0.791358 0.055917 0.212603 0.9486
0 0.653842 0.050419 0.050030 0.100834 0.9346
0 0.652076 0.110496 0.047469 0.129221 0.9305
0 0.392576 0.664229 0.048245 0.233527 0.9219
0 0.372141 0.257114 0.048697 0.124652 0.9054
0 0.481656 0.070295 0.046764 0.139893 0.8896
0 0.418792 0.322530 0.043359 0.166235 0.8868
0 0.457624 0.795040 0.056000 0.241859 0.8861
0 0.537133 0.705567 0.058146 0.221061 0.8767
0 0.767217 0.088161 0.043836 0.140695 0.8745
0 0.434814 0.382939 0.047853 0.201291 0.8653
0 0.251463 0.055904 0.030979 0.111808 0.8598
0 0.474292 0.238005 0.047324 0.166074 0.8566
0 0.516070 0.062004 0.040287 0.123720 0.8549
0 0.542810 0.064992 0.034369 0.129984 0.8490
0 0.516312 0.872663 0.066862 0.250030 0.8470
0 0.162601 0.187572 0.045760 0.173542 0.8456
0 0.438683 0.220851 0.049547 0.171631 0.8446
0 0.951962 0.200045 0.042605 0.160889 0.8358
0 0.773106 0.171940 0.041336 0.138386 0.8335
0 0.900550 0.433341 0.045478 0.210272 0.8305
0 0.250848 0.197760 0.032485 0.178094 0.8285
0 0.878708 0.214940 0.043451 0.174843 0.8225
0 0.213939 0.236200 0.042359 0.173915 0.8124
0 0.941165 0.439464 0.041683 0.176063 0.8090
0 0.835524 0.141230 0.037373 0.154591 0.8067
0 0.628601 0.282557 0.049862 0.170015 0.7922
0 0.911478 0.216565 0.032953 0.175161 0.7732
0 0.503736 0.243620 0.038243 0.173621 0.7676
0 0.937384 0.299984 0.040335 0.120940 0.7546
0 0.190581 0.071243 0.037681 0.099290 0.7444
0 0.879171 0.147355 0.039565 0.149434 0.7354
0 0.554364 0.298521 0.045643 0.204800 0.7348
0 0.227238 0.063646 0.028736 0.098532 0.6843
0 0.064486 0.500071 0.055262 0.208335 0.6378
0 0.972912 0.384375 0.039109 0.201019 0.6297
0 0.225153 0.372145 0.051546 0.191106 0.5940
0 0.690846 0.944303 0.068218 0.111393 0.5886
0 0.990737 0.407027 0.018527 0.185547 0.4415
