0 0.575402 0.944222 0.056896 0.111556 0.9210
0 0.391035 0.603253 0.052852 0.139860 0.9129
0 0.661116 0.858436 0.057596 0.262559 0.8988
0 0.709303 0.534072 0.058962 0.174215 0.8972
0 0.257429 0.539642 0.036877 0.179927 0.8912
0 0.824556 0.920949 0.068998 0.158102 0.8823
0 0.989241 0.706448 0.021518 0.241456 0.8689
0 0.674693 0.521410 0.044825 0.145286 0.8681
0 0.155909 0.536311 0.052053 0.171682 0.8667
0 0.392615 0.348330 0.051460 0.199015 0.8654
0 0.212428 0.588363 0.044844 0.178277 0.8515
0 0.739461 0.251772 0.150080 0.385926 0.7988
0 0.039639 0.870876 0.057915 0.222069 0.7830
0 0.025499 0.204495 0.050998 0.234783 0.7111
0 0.450144 0.527827 0.047663 0.152189 0.6617
0 0.228296 0.741171 0.059249 0.214122 0.6400
0 0.205870 0.086905 0.067023 0.173811 0.5868
0 0.883040 0.502322 0.051330 0.104856 0.5852
0 0.718595 0.970931 0.074536 0.058137 0.4874
