0 0.635068 0.309653 0.066425 0.218185 0.9324
0 0.764893 0.757391 0.467451 0.485218 0.9321
0 0.735344 0.311342 0.054182 0.217123 0.9313
0 0.180323 0.071307 0.047311 0.127687 0.9305
0 0.463398 0.222567 0.049456 0.124855 0.9259
0 0.782988 0.315555 0.051721 0.209856 0.9215
0 0.180116 0.030399 0.051099 0.060798 0.9190
0 0.825925 0.307823 0.053178 0.225740 0.9158
0 0.122821 0.443703 0.048279 0.090532 0.9154
0 0.689351 0.309424 0.052746 0.221567 0.9145
0 0.916267 0.311252 0.053191 0.220115 0.9086
0 0.415695 0.300986 0.042923 0.222564 0.9083
0 0.870348 0.312780 0.051272 0.219051 0.9030
0 0.776422 0.194589 0.050181 0.146249 0.8936
0 0.817659 0.190849 0.041677 0.136310 0.8919
0 0.193845 0.222447 0.051636 0.172476 0.8869
0 0.731607 0.192553 0.043654 0.128412 0.8848
0 0.857274 0.199732 0.045748 0.133610 0.8744
0 0.346761 0.074220 0.037064 0.148440 0.8680
0 0.316630 0.066363 0.038248 0.132725 0.8497
0 0.442428 0.366754 0.036059 0.195758 0.8435
0 0.282887 0.073093 0.042374 0.146187 0.8385
0 0.412735 0.174310 0.041842 0.131398 0.8325
0 0.639904 0.201309 0.069353 0.126347 0.8107
0 0.898059 0.192057 0.056544 0.147016 0.8082
0 0.264367 0.333325 0.053552 0.210252 0.7346
0 0.043894 0.193320 0.039358 0.142248 0.7238
0 0.689964 0.197037 0.040870 0.124397 0.7215
0 0.320891 0.267720 0.038606 0.173912 0.6719
0 0.356331 0.248037 0.039800 0.180509 0.5798
0 0.055263 0.110306 0.049197 0.178514 0.4623
