0 0.282862 0.268957 0.053776 0.129758 0.9326
0 0.079929 0.786900 0.041720 0.170085 0.9181
0 0.403497 0.782442 0.040812 0.172465 0.9132
0 0.118463 0.784217 0.042246 0.174672 0.9101
0 0.440203 0.786054 0.048282 0.177676 0.9095
0 0.201668 0.050891 0.052701 0.101740 0.8958
0 0.201818 0.772808 0.051394 0.191335 0.8943
0 0.042699 0.785490 0.040117 0.167965 0.8941
0 0.245410 0.774541 0.048306 0.185178 0.8941
0 0.366665 0.780005 0.041607 0.170521 0.8936
0 0.324170 0.777478 0.045834 0.180732 0.8711
0 0.158165 0.781969 0.045479 0.180844 0.8658
0 0.284458 0.782340 0.039854 0.170357 0.8635
0 0.013020 0.788192 0.026039 0.166856 0.8623
0 0.480750 0.794206 0.038931 0.169460 0.8411
0 0.661763 0.876412 0.045372 0.145385 0.7682
0 0.843531 0.146809 0.069131 0.091924 0.7645
0 0.121814 0.126195 0.059987 0.243399 0.7617
0 0.381876 0.044492 0.051182 0.088984 0.7427
0 0.019292 0.062585 0.038584 0.125169 0.6881
0 0.143178 0.926412 0.048111 0.147176 0.6866
0 0.807971 0.224493 0.255133 0.199856 0.6550
0 0.555884 0.211890 0.110502 0.234668 0.6536
0 0.478563 0.049897 0.038546 0.099793 0.6440
0 0.054522 0.069268 0.047856 0.138535 0.6174
0 0.860777 0.222806 0.146693 0.200326 0.5158
0 0.654991 0.166677 0.115983 0.141498 0.4762
0 0.526197 0.078019 0.054722 0.132749 0.4462
0 0.714389 0.149466 0.091159 0.105306 0.4108
