0 0.037588 0.423170 0.053282 0.246059 0.9508
0 0.169365 0.808726 0.338729 0.379620 0.9500
0 0.417183 0.104704 0.056208 0.140034 0.9283
0 0.341920 0.078764 0.049764 0.157528 0.9147
0 0.018303 0.491719 0.036252 0.134128 0.9077
0 0.302669 0.087691 0.051979 0.175381 0.8689
0 0.361790 0.187845 0.057492 0.232196 0.8392
0 0.392894 0.496479 0.060813 0.124937 0.8023
0 0.208718 0.182265 0.050509 0.232069 0.7875
0 0.368520 0.252479 0.056054 0.242000 0.7822
0 0.123726 0.122004 0.054353 0.195457 0.7694
0 0.266529 0.107433 0.046081 0.199092 0.7379
0 0.239693 0.511643 0.063631 0.095680 0.7288
0 0.271889 0.090150 0.042406 0.179341 0.5676
