0 0.852457 0.390157 0.053696 0.222114 0.9480
0 0.823743 0.272906 0.052018 0.237918 0.9396
0 0.507806 0.084728 0.047780 0.169081 0.9276
0 0.609785 0.073282 0.044036 0.146564 0.9275
0 0.452671 0.123292 0.050042 0.212268 0.9242
0 0.280779 0.073012 0.045611 0.145245 0.9180
0 0.182007 0.455364 0.060425 0.091262 0.9019
0 0.567382 0.071838 0.040337 0.143676 0.9018
0 0.527634 0.364114 0.061567 0.232025 0.8974
0 0.251707 0.380392 0.054033 0.241646 0.8948
0 0.324335 0.405393 0.059050 0.193065 0.8919
0 0.689574 0.232411 0.052486 0.253617 0.8877
0 0.618554 0.307228 0.058945 0.228691 0.8828
0 0.391183 0.371693 0.051658 0.250648 0.8615
0 0.653897 0.833377 0.120514 0.333245 0.8584
0 0.248001 0.102091 0.045814 0.194658 0.8516
0 0.723931 0.778921 0.187211 0.250368 0.8035
0 0.461294 0.415621 0.042471 0.167545 0.7976
0 0.481430 0.428732 0.057585 0.143717 0.7885
0 0.456126 0.017453 0.048445 0.034491 0.7723
0 0.962679 0.067965 0.051408 0.134081 0.7635
0 0.336945 0.439672 0.069130 0.123255 0.7542
0 0.384032 0.040776 0.038033 0.081553 0.7219
0 0.064211 0.037803 0.040463 0.073259 0.6413
0 0.055509 0.141850 0.060034 0.224054 0.5969
0 0.340763 0.042368 0.038947 0.084481 0.4162
0 0.423807 0.897552 0.030292 0.204896 0.4017
