0 0.187659 0.838750 0.047002 0.220035 0.9507
0 0.131488 0.358618 0.050324 0.076715 0.9400
0 0.130304 0.406977 0.048944 0.130236 0.9367
0 0.213799 0.921163 0.049083 0.157673 0.9350
0 0.338024 0.272340 0.048530 0.091441 0.8976
0 0.245154 0.388857 0.044495 0.133656 0.8776
0 0.045004 0.119028 0.041616 0.166156 0.8655
0 0.101177 0.062326 0.047753 0.124652 0.8519
0 0.251271 0.470480 0.043539 0.136610 0.8504
0 0.088953 0.597888 0.050600 0.183861 0.8477
0 0.065960 0.051415 0.048908 0.102644 0.8432
0 0.062034 0.178396 0.051400 0.196257 0.8225
0 0.023003 0.955705 0.045811 0.088589 0.8202
0 0.130286 0.064034 0.037933 0.128068 0.8151
0 0.314917 0.442438 0.038619 0.156407 0.8126
0 0.029090 0.571726 0.053624 0.197356 0.8065
0 0.256144 0.082137 0.053582 0.164273 0.7979
0 0.348399 0.464312 0.041613 0.175772 0.7684
0 0.365769 0.700171 0.047207 0.210411 0.7410
0 0.181429 0.097084 0.046854 0.188394 0.7278
0 0.019881 0.379691 0.037428 0.114634 0.7220
0 0.385932 0.466884 0.038320 0.143269 0.7046
0 0.390520 0.562542 0.047223 0.150897 0.7013
0 0.399489 0.705020 0.036781 0.175974 0.4358
