0 0.222315 0.453235 0.051070 0.128461 0.9222
0 0.284824 0.051941 0.050484 0.103882 0.9104
0 0.298191 0.197619 0.050189 0.183438 0.8453
0 0.655295 0.805863 0.170647 0.388273 0.8183
0 0.468158 0.048550 0.039202 0.097101 0.7954
0 0.219099 0.806861 0.116987 0.303515 0.7789
0 0.159248 0.043151 0.051359 0.086059 0.7623
0 0.478395 0.213199 0.044734 0.198298 0.7604
0 0.435817 0.045839 0.041461 0.091678 0.7412
0 0.146655 0.155194 0.045444 0.155434 0.7097
0 0.441055 0.224191 0.043209 0.185463 0.7096
0 0.397704 0.054287 0.041491 0.108421 0.6780
0 0.031926 0.857343 0.063435 0.285314 0.6607
0 0.028244 0.178746 0.046617 0.201389 0.6396
0 0.389172 0.277517 0.046974 0.223481 0.6017
0 0.078038 0.118441 0.044590 0.171243 0.5647
0 0.027140 0.081137 0.044136 0.142129 0.4580
0 0.023222 0.099082 0.043335 0.172006 0.4001
