0 0.735662 0.647885 0.048731 0.206545 0.9501
0 0.709685 0.540150 0.046661 0.218427 0.9489
0 0.329094 0.792580 0.055625 0.213368 0.9486
0 0.653911 0.050429 0.049450 0.100647 0.9413
0 0.652535 0.110729 0.047614 0.130919 0.9165
0 0.434844 0.385148 0.051031 0.196983 0.9164
0 0.968353 0.604868 0.062595 0.211192 0.9142
0 0.481904 0.070812 0.044694 0.140547 0.9136
0 0.372243 0.257194 0.049661 0.127695 0.9117
0 0.419363 0.324723 0.043721 0.167359 0.8919
0 0.542531 0.717950 0.058669 0.212356 0.8907
0 0.450163 0.827364 0.051486 0.247743 0.8734
0 0.835606 0.142790 0.036470 0.156062 0.8734
0 0.541728 0.890384 0.064897 0.219233 0.8721
0 0.953182 0.201040 0.037760 0.152123 0.8713
0 0.614062 0.300518 0.050475 0.184290 0.8671
0 0.514870 0.063170 0.037984 0.125015 0.8669
0 0.161838 0.190528 0.043809 0.166597 0.8666
0 0.768565 0.089026 0.045551 0.146454 0.8601
0 0.542121 0.065549 0.034106 0.131091 0.8533
0 0.251479 0.059310 0.032402 0.116651 0.8526
0 0.908015 0.266530 0.044011 0.147804 0.8521
0 0.869580 0.171353 0.041008 0.170439 0.8515
0 0.252135 0.188376 0.032925 0.177253 0.8507
0 0.472636 0.240036 0.045755 0.181855 0.8469
0 0.213383 0.240726 0.040044 0.157228 0.8461
0 0.773408 0.172242 0.044164 0.138977 0.8441
0 0.553393 0.279947 0.051039 0.208674 0.8358
0 0.906691 0.165053 0.037020 0.142995 0.8328
0 0.438366 0.217600 0.047699 0.167709 0.8320
0 0.503628 0.244945 0.040183 0.177784 0.8197
0 0.892081 0.409827 0.045658 0.207837 0.8141
0 0.061996 0.502730 0.054310 0.206924 0.7983
0 0.687449 0.942790 0.063772 0.114420 0.7642
0 0.955273 0.350515 0.041121 0.189500 0.7564
0 0.192312 0.067893 0.039504 0.118798 0.7353
0 0.227732 0.371179 0.051826 0.186227 0.7127
0 0.397191 0.667652 0.045825 0.226272 0.6957
0 0.225468 0.056838 0.029588 0.100817 0.6638
0 0.985022 0.376467 0.029957 0.211258 0.6238
0 0.920563 0.402983 0.032382 0.180005 0.5971
