0 0.620198 0.117645 0.050890 0.230518 0.9447
0 0.592613 0.233033 0.052757 0.216403 0.9437
0 0.219714 0.625835 0.049363 0.201475 0.9409
0 0.695473 0.924711 0.049961 0.149444 0.9396
0 0.166423 0.571585 0.045512 0.204594 0.9355
0 0.119254 0.103887 0.045464 0.207773 0.9329
0 0.169562 0.037996 0.051468 0.075426 0.9205
0 0.755721 0.523465 0.051092 0.107224 0.9133
0 0.906973 0.204429 0.059106 0.239754 0.9129
0 0.145575 0.861882 0.059720 0.229257 0.9102
0 0.903091 0.754686 0.046147 0.176354 0.9034
0 0.749302 0.096937 0.051399 0.193626 0.9014
0 0.820261 0.150595 0.055772 0.229344 0.8990
0 0.215417 0.503595 0.050014 0.068907 0.8974
0 0.108456 0.554307 0.037734 0.171238 0.8930
0 0.057049 0.802169 0.058481 0.226383 0.8898
0 0.210491 0.914290 0.043460 0.171421 0.8890
0 0.978210 0.035690 0.043170 0.069237 0.8857
0 0.925956 0.550614 0.038368 0.160769 0.8842
0 0.067119 0.561060 0.044472 0.170026 0.8839
0 0.950897 0.322444 0.052704 0.262054 0.8820
0 0.151835 0.162580 0.043000 0.203369 0.8803
0 0.019922 0.073175 0.037812 0.146052 0.8794
0 0.019996 0.378909 0.039991 0.180718 0.8747
0 0.945527 0.739782 0.037418 0.197237 0.8727
0 0.755099 0.484429 0.052448 0.029050 0.8681
0 0.896185 0.543554 0.041278 0.149221 0.8653
0 0.262833 0.963502 0.058026 0.072995 0.8622
0 0.972991 0.290339 0.043737 0.228268 0.8590
0 0.829995 0.893625 0.050744 0.210738 0.8543
0 0.081376 0.401434 0.055700 0.136640 0.8457
0 0.627901 0.509303 0.032842 0.081063 0.8310
0 0.188262 0.922661 0.055181 0.154677 0.8262
0 0.860996 0.547986 0.046889 0.157374 0.8256
0 0.360287 0.745230 0.052916 0.229022 0.8212
0 0.461491 0.546829 0.042358 0.154430 0.8152
0 0.058008 0.074347 0.040671 0.148693 0.8119
0 0.602003 0.500171 0.029576 0.063569 0.8076
0 0.896105 0.946317 0.055649 0.107366 0.8041
0 0.723947 0.640874 0.047504 0.187750 0.7971
0 0.472793 0.139892 0.050734 0.215705 0.7885
0 0.552442 0.504482 0.036288 0.070514 0.7781
0 0.494250 0.545114 0.038892 0.150128 0.7639
0 0.345732 0.047381 0.037725 0.094762 0.7536
0 0.393726 0.531635 0.034224 0.124765 0.7484
0 0.563925 0.740186 0.041854 0.165775 0.7416
0 0.322917 0.079362 0.038065 0.158723 0.7338
0 0.975473 0.971564 0.048142 0.056872 0.7071
0 0.364631 0.576977 0.042863 0.182033 0.6798
0 0.115930 0.014836 0.044397 0.029673 0.6720
0 0.990121 0.744580 0.019758 0.227941 0.6236
0 0.336821 0.221837 0.063289 0.212836 0.5928
0 0.599791 0.670598 0.045358 0.161523 0.5825
0 0.384497 0.043021 0.035267 0.086041 0.5657
0 0.989017 0.628379 0.021966 0.145164 0.5251
0 0.986561 0.511771 0.026652 0.084818 0.4315
