0 0.712860 0.068591 0.054633 0.134721 0.9270
0 0.279731 0.100164 0.053286 0.135245 0.9161
0 0.329595 0.170979 0.046896 0.183003 0.9028
0 0.766821 0.144560 0.055531 0.224610 0.8872
0 0.784122 0.059422 0.048102 0.118660 0.8648
0 0.736522 0.458484 0.051951 0.145009 0.8577
0 0.351857 0.071678 0.049411 0.143356 0.8477
0 0.301678 0.471666 0.051020 0.117891 0.8477
0 0.107103 0.084145 0.043519 0.165782 0.8396
0 0.146654 0.059006 0.038639 0.118013 0.8364
0 0.823574 0.069152 0.052063 0.137568 0.8111
0 0.346143 0.238656 0.052659 0.213529 0.8088
0 0.388522 0.075859 0.043932 0.151718 0.7886
0 0.051220 0.058881 0.052288 0.117762 0.7880
0 0.914633 0.131241 0.050257 0.239263 0.7874
0 0.539640 0.084471 0.041329 0.168941 0.7853
0 0.757923 0.223269 0.062169 0.240892 0.7837
0 0.884456 0.468142 0.064952 0.126040 0.7462
0 0.483192 0.042371 0.046462 0.084743 0.6967
0 0.120443 0.228146 0.057238 0.217767 0.6508
0 0.115262 0.252536 0.057719 0.218174 0.6320
0 0.853157 0.074359 0.043176 0.148719 0.6141
0 0.583429 0.044445 0.035905 0.087401 0.5992
0 0.989826 0.084230 0.020349 0.168460 0.5572
0 0.541951 0.243511 0.062167 0.229207 0.5413
0 0.552570 0.199879 0.056190 0.227605 0.5222
0 0.446926 0.044938 0.038093 0.089877 0.4744
