0 0.314776 0.187774 0.044125 0.232821 0.9358
0 0.364526 0.103885 0.051300 0.132332 0.9318
0 0.018473 0.399502 0.036842 0.224800 0.9284
0 0.311967 0.062698 0.045668 0.125396 0.9251
0 0.203909 0.464149 0.060984 0.169756 0.9146
0 0.156950 0.225570 0.059181 0.226213 0.8915
0 0.345405 0.255510 0.040652 0.198420 0.8733
0 0.214657 0.165863 0.039524 0.168758 0.8701
0 0.084524 0.102270 0.050024 0.175309 0.8648
0 0.254342 0.150707 0.040671 0.178784 0.8572
0 0.780933 0.928406 0.063135 0.142826 0.8265
0 0.710686 0.922929 0.070815 0.151925 0.8239
0 0.276301 0.491284 0.055652 0.117662 0.8145
0 0.514435 0.161742 0.028001 0.179390 0.6902
0 0.005660 0.481418 0.011209 0.141649 0.6755
0 0.240210 0.021298 0.034526 0.042595 0.6629
0 0.482708 0.046901 0.032936 0.093803 0.6520
0 0.177375 0.024959 0.037381 0.049918 0.6307
0 0.846535 0.883374 0.032585 0.073095 0.5239
0 0.944824 0.886099 0.026421 0.107079 0.4845
0 0.517118 0.292168 0.026619 0.199515 0.4746
0 0.509952 0.029442 0.025597 0.058542 0.4660
0 0.904271 0.870439 0.030672 0.075913 0.4228
0 0.367264 0.255086 0.047063 0.199908 0.4219
