0 0.302276 0.170157 0.044569 0.224947 0.9329
0 0.253054 0.090897 0.049177 0.128631 0.9254
0 0.208395 0.578349 0.057482 0.101076 0.9226
0 0.341388 0.530653 0.054135 0.197205 0.8946
0 0.271487 0.236309 0.041779 0.194704 0.8841
0 0.409546 0.490726 0.061294 0.231100 0.8832
0 0.942989 0.796031 0.058236 0.190721 0.8736
0 0.399341 0.141458 0.039606 0.165825 0.8660
0 0.457625 0.211218 0.057947 0.221240 0.8418
0 0.304053 0.053822 0.043153 0.107645 0.8374
0 0.275111 0.508190 0.048571 0.234547 0.8249
0 0.081999 0.084155 0.035337 0.159986 0.8221
0 0.663090 0.811760 0.073308 0.203314 0.8150
0 0.523321 0.092944 0.038259 0.156451 0.8023
0 0.111736 0.030382 0.032472 0.060764 0.7666
0 0.353733 0.566849 0.062377 0.123393 0.7627
0 0.361745 0.132147 0.038156 0.186230 0.7377
0 0.745372 0.574056 0.020995 0.118602 0.7285
0 0.100794 0.141659 0.034279 0.173719 0.6848
0 0.089976 0.287226 0.060024 0.208867 0.6770
0 0.815842 0.771550 0.021268 0.086734 0.6392
0 0.053671 0.075703 0.031426 0.151406 0.6362
0 0.774971 0.774580 0.025181 0.070533 0.6286
0 0.743965 0.774866 0.017162 0.071684 0.5900
0 0.137357 0.034988 0.030719 0.069977 0.5474
0 0.722416 0.571866 0.023149 0.116327 0.4742
