0 0.709621 0.540567 0.046894 0.217592 0.9493
0 0.735538 0.647681 0.048306 0.206493 0.9483
0 0.329262 0.792982 0.054787 0.211857 0.9480
0 0.652348 0.109503 0.047671 0.128087 0.9426
0 0.654158 0.050536 0.049077 0.101072 0.9370
0 0.419905 0.334719 0.042977 0.223554 0.9309
0 0.423814 0.210212 0.041465 0.127740 0.9135
0 0.372418 0.257055 0.049228 0.123417 0.9074
0 0.524523 0.626510 0.058028 0.224296 0.8902
0 0.639330 0.252397 0.047137 0.175688 0.8785
0 0.390264 0.399221 0.041084 0.189321 0.8749
0 0.571805 0.382194 0.056621 0.206046 0.8674
0 0.761015 0.059525 0.035647 0.118725 0.8646
0 0.457851 0.660655 0.051398 0.182845 0.8635
0 0.800356 0.261456 0.041921 0.149180 0.8599
0 0.516811 0.109415 0.032174 0.151595 0.8538
0 0.554946 0.126420 0.037122 0.147134 0.8483
0 0.489202 0.118360 0.033430 0.161946 0.8389
0 0.258803 0.151454 0.033380 0.170985 0.8334
0 0.787702 0.054941 0.026849 0.109881 0.8313
0 0.449452 0.772000 0.052127 0.250921 0.8221
0 0.159627 0.195791 0.026264 0.160074 0.8127
0 0.387469 0.067587 0.035225 0.133682 0.8124
0 0.224232 0.149240 0.031924 0.128844 0.8117
0 0.832588 0.066868 0.033096 0.132839 0.8102
0 0.939458 0.514112 0.049074 0.218800 0.8070
0 0.422114 0.067749 0.040045 0.132719 0.8051
0 0.514404 0.311576 0.039893 0.158946 0.8045
0 0.206595 0.255718 0.034123 0.157561 0.7788
0 0.860578 0.208863 0.033772 0.149935 0.7700
0 0.477614 0.296952 0.037094 0.172444 0.7638
0 0.917597 0.149656 0.031864 0.130392 0.7507
0 0.085797 0.383164 0.045171 0.196755 0.7474
0 0.227489 0.306963 0.033953 0.169373 0.7350
0 0.905688 0.272523 0.043126 0.181128 0.7349
0 0.211193 0.442831 0.056420 0.200180 0.7249
0 0.224125 0.051142 0.029258 0.101125 0.7074
0 0.190301 0.076131 0.030652 0.079866 0.7063
0 0.976115 0.520305 0.043053 0.211537 0.6961
0 0.182357 0.231544 0.030654 0.157547 0.6495
0 0.795600 0.126676 0.029111 0.121392 0.6404
0 0.900168 0.161094 0.029831 0.123816 0.6214
0 0.972143 0.420752 0.037875 0.117150 0.5748
0 0.940727 0.252118 0.035436 0.151980 0.5619
0 0.391979 0.663430 0.049847 0.240629 0.5238
