0 0.187700 0.839961 0.050567 0.231611 0.9564
0 0.066550 0.462549 0.050054 0.233346 0.9537
0 0.159040 0.921729 0.053650 0.156542 0.9482
0 0.039372 0.573389 0.053438 0.214195 0.9456
0 0.428273 0.158579 0.052852 0.135835 0.9312
0 0.742663 0.336462 0.183342 0.508345 0.9157
0 0.378241 0.242633 0.045435 0.239047 0.9127
0 0.374243 0.111002 0.046324 0.139783 0.9073
0 0.263976 0.557477 0.064019 0.239199 0.9068
0 0.904949 0.342556 0.154541 0.442961 0.9045
0 0.409175 0.313101 0.045776 0.203454 0.8972
0 0.526976 0.922491 0.050508 0.155019 0.8937
0 0.214685 0.285787 0.062669 0.233911 0.8920
0 0.126971 0.034371 0.050900 0.068008 0.8918
0 0.141675 0.152827 0.051054 0.190070 0.8851
0 0.815798 0.858843 0.110867 0.220664 0.8700
0 0.907683 0.859991 0.114895 0.226996 0.8619
0 0.732747 0.861561 0.090579 0.215748 0.8550
0 0.340137 0.584160 0.057327 0.185505 0.8482
0 0.383613 0.923256 0.062486 0.153488 0.8479
0 0.451617 0.957183 0.057322 0.083245 0.8375
0 0.275141 0.215200 0.041004 0.175253 0.8333
0 0.475003 0.649943 0.058901 0.061149 0.7919
0 0.273036 0.042122 0.038882 0.084244 0.7904
0 0.238394 0.046177 0.043788 0.092354 0.7796
0 0.301425 0.045901 0.034747 0.091803 0.7787
0 0.317087 0.201174 0.040462 0.199049 0.7747
0 0.583259 0.216057 0.037598 0.190502 0.7579
0 0.350732 0.624734 0.056443 0.114549 0.7515
0 0.585464 0.050706 0.036774 0.100004 0.7503
0 0.550235 0.069091 0.039196 0.138182 0.7430
0 0.608231 0.157716 0.038316 0.176520 0.7223
0 0.525411 0.739860 0.043925 0.117782 0.7044
0 0.341102 0.725102 0.054962 0.086757 0.6517
0 0.593259 0.378478 0.059896 0.228657 0.6042
0 0.011543 0.067095 0.023086 0.131296 0.5630
0 0.497134 0.708965 0.048831 0.053745 0.5227
0 0.632314 0.131486 0.034352 0.183748 0.5173
