0 0.735904 0.647658 0.048845 0.207113 0.9499
0 0.709406 0.540414 0.046922 0.218656 0.9485
0 0.329097 0.791890 0.055399 0.213581 0.9483
0 0.652505 0.108591 0.047892 0.128938 0.9419
0 0.654114 0.050010 0.049843 0.100020 0.9333
0 0.420701 0.330816 0.045866 0.217305 0.9143
0 0.372603 0.257367 0.049801 0.125686 0.9112
0 0.392859 0.664467 0.047665 0.235360 0.9051
0 0.485142 0.819574 0.060223 0.269189 0.8919
0 0.526339 0.667387 0.059993 0.229617 0.8880
0 0.639180 0.257163 0.048540 0.167681 0.8765
0 0.462857 0.736455 0.053572 0.246002 0.8489
0 0.485201 0.079073 0.041956 0.141449 0.8335
0 0.517146 0.068283 0.034922 0.132069 0.8329
0 0.924569 0.469693 0.041022 0.204203 0.8284
0 0.960365 0.474528 0.045766 0.189750 0.8278
0 0.255610 0.166840 0.033403 0.166381 0.7960
0 0.162410 0.195896 0.035553 0.176225 0.7779
0 0.437970 0.219388 0.056159 0.161262 0.7575
0 0.192481 0.079901 0.032629 0.090471 0.7497
0 0.477038 0.232474 0.041961 0.153850 0.7489
0 0.886730 0.243167 0.041972 0.175541 0.7454
0 0.546076 0.065643 0.031610 0.125329 0.7421
0 0.924566 0.236613 0.034357 0.152333 0.7349
0 0.209802 0.240217 0.036076 0.157828 0.7346
0 0.983655 0.411553 0.032690 0.188544 0.7204
0 0.963177 0.329629 0.033488 0.108616 0.7172
0 0.760666 0.063410 0.039400 0.126820 0.7094
0 0.427023 0.212005 0.043548 0.132374 0.7015
0 0.255026 0.050579 0.031654 0.101159 0.6891
0 0.210419 0.434255 0.061663 0.207545 0.6887
0 0.501477 0.244930 0.037899 0.171284 0.6855
0 0.839269 0.184256 0.037475 0.145198 0.6846
0 0.922075 0.153950 0.035277 0.138045 0.6563
0 0.568251 0.360742 0.051484 0.218180 0.6493
0 0.788229 0.231087 0.036272 0.127722 0.6254
0 0.894913 0.156959 0.035904 0.111742 0.5881
0 0.408335 0.394727 0.056311 0.201501 0.5651
0 0.554962 0.104460 0.036010 0.142459 0.5647
0 0.219450 0.292293 0.038021 0.162075 0.5415
0 0.226531 0.053182 0.033433 0.105317 0.5356
0 0.514448 0.294461 0.039097 0.183102 0.5206
0 0.780703 0.225939 0.044025 0.139401 0.5191
0 0.769006 0.096347 0.045924 0.150472 0.5167
0 0.774583 0.136278 0.045275 0.190967 0.4639
0 0.765485 0.077268 0.045676 0.151896 0.4368
0 0.977317 0.400829 0.040299 0.185985 0.4167
0 0.947748 0.360791 0.043827 0.070809 0.4058
