0 0.736025 0.647894 0.049285 0.206502 0.9506
0 0.709534 0.540136 0.047199 0.218951 0.9489
0 0.329053 0.792364 0.055672 0.214400 0.9478
0 0.652563 0.108825 0.047502 0.127924 0.9462
0 0.654238 0.049987 0.049733 0.099974 0.9296
0 0.372358 0.256876 0.049397 0.126141 0.9083
0 0.421811 0.332582 0.048488 0.218911 0.9066
0 0.461040 0.730832 0.054897 0.224470 0.8956
0 0.527880 0.674867 0.058405 0.228724 0.8902
0 0.394240 0.665971 0.048172 0.235297 0.8885
0 0.641302 0.257417 0.047201 0.164763 0.8514
0 0.958219 0.473570 0.044349 0.190216 0.8511
0 0.482637 0.074475 0.043615 0.140204 0.8502
0 0.923025 0.466244 0.040074 0.211031 0.8460
0 0.543332 0.065400 0.034234 0.129990 0.8457
0 0.515986 0.064575 0.038308 0.129151 0.8425
0 0.489961 0.830882 0.058587 0.262215 0.8331
0 0.439306 0.217612 0.052454 0.166669 0.8142
0 0.887494 0.149249 0.035119 0.107811 0.7971
0 0.883562 0.241847 0.040687 0.176346 0.7946
0 0.253416 0.052292 0.031676 0.104584 0.7920
0 0.475699 0.228304 0.044338 0.160726 0.7773
0 0.981695 0.405677 0.036177 0.192735 0.7731
0 0.163898 0.198124 0.041022 0.178840 0.7725
0 0.414372 0.392010 0.055370 0.211580 0.7632
0 0.838268 0.184171 0.038548 0.150792 0.7544
0 0.192450 0.078130 0.033087 0.093437 0.7527
0 0.501021 0.235830 0.038573 0.166486 0.7498
0 0.252821 0.176283 0.029442 0.174373 0.7385
0 0.767665 0.083586 0.047111 0.152254 0.6984
0 0.960725 0.327240 0.034315 0.121300 0.6903
0 0.922684 0.225235 0.033945 0.157234 0.6681
0 0.557339 0.324004 0.043063 0.194853 0.6486
0 0.781217 0.223114 0.043760 0.147809 0.6454
0 0.920995 0.152852 0.032661 0.132191 0.6070
0 0.211733 0.240141 0.040218 0.165081 0.6049
0 0.215216 0.427175 0.059263 0.200824 0.5778
0 0.220471 0.051092 0.032895 0.101993 0.4263
0 0.758818 0.056069 0.038580 0.110456 0.4252
0 0.215031 0.285920 0.035603 0.164561 0.4182
