0 0.278421 0.393622 0.056182 0.235023 0.9516
0 0.166803 0.895524 0.064302 0.208952 0.9480
0 0.249202 0.270554 0.053088 0.246767 0.9455
0 0.091154 0.106642 0.062395 0.213284 0.9221
0 0.038128 0.388276 0.067663 0.273984 0.9124
0 0.390396 0.745346 0.068202 0.265969 0.8914
0 0.239963 0.767758 0.056372 0.268620 0.8826
0 0.314077 0.793359 0.062791 0.227370 0.8621
0 0.332199 0.883213 0.073520 0.233575 0.8458
0 0.026171 0.051266 0.050472 0.102533 0.8040
0 0.499323 0.241544 0.039017 0.259444 0.7815
0 0.980483 0.286732 0.038939 0.100124 0.7481
0 0.619800 0.769957 0.200476 0.460086 0.6479
0 0.029734 0.591289 0.055607 0.100358 0.5254
