0 0.455421 0.817506 0.223294 0.364987 0.9449
0 0.233044 0.833834 0.141402 0.332206 0.9224
0 0.016191 0.284272 0.032382 0.217042 0.9180
0 0.899114 0.091829 0.048538 0.127648 0.9038
0 0.350257 0.033667 0.048782 0.067334 0.8896
0 0.285200 0.127285 0.049232 0.200074 0.8878
0 0.837712 0.217557 0.050589 0.197377 0.8789
0 0.796420 0.078649 0.045605 0.157297 0.8764
0 0.299287 0.077359 0.045924 0.152570 0.8741
0 0.376231 0.822015 0.139433 0.352090 0.8681
0 0.834887 0.069794 0.048894 0.139588 0.8638
0 0.167002 0.060313 0.049599 0.120248 0.8628
0 0.104966 0.068851 0.048919 0.137209 0.8511
0 0.851673 0.157113 0.044839 0.168169 0.8500
0 0.173530 0.429100 0.060549 0.117767 0.8262
0 0.391069 0.460198 0.053840 0.058224 0.8155
0 0.309823 0.397178 0.049878 0.187280 0.7985
0 0.780573 0.738097 0.128080 0.416615 0.7976
0 0.875361 0.438440 0.050308 0.105132 0.7963
0 0.654346 0.131924 0.055243 0.184162 0.7882
0 0.718201 0.122103 0.049179 0.194658 0.7841
0 0.247814 0.033277 0.041829 0.066553 0.7578
0 0.768505 0.084172 0.041458 0.167121 0.7526
0 0.063158 0.834146 0.097795 0.331265 0.7218
0 0.217857 0.036617 0.039557 0.073233 0.7166
0 0.496907 0.123182 0.051445 0.202498 0.6975
0 0.017534 0.810504 0.035068 0.378992 0.5316
0 0.511007 0.028106 0.036694 0.056213 0.4114
