0 0.187934 0.189596 0.055305 0.140566 0.9179
0 0.242208 0.271636 0.052837 0.239456 0.9056
0 0.637903 0.881357 0.110053 0.234058 0.8738
0 0.889909 0.888805 0.129443 0.221842 0.8404
0 0.725423 0.902422 0.099194 0.192285 0.8396
0 0.305225 0.176103 0.047892 0.177784 0.8058
0 0.210963 0.579277 0.056354 0.123415 0.8041
0 0.480292 0.409043 0.023053 0.129172 0.7925
0 0.361799 0.579384 0.065822 0.125441 0.7830
0 0.317716 0.045866 0.046040 0.090804 0.7829
0 0.450100 0.412351 0.027530 0.136438 0.7786
0 0.059343 0.097980 0.038298 0.189028 0.7610
0 0.344901 0.877147 0.105918 0.124841 0.7451
0 0.393439 0.287938 0.032225 0.242414 0.7372
0 0.262729 0.153984 0.056218 0.178317 0.7234
0 0.246151 0.139087 0.046505 0.141818 0.7106
0 0.837666 0.448878 0.032060 0.211621 0.6769
0 0.349505 0.040852 0.038855 0.081486 0.6608
0 0.231989 0.332969 0.070938 0.231923 0.6179
0 0.422127 0.391098 0.020527 0.095014 0.5939
0 0.857198 0.461677 0.026756 0.188269 0.5900
0 0.021530 0.387099 0.043059 0.231619 0.5688
0 0.018542 0.223075 0.036413 0.190337 0.5266
0 0.334975 0.176571 0.043547 0.191256 0.5223
0 0.347943 0.221802 0.046027 0.194794 0.5182
0 0.010830 0.159708 0.021660 0.180551 0.5024
0 0.383559 0.043747 0.040601 0.087494 0.4828
0 0.292026 0.613035 0.057650 0.053923 0.4235
