0 0.329268 0.791639 0.055042 0.212062 0.9494
0 0.735748 0.647314 0.048653 0.206006 0.9493
0 0.709577 0.539968 0.046796 0.218031 0.9489
0 0.652588 0.108877 0.047885 0.129422 0.9425
0 0.654358 0.049922 0.049152 0.099844 0.9308
0 0.420158 0.332386 0.044504 0.220477 0.9176
0 0.372267 0.257286 0.049015 0.125096 0.9119
0 0.391925 0.662794 0.047093 0.235639 0.9090
0 0.638830 0.257686 0.047487 0.167343 0.8956
0 0.526493 0.656197 0.058115 0.232043 0.8809
0 0.760360 0.057078 0.038711 0.114156 0.8722
0 0.461103 0.736017 0.052502 0.256758 0.8714
0 0.424310 0.209633 0.042546 0.130027 0.8658
0 0.391396 0.397719 0.038890 0.194474 0.8610
0 0.570258 0.378226 0.052942 0.217457 0.8346
0 0.489124 0.106140 0.037338 0.158839 0.8275
0 0.478743 0.805515 0.057916 0.276493 0.8203
0 0.553111 0.112804 0.037867 0.150732 0.8198
0 0.891715 0.248193 0.041793 0.172608 0.8176
0 0.962733 0.482732 0.048856 0.201652 0.8052
0 0.226931 0.146689 0.033355 0.135155 0.8016
0 0.517004 0.097710 0.032018 0.145119 0.7957
0 0.513716 0.302243 0.038282 0.169051 0.7855
0 0.927588 0.240989 0.035052 0.151476 0.7800
0 0.158920 0.193790 0.031201 0.173124 0.7791
0 0.258844 0.151796 0.035490 0.176583 0.7746
0 0.207350 0.244388 0.034076 0.154646 0.7745
0 0.774633 0.136539 0.046864 0.174733 0.7666
0 0.917403 0.147997 0.033157 0.133132 0.7663
0 0.850991 0.195608 0.036325 0.151045 0.7610
0 0.786347 0.051378 0.027809 0.102757 0.7560
0 0.789722 0.234064 0.036400 0.124821 0.7455
0 0.476847 0.296389 0.035916 0.181051 0.7385
0 0.212571 0.441494 0.060217 0.205866 0.7005
0 0.926143 0.471110 0.041713 0.204628 0.6952
0 0.964617 0.324368 0.031526 0.107667 0.6708
0 0.191207 0.076263 0.031435 0.087242 0.6517
0 0.984775 0.411370 0.030449 0.196233 0.6446
0 0.897337 0.164661 0.036175 0.106251 0.6443
0 0.222516 0.292257 0.033856 0.166263 0.5965
0 0.977621 0.405042 0.042425 0.189474 0.5511
0 0.948783 0.360513 0.046214 0.061912 0.4295
