0 0.581639 0.691676 0.253098 0.616647 0.9558
0 0.219651 0.769959 0.055760 0.250678 0.9458
0 0.189546 0.886148 0.058158 0.227704 0.9422
0 0.846968 0.694649 0.266327 0.610702 0.9408
0 0.190287 0.073857 0.060973 0.147714 0.8972
0 0.689522 0.190852 0.618141 0.381703 0.8625
0 0.328215 0.496837 0.055021 0.214691 0.8441
0 0.217645 0.315092 0.055569 0.147063 0.8203
0 0.035513 0.428826 0.051069 0.079551 0.5954
0 0.020246 0.605262 0.040492 0.235454 0.5821
0 0.064004 0.354705 0.075415 0.068466 0.5070
0 0.208027 0.026574 0.046350 0.052526 0.4091
