0 0.478506 0.772533 0.050550 0.222764 0.9519
0 0.160096 0.580452 0.049512 0.227637 0.9515
0 0.151404 0.154493 0.051611 0.215763 0.9491
0 0.132413 0.692462 0.051737 0.214647 0.9444
0 0.451268 0.884974 0.054869 0.230052 0.9442
0 0.797212 0.893675 0.054681 0.211696 0.9354
0 0.834653 0.477684 0.036978 0.104662 0.9229
0 0.179303 0.077521 0.049655 0.155042 0.9206
0 0.780955 0.438850 0.053230 0.100380 0.9190
0 0.785739 0.559379 0.041989 0.210625 0.9186
0 0.752201 0.586538 0.058230 0.199667 0.8984
0 0.361731 0.216506 0.052657 0.251151 0.8924
0 0.639416 0.470308 0.046844 0.163022 0.8817
0 0.933572 0.437990 0.045008 0.098294 0.8764
0 0.703176 0.450027 0.041485 0.122144 0.8729
0 0.738903 0.449215 0.038723 0.121088 0.8714
0 0.337340 0.756197 0.064475 0.211512 0.8692
0 0.875528 0.967882 0.052656 0.061160 0.8632
0 0.644311 0.942907 0.069668 0.113645 0.8506
0 0.754046 0.192937 0.164884 0.385874 0.8445
0 0.588672 0.529690 0.043949 0.199951 0.8418
0 0.347374 0.909388 0.071057 0.179818 0.8322
0 0.963472 0.158726 0.072828 0.316841 0.8233
0 0.965179 0.435533 0.026240 0.093498 0.7661
0 0.854760 0.193188 0.103194 0.386376 0.6921
0 0.988582 0.561940 0.022836 0.217561 0.6527
0 0.371046 0.303015 0.037537 0.172609 0.6241
0 0.604988 0.193343 0.195465 0.386686 0.5680
0 0.972242 0.461480 0.035068 0.146034 0.4617
0 0.968547 0.449273 0.032794 0.121365 0.4058
