0 0.270348 0.266285 0.023772 0.111430 0.8996
0 0.283696 0.319700 0.024379 0.103317 0.8829
0 0.074902 0.391464 0.030462 0.102813 0.8740
0 0.772335 0.522763 0.454492 0.418521 0.8545
0 0.730806 0.594886 0.537764 0.372371 0.8366
0 0.503496 0.345673 0.801664 0.395758 0.8325
0 0.833742 0.309908 0.072743 0.281147 0.8112
0 0.764542 0.449045 0.470916 0.377076 0.8106
0 0.221370 0.141637 0.025507 0.102805 0.8077
0 0.097503 0.119663 0.026093 0.064455 0.8075
0 0.616766 0.255793 0.040245 0.221406 0.7959
0 0.385131 0.367108 0.697363 0.440327 0.7953
0 0.059112 0.721155 0.076140 0.500316 0.7910
0 0.118453 0.712344 0.066396 0.470896 0.7803
0 0.749545 0.273583 0.040103 0.212450 0.7743
0 0.529717 0.263408 0.038577 0.209848 0.7678
0 0.658791 0.527483 0.668436 0.406764 0.7646
0 0.240827 0.041915 0.026784 0.066022 0.7633
0 0.152064 0.027423 0.023716 0.054845 0.7594
0 0.184320 0.357894 0.030319 0.110005 0.7588
0 0.672741 0.361321 0.648285 0.412510 0.7537
0 0.438357 0.941998 0.076527 0.116004 0.7525
0 0.172141 0.023941 0.019897 0.047882 0.7494
0 0.138556 0.398672 0.028365 0.105374 0.7489
0 0.174649 0.702647 0.067313 0.474132 0.7469
0 0.716534 0.408388 0.564116 0.386800 0.7394
0 0.598332 0.584045 0.803335 0.423352 0.7389
0 0.129017 0.186619 0.025836 0.103969 0.7358
0 0.448359 0.295773 0.662626 0.479928 0.7305
0 0.149213 0.104634 0.023280 0.087095 0.7282
0 0.227858 0.706868 0.067276 0.482641 0.7257
0 0.165454 0.108243 0.022846 0.090352 0.7176
0 0.603771 0.425741 0.792457 0.377232 0.7153
0 0.299293 0.032152 0.022895 0.064305 0.7113
0 0.647354 0.265096 0.036543 0.185469 0.7109
0 0.578208 0.236164 0.030512 0.154449 0.7076
0 0.129501 0.096162 0.024790 0.085628 0.7048
0 0.587941 0.820171 0.062856 0.301287 0.7034
0 0.111147 0.332362 0.024879 0.121401 0.6995
0 0.122605 0.149246 0.024683 0.087404 0.6811
0 0.579579 0.284112 0.745824 0.508649 0.6740
0 0.325486 0.609119 0.650973 0.701278 0.6695
0 0.535353 0.524966 0.809602 0.428468 0.6694
0 0.241907 0.018111 0.028035 0.036223 0.6517
0 0.363160 0.194221 0.025482 0.107324 0.6508
0 0.020447 0.177124 0.027050 0.102113 0.6466
0 0.701678 0.291428 0.043464 0.212020 0.6337
0 0.015251 0.107343 0.023138 0.083257 0.6250
0 0.330963 0.494549 0.661926 0.520056 0.6207
0 0.188114 0.112730 0.025982 0.102914 0.6139
0 0.179743 0.410774 0.031366 0.075399 0.6098
0 0.390543 0.255707 0.538385 0.511414 0.5980
0 0.036494 0.081992 0.016934 0.086542 0.5899
0 0.556350 0.229073 0.023063 0.156110 0.5898
0 0.301624 0.077683 0.022983 0.070678 0.5864
0 0.566727 0.697691 0.823944 0.497680 0.5850
0 0.485372 0.590554 0.837793 0.459049 0.5808
0 0.353568 0.083183 0.020191 0.084460 0.5753
0 0.186142 0.026189 0.018099 0.052379 0.5708
0 0.286728 0.355758 0.573455 0.434879 0.5614
0 0.334314 0.328715 0.567814 0.422314 0.5508
0 0.805499 0.564269 0.389001 0.384180 0.5497
0 0.724370 0.759660 0.551259 0.480681 0.5251
0 0.958396 0.355814 0.081599 0.187697 0.4999
0 0.278894 0.722873 0.060600 0.476989 0.4879
0 0.784379 0.646389 0.429592 0.390231 0.4838
0 0.371386 0.077866 0.019378 0.080952 0.4708
0 0.697911 0.277755 0.589839 0.533094 0.4702
0 0.234058 0.366274 0.468116 0.406735 0.4669
0 0.754455 0.333544 0.491091 0.371929 0.4624
0 0.382242 0.201582 0.016665 0.090459 0.4599
0 0.415881 0.718026 0.809220 0.504127 0.4375
0 0.297140 0.726614 0.094167 0.482871 0.4202
0 0.258091 0.256866 0.501641 0.312063 0.4138
0 0.147759 0.401579 0.295376 0.471711 0.4137
0 0.180211 0.426478 0.358533 0.367519 0.4132
