0 0.101666 0.277997 0.020208 0.109687 0.8512
0 0.343452 0.244557 0.023617 0.107633 0.7227
0 0.164396 0.364688 0.025475 0.095942 0.7177
0 0.243539 0.406498 0.021743 0.100146 0.7069
0 0.166254 0.445402 0.024875 0.108899 0.6995
0 0.092522 0.341035 0.022479 0.122416 0.6960
0 0.197987 0.420360 0.020891 0.120864 0.6934
0 0.136630 0.148595 0.022011 0.086527 0.6345
0 0.160891 0.149008 0.021109 0.094616 0.6312
0 0.204407 0.200071 0.022774 0.101411 0.6194
0 0.081283 0.043286 0.019217 0.068703 0.5856
0 0.007968 0.335532 0.015936 0.119300 0.5159
0 0.283493 0.188306 0.021464 0.096550 0.5112
0 0.295633 0.032177 0.016983 0.059159 0.4943
0 0.180626 0.122590 0.018399 0.076321 0.4821
0 0.034480 0.212827 0.020565 0.092256 0.4632
0 0.305214 0.100091 0.016256 0.075730 0.4520
0 0.282176 0.029742 0.014558 0.056711 0.4405
0 0.122027 0.061765 0.018799 0.067366 0.4197
0 0.270777 0.094034 0.014285 0.077022 0.4186
0 0.167400 0.033169 0.015689 0.066338 0.4136
0 0.206960 0.113754 0.019388 0.083473 0.4135
0 0.218276 0.347835 0.019158 0.121837 0.4057
