0 0.212881 0.309273 0.053244 0.202233 0.9567
0 0.547836 0.089925 0.052483 0.176740 0.9249
0 0.863206 0.705283 0.269607 0.589434 0.9117
0 0.166644 0.752018 0.333288 0.495965 0.9091
0 0.604168 0.039499 0.056125 0.078171 0.8909
0 0.529978 0.150696 0.058802 0.231069 0.8619
0 0.304764 0.064297 0.059181 0.126935 0.8441
0 0.855993 0.250620 0.127937 0.312590 0.8379
0 0.390623 0.086637 0.055034 0.173232 0.8282
0 0.484578 0.045939 0.049979 0.091012 0.7963
0 0.578353 0.372807 0.055032 0.071356 0.7643
0 0.183695 0.375109 0.057940 0.077980 0.7428
0 0.449595 0.051308 0.046325 0.102355 0.6535
0 0.525656 0.029303 0.057587 0.058359 0.6015
0 0.023552 0.028320 0.040789 0.054485 0.5979
0 0.743976 0.338008 0.046832 0.140073 0.4713
0 0.010653 0.172896 0.021305 0.229610 0.4072
