0 0.735894 0.648015 0.049003 0.205837 0.9503
0 0.329061 0.791863 0.055506 0.212328 0.9494
0 0.709550 0.539656 0.046820 0.218340 0.9491
0 0.653942 0.050189 0.050482 0.100378 0.9393
0 0.652214 0.110367 0.047713 0.130616 0.9254
0 0.372429 0.257349 0.048953 0.124893 0.9070
0 0.481852 0.069071 0.046046 0.137126 0.9068
0 0.393231 0.661481 0.047514 0.230307 0.9006
0 0.968809 0.602445 0.060790 0.212180 0.8990
0 0.418526 0.323686 0.042316 0.164486 0.8953
0 0.538802 0.706452 0.057637 0.201809 0.8933
0 0.433603 0.382574 0.046918 0.195990 0.8847
0 0.541905 0.064497 0.033536 0.128938 0.8789
0 0.514348 0.061301 0.039000 0.122490 0.8775
0 0.768173 0.088733 0.043832 0.143881 0.8729
0 0.252449 0.190924 0.033399 0.174325 0.8659
0 0.953453 0.201608 0.038998 0.152616 0.8604
0 0.453680 0.811620 0.053605 0.254445 0.8591
0 0.835609 0.141720 0.037294 0.151029 0.8562
0 0.160577 0.187301 0.041603 0.167678 0.8555
0 0.474114 0.235814 0.046344 0.177769 0.8498
0 0.214639 0.238807 0.042441 0.163724 0.8386
0 0.438595 0.217529 0.050073 0.170593 0.8356
0 0.530002 0.882612 0.067230 0.234777 0.8293
0 0.251047 0.056466 0.031365 0.112931 0.8270
0 0.908418 0.168479 0.036331 0.132116 0.8152
0 0.772609 0.170242 0.041453 0.136570 0.8130
0 0.688768 0.944416 0.067981 0.111169 0.7975
0 0.191261 0.070360 0.037110 0.111258 0.7922
0 0.908814 0.270910 0.047574 0.146085 0.7818
0 0.872847 0.165825 0.041731 0.174534 0.7761
0 0.554260 0.284713 0.048112 0.203015 0.7734
0 0.953179 0.353503 0.040068 0.204517 0.7714
0 0.503438 0.244383 0.039972 0.178906 0.7519
0 0.614379 0.299036 0.051203 0.190887 0.7233
0 0.062382 0.502303 0.055922 0.219742 0.6998
0 0.893961 0.418337 0.048808 0.210093 0.6966
0 0.980685 0.373572 0.036998 0.208381 0.6772
0 0.224682 0.383740 0.055854 0.188993 0.6669
0 0.888437 0.397998 0.046824 0.190850 0.5568
0 0.920721 0.402757 0.035849 0.175208 0.5302
0 0.226137 0.060824 0.029070 0.095550 0.5120
0 0.621372 0.290432 0.048240 0.175361 0.4538
