0 0.630040 0.365289 0.051270 0.128154 0.9434
0 0.603382 0.297437 0.047370 0.221582 0.9424
0 0.260278 0.036143 0.048744 0.072286 0.9021
0 0.307887 0.078917 0.043500 0.157409 0.8985
0 0.326252 0.134260 0.047627 0.209350 0.8578
0 0.501150 0.077649 0.054162 0.154047 0.8574
0 0.757877 0.246637 0.075812 0.372325 0.8440
0 0.444503 0.052134 0.052291 0.104121 0.7885
0 0.958222 0.287153 0.083051 0.289851 0.7724
0 0.304544 0.373795 0.046694 0.111282 0.7684
0 0.362306 0.033007 0.041324 0.065980 0.7555
0 0.390397 0.035541 0.036534 0.071081 0.7427
0 0.102810 0.034776 0.036099 0.069551 0.6832
0 0.114441 0.129331 0.055181 0.197631 0.6806
0 0.330932 0.023569 0.041511 0.046000 0.4161
