0 0.735646 0.647629 0.048526 0.206928 0.9490
0 0.709558 0.540503 0.046820 0.217668 0.9487
0 0.329365 0.792807 0.054744 0.211126 0.9484
0 0.652250 0.109153 0.047480 0.128037 0.9446
0 0.653940 0.050331 0.049100 0.100662 0.9360
0 0.420032 0.334492 0.043319 0.225490 0.9330
0 0.423883 0.210098 0.041572 0.127132 0.9152
0 0.372357 0.257181 0.049366 0.123876 0.9087
0 0.524854 0.627667 0.057829 0.225687 0.8976
0 0.639179 0.254827 0.047399 0.170256 0.8761
0 0.457802 0.665814 0.052319 0.183128 0.8694
0 0.390219 0.399345 0.041342 0.189355 0.8687
0 0.571746 0.383010 0.055493 0.207959 0.8617
0 0.555017 0.127069 0.036587 0.146717 0.8530
0 0.761305 0.060273 0.035792 0.119540 0.8475
0 0.799599 0.260493 0.042447 0.147042 0.8470
0 0.516527 0.111682 0.031036 0.152059 0.8431
0 0.489564 0.118509 0.033057 0.163838 0.8386
0 0.258870 0.152698 0.033997 0.172453 0.8286
0 0.787378 0.054334 0.027158 0.108650 0.8162
0 0.159582 0.195863 0.026283 0.161898 0.8115
0 0.514860 0.311951 0.039874 0.159138 0.8115
0 0.832716 0.066328 0.032967 0.131511 0.8034
0 0.939200 0.512547 0.048478 0.218806 0.8005
0 0.224594 0.148729 0.031497 0.134699 0.7953
0 0.386847 0.065227 0.034713 0.128978 0.7910
0 0.859885 0.208779 0.034170 0.151903 0.7882
0 0.206750 0.254682 0.034758 0.157018 0.7806
0 0.452006 0.776076 0.052661 0.254050 0.7611
0 0.918337 0.147136 0.031858 0.129818 0.7579
0 0.477345 0.298260 0.036595 0.174729 0.7449
0 0.085117 0.381803 0.046397 0.196464 0.7446
0 0.421005 0.064295 0.039775 0.126037 0.7408
0 0.227434 0.307309 0.033797 0.168393 0.7278
0 0.224634 0.050645 0.027658 0.100261 0.7170
0 0.904177 0.273196 0.043492 0.185911 0.7119
0 0.976815 0.520494 0.042720 0.213340 0.7079
0 0.392099 0.661783 0.049290 0.240456 0.7016
0 0.210849 0.443089 0.056688 0.202596 0.6844
0 0.190490 0.076496 0.032161 0.081570 0.6805
0 0.182075 0.228635 0.031803 0.158049 0.6048
0 0.939162 0.249848 0.034256 0.148669 0.5925
0 0.901019 0.161581 0.031160 0.122414 0.5494
0 0.794195 0.125525 0.030641 0.123289 0.5474
0 0.972777 0.416868 0.036712 0.137310 0.4736
