0 0.736112 0.647934 0.049133 0.207164 0.9526
0 0.709377 0.539352 0.047226 0.217776 0.9504
0 0.328667 0.791677 0.055775 0.212781 0.9490
0 0.653923 0.050109 0.050275 0.100218 0.9346
0 0.652473 0.110346 0.047979 0.131038 0.9291
0 0.392274 0.665028 0.048795 0.233693 0.9280
0 0.372287 0.256870 0.048687 0.124571 0.9090
0 0.510748 0.861479 0.066039 0.276351 0.9018
0 0.458335 0.784200 0.058653 0.247905 0.8971
0 0.482924 0.069827 0.046488 0.137595 0.8864
0 0.532709 0.703793 0.056806 0.237514 0.8631
0 0.420971 0.324705 0.044767 0.174300 0.8630
0 0.516907 0.064166 0.041382 0.127563 0.8588
0 0.473075 0.237969 0.048254 0.163053 0.8579
0 0.438077 0.220003 0.047127 0.166314 0.8457
0 0.767843 0.084891 0.044993 0.142581 0.8442
0 0.162143 0.193951 0.045026 0.161406 0.8410
0 0.251861 0.055409 0.031161 0.109922 0.8386
0 0.951440 0.198251 0.042175 0.153296 0.8376
0 0.881269 0.221217 0.044713 0.182196 0.8278
0 0.914330 0.220533 0.032052 0.172225 0.8225
0 0.544934 0.066566 0.034928 0.133131 0.8218
0 0.904902 0.434410 0.050083 0.209914 0.8162
0 0.773459 0.167103 0.042490 0.141243 0.8077
0 0.435928 0.378215 0.051203 0.206095 0.7928
0 0.251953 0.192830 0.031349 0.171113 0.7897
0 0.630707 0.280337 0.048992 0.170308 0.7887
0 0.214130 0.238373 0.041214 0.159991 0.7828
0 0.883990 0.152350 0.039445 0.138482 0.7721
0 0.836074 0.139397 0.035152 0.155395 0.7551
0 0.943147 0.441133 0.041754 0.186140 0.7507
0 0.555393 0.316712 0.044839 0.203114 0.7487
0 0.190793 0.072152 0.036652 0.100618 0.7113
0 0.502069 0.243109 0.037922 0.170369 0.7110
0 0.970467 0.387283 0.038912 0.188600 0.6951
0 0.940943 0.306398 0.040604 0.118417 0.6664
0 0.225048 0.373130 0.050627 0.186332 0.6525
0 0.224108 0.061958 0.032739 0.085574 0.6375
0 0.065504 0.485096 0.055728 0.201087 0.6286
0 0.989952 0.391098 0.020096 0.190812 0.5718
0 0.836337 0.166879 0.035683 0.146482 0.4206
