0 0.735873 0.647392 0.048599 0.206742 0.9492
0 0.329045 0.791913 0.055565 0.214111 0.9485
0 0.709492 0.540330 0.047100 0.218639 0.9474
0 0.652562 0.109386 0.047392 0.127500 0.9446
0 0.654093 0.050058 0.050282 0.100116 0.9360
0 0.420891 0.330256 0.045945 0.217961 0.9159
0 0.372669 0.257307 0.049899 0.126360 0.9136
0 0.393039 0.664348 0.047387 0.236266 0.8954
0 0.485784 0.820799 0.061287 0.269745 0.8951
0 0.526444 0.667750 0.059665 0.226644 0.8842
0 0.639927 0.256453 0.049699 0.168476 0.8705
0 0.960495 0.476215 0.046576 0.188040 0.8620
0 0.517203 0.066399 0.036183 0.130449 0.8505
0 0.462879 0.739864 0.054016 0.252126 0.8451
0 0.924739 0.470392 0.039682 0.207692 0.8409
0 0.484556 0.075967 0.042558 0.140214 0.8400
0 0.545675 0.065224 0.032212 0.127679 0.8231
0 0.255565 0.170202 0.033080 0.171241 0.7927
0 0.438414 0.217941 0.055770 0.163934 0.7838
0 0.476227 0.230084 0.042082 0.156023 0.7583
0 0.163293 0.196145 0.035498 0.175155 0.7527
0 0.886655 0.242866 0.042049 0.176146 0.7475
0 0.982850 0.410667 0.034267 0.190396 0.7444
0 0.193226 0.079689 0.032593 0.092176 0.7442
0 0.501231 0.236184 0.037684 0.160786 0.7299
0 0.209556 0.237040 0.036226 0.156393 0.7254
0 0.964561 0.327083 0.033989 0.108426 0.7129
0 0.759607 0.055350 0.039068 0.110699 0.7083
0 0.210509 0.432654 0.061185 0.206037 0.6997
0 0.924166 0.232584 0.033722 0.154037 0.6828
0 0.839180 0.184268 0.038035 0.144692 0.6737
0 0.788173 0.230449 0.036683 0.135119 0.6693
0 0.427787 0.212093 0.044418 0.135011 0.6413
0 0.253861 0.051531 0.031894 0.103063 0.6079
0 0.769413 0.095583 0.046087 0.149007 0.5757
0 0.413284 0.389664 0.056956 0.210544 0.5707
0 0.890720 0.152704 0.036265 0.111284 0.5497
0 0.922550 0.157654 0.037390 0.135927 0.5397
0 0.568279 0.356619 0.050802 0.211366 0.5150
0 0.219091 0.291309 0.037752 0.162837 0.4750
0 0.226559 0.053496 0.032052 0.106993 0.4596
0 0.780666 0.225738 0.045589 0.143030 0.4579
0 0.556866 0.322254 0.042457 0.193896 0.4531
0 0.554786 0.104747 0.035322 0.141843 0.4379
0 0.947593 0.360904 0.042728 0.075625 0.4341
0 0.514275 0.298301 0.039909 0.182164 0.4220
