0 0.062509 0.385025 0.050031 0.230624 0.9439
0 0.424283 0.082335 0.054581 0.134690 0.9340
0 0.033892 0.445995 0.056042 0.109224 0.9296
0 0.358314 0.216379 0.053371 0.216469 0.8946
0 0.373959 0.153506 0.045084 0.177589 0.8850
0 0.317847 0.075694 0.045458 0.151389 0.8849
0 0.286203 0.078548 0.040453 0.157095 0.8764
0 0.352254 0.065389 0.044611 0.130777 0.8684
0 0.595534 0.078304 0.041580 0.155687 0.8663
0 0.231360 0.104041 0.053872 0.208082 0.8604
0 0.166416 0.132039 0.052371 0.191990 0.8564
0 0.553493 0.056621 0.033542 0.112237 0.8425
0 0.384465 0.455380 0.054157 0.090721 0.7700
0 0.197045 0.682464 0.118630 0.198469 0.7656
0 0.409352 0.667320 0.169705 0.185659 0.7518
0 0.061355 0.794917 0.122319 0.287547 0.7339
0 0.582524 0.214727 0.057428 0.204749 0.7108
0 0.547409 0.702571 0.205973 0.372070 0.6849
0 0.165785 0.867432 0.187178 0.265136 0.6182
0 0.632888 0.049150 0.033388 0.098257 0.5569
