0 0.773040 0.362445 0.139902 0.291934 0.9495
0 0.909218 0.208726 0.111939 0.280273 0.9409
0 0.652072 0.374739 0.125599 0.265955 0.9353
0 0.803854 0.196184 0.114099 0.312392 0.9351
0 0.182604 0.093344 0.052661 0.145874 0.9321
0 0.707204 0.204298 0.101215 0.272643 0.9318
0 0.622797 0.199233 0.088200 0.266731 0.9303
0 0.558699 0.360498 0.119912 0.288453 0.9233
0 0.180584 0.040985 0.055655 0.079577 0.9220
0 0.911571 0.366656 0.161983 0.285134 0.9216
0 0.541388 0.175724 0.091491 0.246623 0.9028
0 0.423727 0.396665 0.048327 0.222859 0.8781
0 0.490208 0.271214 0.079262 0.458408 0.8707
0 0.048258 0.167151 0.047549 0.153589 0.8615
0 0.385734 0.233651 0.050844 0.197848 0.8615
0 0.375630 0.061389 0.052162 0.121022 0.8531
0 0.053740 0.074719 0.049853 0.147920 0.8451
0 0.354325 0.242687 0.043540 0.192378 0.8426
0 0.295076 0.280764 0.055922 0.233313 0.8310
0 0.227122 0.317299 0.054957 0.209078 0.8254
0 0.421667 0.214487 0.052226 0.200542 0.8142
0 0.337483 0.054047 0.044779 0.107105 0.8057
0 0.306356 0.057902 0.039786 0.113286 0.7783
0 0.437054 0.343163 0.026984 0.211469 0.7256
0 0.119461 0.480957 0.053830 0.052603 0.7117
0 0.281554 0.756179 0.058312 0.366977 0.5205
0 0.154932 0.707009 0.020460 0.086447 0.4895
0 0.506013 0.249634 0.110610 0.401748 0.4882
