0 0.736021 0.647680 0.049046 0.206724 0.9507
0 0.709521 0.540143 0.047085 0.219198 0.9494
0 0.328982 0.791965 0.055719 0.213829 0.9477
0 0.652502 0.109171 0.047531 0.128023 0.9445
0 0.654058 0.049970 0.049595 0.099940 0.9302
0 0.421426 0.333261 0.048395 0.219391 0.9102
0 0.372350 0.256740 0.049359 0.126080 0.9091
0 0.394109 0.665113 0.048250 0.236364 0.8974
0 0.459295 0.735175 0.054196 0.223724 0.8884
0 0.528214 0.677930 0.057390 0.234602 0.8854
0 0.482355 0.073432 0.043586 0.139860 0.8585
0 0.641870 0.258057 0.046768 0.162423 0.8539
0 0.543041 0.065660 0.034658 0.130095 0.8533
0 0.515437 0.064454 0.038117 0.128908 0.8530
0 0.957870 0.469602 0.045263 0.197460 0.8445
0 0.922336 0.465442 0.039167 0.211174 0.8433
0 0.254047 0.053857 0.032178 0.107714 0.8353
0 0.440420 0.217781 0.051507 0.168517 0.8136
0 0.883862 0.241947 0.040945 0.178370 0.7920
0 0.476073 0.228216 0.043915 0.158404 0.7780
0 0.887737 0.148756 0.036281 0.112519 0.7717
0 0.193352 0.078145 0.033672 0.095715 0.7546
0 0.982321 0.404257 0.035123 0.192122 0.7514
0 0.414467 0.392441 0.056320 0.210852 0.7488
0 0.492304 0.832649 0.055907 0.261618 0.7483
0 0.500905 0.235054 0.038700 0.164899 0.7471
0 0.253058 0.177655 0.029992 0.167241 0.7298
0 0.837974 0.182713 0.037789 0.151532 0.7133
0 0.921251 0.227689 0.031622 0.163007 0.7113
0 0.781354 0.225031 0.043258 0.147898 0.7093
0 0.165283 0.197338 0.043244 0.172837 0.7091
0 0.959371 0.326835 0.034931 0.122852 0.6821
0 0.556678 0.323918 0.043053 0.196351 0.6783
0 0.209866 0.234801 0.038464 0.156975 0.6313
0 0.758713 0.055015 0.037296 0.108692 0.6296
0 0.769520 0.092107 0.045612 0.134815 0.5938
0 0.213921 0.424893 0.060703 0.198969 0.5895
0 0.922589 0.152031 0.034570 0.134814 0.5875
0 0.215575 0.285930 0.035752 0.159616 0.5818
0 0.221164 0.054471 0.033520 0.101184 0.4991
