0 0.156562 0.180475 0.049947 0.129423 0.9397
0 0.108006 0.260432 0.042885 0.226670 0.9190
0 0.284074 0.737897 0.087439 0.397379 0.9135
0 0.711433 0.233812 0.576602 0.332816 0.9120
0 0.189710 0.774050 0.113910 0.451901 0.9105
0 0.104462 0.134899 0.043437 0.129816 0.8902
0 0.097432 0.715705 0.060267 0.332973 0.8835
0 0.038161 0.061240 0.038902 0.122158 0.8505
0 0.271869 0.078070 0.033606 0.151419 0.8379
0 0.307823 0.066880 0.034500 0.131227 0.8277
0 0.049815 0.228962 0.039446 0.192651 0.8025
0 0.303718 0.243267 0.035805 0.176049 0.7943
0 0.251510 0.706137 0.033872 0.205986 0.7923
0 0.015897 0.233668 0.031794 0.183802 0.7901
0 0.343465 0.753598 0.058045 0.428258 0.7648
0 0.325116 0.182684 0.036923 0.163317 0.7546
0 0.012605 0.052875 0.025209 0.105751 0.7300
0 0.373665 0.119619 0.032645 0.166897 0.7216
0 0.139149 0.315852 0.043266 0.169280 0.6566
0 0.318802 0.337501 0.058004 0.123205 0.6563
0 0.350232 0.157234 0.033555 0.177208 0.5987
0 0.097962 0.800948 0.059317 0.161345 0.4542
0 0.341129 0.020697 0.031602 0.039896 0.4316
