0 0.307791 0.333061 0.050939 0.235540 0.9558
0 0.335972 0.450409 0.053663 0.224588 0.9544
0 0.787876 0.896064 0.128652 0.207871 0.9103
0 0.871642 0.532224 0.255807 0.315626 0.9092
0 0.695393 0.515383 0.127824 0.350128 0.9068
0 0.018621 0.166708 0.037241 0.216746 0.9012
0 0.589255 0.883170 0.179750 0.233660 0.8903
0 0.028829 0.606560 0.057349 0.166362 0.8703
0 0.129155 0.528213 0.063531 0.222634 0.8592
0 0.137961 0.082399 0.053493 0.164799 0.8467
0 0.203072 0.087032 0.051692 0.174065 0.8389
0 0.653842 0.887052 0.135859 0.225895 0.8286
0 0.126742 0.640836 0.061602 0.097677 0.8214
0 0.054086 0.052788 0.043269 0.102991 0.8201
0 0.130062 0.880275 0.119841 0.239450 0.8155
0 0.083897 0.051353 0.040676 0.101719 0.7956
0 0.943322 0.894083 0.089018 0.211834 0.7774
0 0.245387 0.876081 0.124832 0.247838 0.7767
0 0.355002 0.885740 0.115654 0.227116 0.7346
0 0.486507 0.178493 0.026412 0.223553 0.7122
0 0.476814 0.028756 0.039930 0.057392 0.5428
0 0.019293 0.036923 0.038159 0.070988 0.4169
