0 0.735845 0.647393 0.049080 0.207153 0.9503
0 0.709368 0.540195 0.047172 0.218974 0.9492
0 0.329082 0.792164 0.055386 0.212712 0.9472
0 0.652329 0.108199 0.047721 0.128265 0.9445
0 0.654130 0.049962 0.049714 0.099924 0.9276
0 0.421195 0.330061 0.047333 0.218296 0.9127
0 0.372580 0.257169 0.049363 0.125795 0.9110
0 0.487022 0.827325 0.060358 0.270952 0.8971
0 0.393291 0.664306 0.047655 0.235383 0.8954
0 0.526526 0.670744 0.060075 0.227589 0.8887
0 0.959963 0.476753 0.045860 0.186534 0.8669
0 0.462424 0.735609 0.055231 0.242478 0.8616
0 0.482942 0.074681 0.043906 0.141005 0.8612
0 0.640515 0.256451 0.048171 0.166641 0.8608
0 0.516445 0.065632 0.037304 0.131263 0.8534
0 0.544786 0.064626 0.033998 0.128482 0.8395
0 0.924648 0.469618 0.039714 0.207319 0.8366
0 0.254760 0.175182 0.031535 0.175458 0.7984
0 0.439324 0.218193 0.055221 0.165718 0.7949
0 0.501312 0.233953 0.037656 0.159617 0.7812
0 0.885318 0.241960 0.040945 0.174740 0.7780
0 0.476830 0.229134 0.042270 0.156034 0.7716
0 0.982558 0.408617 0.034817 0.192049 0.7607
0 0.193185 0.077153 0.032273 0.093688 0.7578
0 0.838257 0.184378 0.038542 0.148258 0.7429
0 0.889901 0.151850 0.036986 0.108107 0.7377
0 0.414816 0.389810 0.056904 0.212314 0.7357
0 0.163749 0.195446 0.036829 0.177443 0.7350
0 0.922459 0.153644 0.035049 0.144047 0.7225
0 0.786148 0.225465 0.038836 0.142809 0.7116
0 0.254758 0.051189 0.031240 0.102379 0.7038
0 0.963107 0.328523 0.033513 0.117894 0.7031
0 0.212142 0.241641 0.039582 0.160764 0.6675
0 0.922460 0.228558 0.034230 0.157978 0.6437
0 0.211894 0.430824 0.060542 0.207509 0.6344
0 0.770068 0.098174 0.047103 0.139954 0.6316
0 0.556190 0.327013 0.043049 0.194380 0.6303
0 0.760421 0.065603 0.039173 0.131206 0.6253
0 0.429108 0.212472 0.045218 0.138443 0.5151
0 0.512286 0.297232 0.040021 0.185801 0.4630
0 0.226887 0.052069 0.031630 0.104139 0.4349
0 0.952081 0.377896 0.036789 0.092910 0.4229
0 0.189638 0.216701 0.028988 0.152739 0.4086
0 0.215883 0.290008 0.037978 0.174502 0.4084
