0 0.195428 0.269519 0.053923 0.133868 0.9261
0 0.127143 0.404009 0.055946 0.212630 0.8819
0 0.145161 0.337613 0.044863 0.176696 0.8790
0 0.324918 0.204982 0.034028 0.179790 0.8697
0 0.087149 0.244763 0.046542 0.199193 0.8585
0 0.424885 0.193147 0.051315 0.198758 0.8550
0 0.122339 0.225842 0.050354 0.187684 0.8477
0 0.077511 0.069679 0.050387 0.138668 0.8465
0 0.367220 0.239592 0.043671 0.193906 0.8203
0 0.324654 0.060915 0.035151 0.121831 0.7995
0 0.041080 0.064525 0.042478 0.128818 0.7963
0 0.055953 0.255600 0.043735 0.180377 0.7924
0 0.140972 0.877954 0.108105 0.230733 0.7816
0 0.148086 0.642815 0.053514 0.085841 0.7652
0 0.015096 0.067749 0.030154 0.135497 0.7477
0 0.392207 0.063684 0.039585 0.122732 0.7408
0 0.356026 0.071416 0.034536 0.101349 0.7000
0 0.354089 0.398754 0.053311 0.208669 0.6890
0 0.015261 0.272605 0.030466 0.209503 0.6526
