0 0.736046 0.648223 0.048939 0.206066 0.9513
0 0.709514 0.539701 0.047032 0.218398 0.9506
0 0.328783 0.791094 0.055663 0.211558 0.9490
0 0.654058 0.050595 0.050133 0.101164 0.9403
0 0.652361 0.109739 0.047792 0.129179 0.9294
0 0.392096 0.664554 0.048119 0.233019 0.9243
0 0.371889 0.257168 0.048057 0.123642 0.9019
0 0.458386 0.793804 0.057760 0.243973 0.9008
0 0.481500 0.070703 0.045754 0.140578 0.8978
0 0.419770 0.322192 0.044135 0.167612 0.8809
0 0.514308 0.867267 0.065467 0.258721 0.8803
0 0.436079 0.383304 0.049700 0.204117 0.8798
0 0.901811 0.431534 0.048473 0.211666 0.8776
0 0.535724 0.700990 0.057697 0.221779 0.8691
0 0.474004 0.236385 0.047738 0.162950 0.8638
0 0.516021 0.062444 0.042414 0.123056 0.8598
0 0.438977 0.219188 0.047867 0.165869 0.8543
0 0.767511 0.089914 0.044261 0.139398 0.8493
0 0.252016 0.053795 0.030417 0.107589 0.8479
0 0.161942 0.189898 0.045220 0.167834 0.8387
0 0.952141 0.201928 0.041401 0.158090 0.8376
0 0.543789 0.065844 0.034670 0.131343 0.8356
0 0.774087 0.169974 0.043718 0.140966 0.8349
0 0.251266 0.196802 0.032027 0.179108 0.8180
0 0.879986 0.216777 0.044556 0.176106 0.8143
0 0.630331 0.280732 0.050035 0.169895 0.8004
0 0.835197 0.137850 0.035594 0.157120 0.7992
0 0.912208 0.214968 0.031863 0.170109 0.7988
0 0.556199 0.309060 0.047831 0.205712 0.7973
0 0.939776 0.441321 0.038371 0.173372 0.7969
0 0.214124 0.235498 0.043163 0.158711 0.7951
0 0.881418 0.149873 0.039132 0.143639 0.7600
0 0.191096 0.072506 0.037424 0.095736 0.7488
0 0.502363 0.241286 0.037127 0.169270 0.7434
0 0.970728 0.380773 0.038831 0.198030 0.6731
0 0.227568 0.058881 0.029864 0.096374 0.6703
0 0.064624 0.499212 0.056529 0.208336 0.6627
0 0.224930 0.372969 0.050703 0.181955 0.6343
0 0.937600 0.302074 0.038665 0.113024 0.6148
0 0.989833 0.391095 0.020333 0.200809 0.4955
0 0.691416 0.945162 0.068023 0.109675 0.4584
