0 0.134481 0.440115 0.060115 0.181160 0.9472
0 0.711913 0.798463 0.273415 0.403073 0.9234
0 0.719996 0.313229 0.326106 0.436632 0.9226
0 0.345869 0.285220 0.063178 0.234003 0.8972
0 0.232322 0.045215 0.047262 0.089957 0.8935
0 0.261045 0.415432 0.058642 0.229355 0.8924
0 0.395876 0.066999 0.060660 0.133701 0.8877
0 0.272095 0.321383 0.054900 0.206829 0.8595
0 0.200827 0.072981 0.041292 0.145962 0.8369
0 0.073740 0.779735 0.049287 0.230021 0.5086
0 0.019532 0.103703 0.038830 0.206463 0.5039
0 0.019901 0.824111 0.039802 0.348017 0.4512
0 0.290317 0.025434 0.041113 0.049615 0.4378
0 0.523393 0.192108 0.011372 0.230196 0.4344
