0 0.074101 0.541924 0.054301 0.230891 0.9442
0 0.102501 0.424095 0.051488 0.241247 0.9435
0 0.424757 0.195096 0.047634 0.253349 0.9353
0 0.477249 0.108796 0.054524 0.140943 0.9304
0 0.526222 0.653093 0.063928 0.133245 0.9237
0 0.421968 0.065168 0.048485 0.130337 0.9183
0 0.307194 0.518274 0.064476 0.238731 0.8989
0 0.256463 0.235166 0.063541 0.242789 0.8745
0 0.458166 0.272295 0.046083 0.207556 0.8737
0 0.398419 0.626516 0.063766 0.185568 0.8715
0 0.180040 0.108013 0.051837 0.186517 0.8584
0 0.319450 0.176318 0.043622 0.180153 0.8561
0 0.362029 0.162103 0.042345 0.199897 0.8479
0 0.385655 0.551689 0.055455 0.204957 0.8318
0 0.841847 0.284279 0.060446 0.249945 0.8000
0 0.345610 0.025792 0.036624 0.051562 0.7442
0 0.639670 0.166597 0.038346 0.195445 0.6996
0 0.651775 0.326747 0.053087 0.211312 0.6049
0 0.661998 0.112560 0.032543 0.178393 0.6001
0 0.012188 0.113419 0.024375 0.151103 0.5736
0 0.314110 0.021832 0.038899 0.042786 0.5647
0 0.608977 0.044605 0.033515 0.088941 0.5385
0 0.278155 0.023557 0.040509 0.046148 0.5254
0 0.641140 0.030128 0.033677 0.060180 0.4940
