0 0.479636 0.444062 0.052293 0.230809 0.9395
0 0.099572 0.132890 0.055108 0.138987 0.9293
0 0.509033 0.506782 0.056335 0.102732 0.9280
0 0.154545 0.218449 0.052443 0.239580 0.9256
0 0.468701 0.845268 0.124537 0.304547 0.9080
0 0.158353 0.772055 0.110057 0.209935 0.8678
0 0.560061 0.837494 0.120082 0.321590 0.8627
0 0.067641 0.789514 0.096922 0.179324 0.8424
0 0.174563 0.091880 0.058693 0.178490 0.8410
0 0.401161 0.135584 0.051233 0.185359 0.8370
0 0.122725 0.510217 0.053583 0.097040 0.8271
0 0.955717 0.923589 0.031583 0.080886 0.8138
0 0.144853 0.287812 0.061547 0.246376 0.8126
0 0.564211 0.104217 0.044744 0.163643 0.7524
0 0.416639 0.017953 0.049789 0.035907 0.7458
0 0.269294 0.517258 0.063233 0.084593 0.7242
0 0.216426 0.119426 0.049465 0.181938 0.7236
0 0.306861 0.212240 0.047410 0.225701 0.7046
0 0.017409 0.776425 0.034685 0.170786 0.6964
0 0.657519 0.849759 0.033220 0.084307 0.6924
0 0.852156 0.840682 0.019422 0.094483 0.6571
0 0.982978 0.827634 0.024883 0.084154 0.6429
0 0.256289 0.161275 0.046283 0.198612 0.5858
0 0.893301 0.981765 0.041307 0.033014 0.5428
0 0.638112 0.591914 0.021215 0.064891 0.5382
0 0.246917 0.124734 0.041233 0.194315 0.5105
0 0.980458 0.980066 0.028717 0.035975 0.4834
0 0.788189 0.612483 0.014933 0.054209 0.4219
0 0.979873 0.608615 0.011594 0.055936 0.4170
0 0.900799 0.613717 0.019431 0.093085 0.4098
