0 0.783593 0.283257 0.052745 0.219861 0.9512
0 0.755813 0.167245 0.050898 0.231885 0.9437
0 0.237808 0.053728 0.052696 0.107456 0.9243
0 0.581917 0.354530 0.070173 0.170565 0.8761
0 0.239627 0.015158 0.055331 0.030316 0.8571
0 0.223125 0.205739 0.049171 0.168108 0.8396
0 0.059130 0.047933 0.047365 0.094895 0.8065
0 0.136180 0.269708 0.048827 0.216902 0.7959
0 0.046773 0.186113 0.048586 0.184344 0.7695
0 0.299170 0.411687 0.051103 0.053833 0.7621
0 0.373295 0.159309 0.045560 0.160726 0.7594
0 0.362947 0.046311 0.053012 0.092622 0.7361
0 0.078229 0.187890 0.043017 0.176182 0.7277
0 0.980263 0.053885 0.038410 0.106547 0.7126
0 0.126300 0.051806 0.043585 0.103611 0.6956
0 0.439203 0.112870 0.040139 0.173944 0.6732
0 0.017318 0.160204 0.034375 0.189538 0.6482
0 0.943240 0.061513 0.046738 0.122194 0.6446
0 0.090811 0.040020 0.038163 0.080039 0.5728
0 0.020651 0.915043 0.034159 0.167553 0.5115
0 0.103354 0.888136 0.023577 0.111299 0.4557
0 0.468780 0.158526 0.022589 0.168834 0.4499
0 0.233692 0.904949 0.046537 0.172158 0.4277
0 0.113711 0.030644 0.037447 0.061288 0.4175
