0 0.328888 0.793076 0.055703 0.213892 0.9482
0 0.709712 0.540642 0.046820 0.218436 0.9481
0 0.735767 0.647874 0.048769 0.206174 0.9468
0 0.653958 0.050587 0.049575 0.100415 0.9356
0 0.652832 0.110015 0.047442 0.129821 0.9292
0 0.434490 0.381250 0.048977 0.199622 0.9109
0 0.372156 0.256730 0.049414 0.127597 0.9071
0 0.480980 0.069773 0.044533 0.138042 0.8917
0 0.418329 0.320868 0.041655 0.164552 0.8867
0 0.451726 0.867005 0.054374 0.250141 0.8826
0 0.549290 0.903252 0.071888 0.193495 0.8706
0 0.612392 0.307645 0.050745 0.184197 0.8706
0 0.550461 0.749483 0.061739 0.234346 0.8701
0 0.251502 0.192215 0.030218 0.168689 0.8681
0 0.773510 0.167124 0.043571 0.147567 0.8676
0 0.955248 0.207575 0.039773 0.142026 0.8559
0 0.471736 0.233028 0.042052 0.174026 0.8539
0 0.552358 0.259839 0.051846 0.205058 0.8484
0 0.967872 0.602750 0.061219 0.211746 0.8393
0 0.214604 0.233932 0.039359 0.163826 0.8365
0 0.868846 0.177184 0.038266 0.175947 0.8356
0 0.161043 0.188026 0.041083 0.176848 0.8344
0 0.952970 0.348100 0.039979 0.191375 0.8321
0 0.253134 0.061136 0.032776 0.118036 0.8253
0 0.439392 0.214508 0.046514 0.171500 0.8238
0 0.501873 0.238995 0.039626 0.163659 0.8171
0 0.065553 0.522507 0.050543 0.227435 0.8080
0 0.515375 0.064816 0.036380 0.129078 0.8073
0 0.835676 0.139034 0.036288 0.153287 0.8052
0 0.685925 0.943583 0.065334 0.112165 0.7942
0 0.765963 0.085967 0.046737 0.144624 0.7917
0 0.885630 0.397369 0.045017 0.210044 0.7911
0 0.908546 0.268964 0.044814 0.144951 0.7808
0 0.195289 0.064520 0.039293 0.128838 0.7637
0 0.921988 0.409816 0.036103 0.173421 0.7491
0 0.542559 0.068828 0.034506 0.137259 0.7421
0 0.223156 0.053076 0.031384 0.092574 0.7260
0 0.229813 0.368582 0.048665 0.188972 0.7011
0 0.413792 0.669765 0.054460 0.220324 0.6952
0 0.981457 0.363431 0.034642 0.193649 0.6909
0 0.906713 0.173999 0.036516 0.145657 0.6687
