0 0.101152 0.152937 0.057388 0.237213 0.9484
0 0.131047 0.078060 0.054289 0.156119 0.9271
0 0.405914 0.710563 0.163541 0.578874 0.9097
0 0.319771 0.225672 0.071002 0.188092 0.8975
0 0.826213 0.633683 0.084328 0.330022 0.8706
0 0.231490 0.717447 0.187339 0.565106 0.8643
0 0.470165 0.182771 0.039838 0.260961 0.8265
0 0.904755 0.652946 0.075581 0.285981 0.8207
0 0.565904 0.750393 0.114930 0.499213 0.7740
0 0.965795 0.639750 0.067739 0.310905 0.7712
0 0.430738 0.276272 0.064842 0.085802 0.7025
0 0.517686 0.742780 0.056164 0.512277 0.4996
0 0.714807 0.028513 0.236289 0.055448 0.4315
0 0.743770 0.159910 0.505688 0.317405 0.4074
