0 0.780067 0.874969 0.050086 0.215970 0.9482
0 0.703608 0.736695 0.049138 0.225690 0.9471
0 0.335452 0.301561 0.055741 0.216150 0.9438
0 0.660462 0.472116 0.048484 0.103299 0.9002
0 0.692672 0.460787 0.038679 0.082722 0.8931
0 0.650795 0.914041 0.067294 0.171918 0.8827
0 0.117814 0.243509 0.060055 0.227426 0.8711
0 0.555498 0.847108 0.062958 0.239433 0.8688
0 0.213868 0.325914 0.057359 0.187123 0.8665
0 0.251794 0.177086 0.050032 0.227196 0.8435
0 0.549415 0.950441 0.072878 0.099118 0.8323
0 0.115650 0.356144 0.067426 0.126769 0.8205
0 0.733276 0.281028 0.179022 0.273575 0.8135
0 0.897278 0.457032 0.043292 0.074204 0.7220
0 0.507863 0.446482 0.035352 0.054927 0.4528
0 0.455085 0.953947 0.051226 0.092106 0.4026
