0 0.120061 0.505153 0.047135 0.150794 0.9479
0 0.177927 0.102169 0.046137 0.129860 0.9432
0 0.460748 0.254481 0.048359 0.128407 0.9235
0 0.412587 0.333092 0.043934 0.224123 0.9162
0 0.176090 0.046472 0.049997 0.092850 0.9126
0 0.191007 0.250325 0.051565 0.176941 0.8964
0 0.410630 0.205072 0.043356 0.128262 0.8898
0 0.443086 0.396798 0.038562 0.195891 0.8689
0 0.342802 0.093149 0.036392 0.171387 0.8507
0 0.313843 0.090213 0.034164 0.157333 0.8481
0 0.279197 0.105121 0.038157 0.152456 0.8395
0 0.317929 0.298553 0.038649 0.170958 0.8298
0 0.259532 0.371666 0.055564 0.213835 0.8186
0 0.576170 0.152908 0.031966 0.176566 0.8175
0 0.198930 0.803424 0.082071 0.120254 0.7721
0 0.067211 0.056447 0.042100 0.112894 0.7520
0 0.355306 0.289082 0.038737 0.181841 0.7173
0 0.043325 0.228748 0.037525 0.142426 0.7167
0 0.597823 0.428069 0.023432 0.188459 0.5462
0 0.602153 0.139558 0.016867 0.135478 0.5426
0 0.051836 0.131486 0.052319 0.168353 0.5393
0 0.603794 0.258596 0.014810 0.133835 0.4528
