0 0.133012 0.529290 0.048348 0.224719 0.9458
0 0.192112 0.083185 0.048000 0.131005 0.9417
0 0.479805 0.235624 0.051555 0.131865 0.9246
0 0.105358 0.626420 0.050743 0.183621 0.9206
0 0.189868 0.034724 0.052872 0.068878 0.9202
0 0.367392 0.053640 0.045970 0.107227 0.8864
0 0.377665 0.206520 0.044037 0.178257 0.8857
0 0.432913 0.307467 0.042930 0.169933 0.8770
0 0.415828 0.364246 0.052209 0.211261 0.8668
0 0.411162 0.192783 0.049089 0.181707 0.8340
0 0.333933 0.049562 0.040297 0.099124 0.8295
0 0.348222 0.210360 0.040420 0.174928 0.8133
0 0.295381 0.234410 0.051893 0.202519 0.8130
0 0.600872 0.046534 0.035830 0.093037 0.7896
0 0.605787 0.170540 0.031517 0.174471 0.7871
0 0.305833 0.050693 0.037157 0.101251 0.7864
0 0.238311 0.288196 0.049425 0.191914 0.7839
0 0.300710 0.834802 0.592391 0.225941 0.7618
0 0.437319 0.635330 0.048766 0.171258 0.7597
0 0.084149 0.070151 0.036313 0.139746 0.7516
0 0.067462 0.143782 0.046603 0.149770 0.7489
0 0.643532 0.213429 0.037813 0.178895 0.7340
0 0.296941 0.675613 0.062517 0.088574 0.7160
0 0.629422 0.343694 0.050918 0.192770 0.6600
0 0.632211 0.036217 0.033862 0.072434 0.6373
0 0.907716 0.491047 0.029558 0.128079 0.4400
0 0.008089 0.090347 0.016178 0.102465 0.4250
0 0.753967 0.546947 0.026262 0.119469 0.4195
