0 0.287766 0.873277 0.053714 0.250642 0.9545
0 0.258565 0.938460 0.056975 0.123079 0.9358
0 0.269505 0.057313 0.057368 0.114627 0.9174
0 0.199232 0.185288 0.057295 0.229112 0.9054
0 0.216914 0.115720 0.048573 0.197463 0.9025
0 0.615668 0.712274 0.112480 0.207569 0.8448
0 0.152966 0.061965 0.052638 0.123699 0.8151
0 0.119522 0.067301 0.048690 0.134089 0.8091
0 0.068710 0.748323 0.051881 0.238314 0.8075
0 0.370601 0.572862 0.040403 0.196460 0.8002
0 0.023028 0.751812 0.045791 0.215525 0.7890
0 0.246026 0.418208 0.055498 0.099758 0.7774
0 0.060747 0.097242 0.056203 0.194484 0.7718
0 0.059351 0.532339 0.043239 0.123924 0.7648
0 0.194194 0.048694 0.053104 0.097388 0.7634
0 0.033329 0.686099 0.048045 0.173990 0.6896
0 0.095608 0.532460 0.050124 0.129262 0.6870
0 0.214971 0.498613 0.052634 0.060460 0.6402
0 0.010138 0.689459 0.020277 0.202508 0.4175
