0 0.165120 0.454576 0.054460 0.153775 0.9453
0 0.194885 0.370620 0.053308 0.247486 0.9437
0 0.707879 0.091524 0.055397 0.139603 0.9333
0 0.637871 0.235312 0.057156 0.226491 0.9119
0 0.595773 0.082054 0.049877 0.164107 0.8952
0 0.633361 0.071007 0.052174 0.142014 0.8840
0 0.656166 0.166713 0.049139 0.180420 0.8835
0 0.562127 0.083052 0.043748 0.165734 0.8750
0 0.887983 0.083687 0.046141 0.166765 0.8742
0 0.948012 0.056792 0.051015 0.111234 0.8516
0 0.370303 0.096452 0.057546 0.192762 0.8337
0 0.298368 0.102280 0.063651 0.202721 0.8323
0 0.429553 0.067236 0.044977 0.134473 0.8162
0 0.845740 0.060183 0.034597 0.120365 0.7955
0 0.665613 0.483240 0.057473 0.096688 0.7934
0 0.506679 0.111852 0.054288 0.219918 0.7774
0 0.726643 0.689222 0.054881 0.075836 0.7727
0 0.386456 0.488414 0.066429 0.086050 0.7704
0 0.459206 0.063335 0.047813 0.126671 0.7615
0 0.874951 0.233173 0.060029 0.216516 0.6953
0 0.684978 0.678969 0.051650 0.081037 0.6659
0 0.767706 0.678705 0.032679 0.056194 0.6568
0 0.016563 0.045093 0.032803 0.090186 0.5712
0 0.121874 0.017529 0.045444 0.035058 0.4315
0 0.693676 0.681766 0.072898 0.087404 0.4040
