0 0.410191 0.176439 0.053972 0.239297 0.9568
0 0.290044 0.675401 0.574838 0.649198 0.9538
0 0.439661 0.263672 0.057935 0.172392 0.9487
0 0.052771 0.266024 0.059369 0.169217 0.8972
0 0.834455 0.104301 0.061197 0.208603 0.8865
0 0.097875 0.054447 0.057974 0.108051 0.8746
0 0.214568 0.301757 0.068408 0.098589 0.7899
0 0.601268 0.098989 0.043251 0.195631 0.7889
0 0.814943 0.056841 0.051279 0.113683 0.7854
0 0.970771 0.063311 0.054478 0.126411 0.7621
0 0.786753 0.316711 0.057498 0.067661 0.6938
0 0.760512 0.900259 0.017753 0.096135 0.4772
