0 0.735880 0.647552 0.049076 0.207015 0.9498
0 0.709403 0.540180 0.047248 0.218977 0.9494
0 0.329012 0.792074 0.055755 0.213644 0.9476
0 0.652364 0.107890 0.047559 0.128293 0.9425
0 0.654046 0.049964 0.049373 0.099928 0.9272
0 0.421373 0.331550 0.047944 0.217569 0.9099
0 0.372565 0.257328 0.049565 0.125938 0.9098
0 0.486981 0.833526 0.061003 0.278449 0.9041
0 0.393360 0.664582 0.048397 0.237558 0.8940
0 0.526674 0.672906 0.059599 0.227756 0.8934
0 0.462043 0.735016 0.054896 0.239484 0.8765
0 0.640375 0.256704 0.047757 0.166010 0.8617
0 0.482696 0.075057 0.043743 0.140073 0.8580
0 0.516140 0.065209 0.037822 0.130419 0.8525
0 0.959951 0.476744 0.046320 0.186391 0.8494
0 0.544220 0.066053 0.034378 0.130875 0.8411
0 0.924320 0.468815 0.039552 0.206446 0.8365
0 0.254500 0.051292 0.031358 0.102583 0.7973
0 0.438803 0.217410 0.054404 0.165657 0.7908
0 0.884453 0.242726 0.040936 0.177797 0.7811
0 0.163414 0.196117 0.038789 0.175039 0.7795
0 0.253205 0.176699 0.030279 0.177534 0.7646
0 0.475430 0.228010 0.044460 0.167898 0.7639
0 0.193290 0.077618 0.032233 0.095790 0.7607
0 0.982641 0.407776 0.034690 0.193005 0.7578
0 0.888650 0.150595 0.036398 0.110103 0.7512
0 0.414868 0.389755 0.057206 0.212145 0.7504
0 0.837956 0.184826 0.038379 0.149866 0.7465
0 0.501207 0.234986 0.037940 0.165078 0.7402
0 0.209835 0.235286 0.037431 0.151378 0.7181
0 0.962392 0.325528 0.033071 0.117654 0.7083
0 0.921819 0.154562 0.034646 0.140958 0.7040
0 0.784016 0.224188 0.040962 0.146115 0.6804
0 0.921327 0.229204 0.035512 0.165705 0.6563
0 0.556356 0.327721 0.042701 0.193459 0.6506
0 0.766362 0.081842 0.046537 0.154252 0.6216
0 0.213235 0.429318 0.061608 0.203058 0.5985
0 0.429740 0.213175 0.046137 0.141586 0.5710
0 0.759092 0.055871 0.038933 0.110879 0.5598
0 0.216074 0.288689 0.036792 0.171271 0.4917
0 0.222344 0.052633 0.033087 0.102319 0.4703
0 0.512544 0.286327 0.040441 0.187665 0.4643
