0 0.217408 0.043087 0.051082 0.086174 0.9132
0 0.270810 0.103330 0.053670 0.196313 0.8815
0 0.497254 0.058238 0.052855 0.115995 0.8353
0 0.413785 0.101114 0.049822 0.202227 0.7990
0 0.247849 0.515652 0.134723 0.349224 0.7743
0 0.264794 0.162926 0.054828 0.238125 0.7629
0 0.052500 0.051766 0.040599 0.103533 0.6997
0 0.288882 0.032072 0.047723 0.063601 0.6561
0 0.778630 0.184572 0.029236 0.064913 0.6274
0 0.322689 0.044917 0.048200 0.089809 0.6167
0 0.064418 0.146954 0.049962 0.195483 0.6147
0 0.352877 0.041541 0.041059 0.081848 0.4750
0 0.356955 0.049291 0.042435 0.098510 0.4466
0 0.361470 0.067324 0.045088 0.134598 0.4197
