0 0.143127 0.497046 0.062004 0.146727 0.9494
0 0.282742 0.796578 0.363028 0.360803 0.9400
0 0.190944 0.099074 0.056312 0.094948 0.9228
0 0.730422 0.274417 0.195178 0.291868 0.9153
0 0.244186 0.149945 0.049006 0.122629 0.8979
0 0.261686 0.192790 0.053992 0.148662 0.8962
0 0.388909 0.468575 0.068093 0.171197 0.8808
0 0.055779 0.058946 0.034851 0.117863 0.8805
0 0.392854 0.097381 0.056002 0.156338 0.8442
0 0.303012 0.078981 0.048488 0.128840 0.8421
0 0.281555 0.519148 0.066204 0.102051 0.8349
0 0.455922 0.138042 0.052906 0.139326 0.8258
0 0.267465 0.068627 0.050598 0.129622 0.8069
0 0.335167 0.080324 0.042981 0.129171 0.7994
0 0.388188 0.541005 0.075864 0.058569 0.7870
0 0.504037 0.016010 0.048783 0.032021 0.7682
0 0.236226 0.413285 0.055582 0.170474 0.7492
0 0.018480 0.077814 0.036784 0.140081 0.6629
0 0.030904 0.181502 0.055354 0.138408 0.6456
0 0.025455 0.036741 0.039022 0.070785 0.5121
