0 0.405331 0.389797 0.052580 0.218260 0.9432
0 0.377670 0.275481 0.050003 0.230199 0.9390
0 0.198204 0.459868 0.060403 0.216306 0.8844
0 0.600518 0.310166 0.150647 0.566186 0.8832
0 0.069236 0.066225 0.045425 0.132155 0.8809
0 0.086266 0.110810 0.052603 0.203870 0.8772
0 0.105672 0.518706 0.057907 0.163688 0.8726
0 0.274381 0.061635 0.051601 0.122619 0.8353
0 0.041344 0.404353 0.052470 0.243489 0.8165
0 0.211568 0.052996 0.052205 0.104450 0.7995
0 0.142653 0.799799 0.194486 0.396987 0.7893
0 0.187701 0.555632 0.064254 0.087346 0.7759
0 0.020757 0.021547 0.040178 0.040640 0.6313
0 0.159292 0.029346 0.040000 0.055360 0.5740
0 0.129281 0.028755 0.042049 0.056571 0.5072
