0 0.329331 0.791925 0.055166 0.212679 0.9502
0 0.735715 0.647784 0.048855 0.206676 0.9492
0 0.709801 0.539887 0.046763 0.218279 0.9474
0 0.652179 0.109655 0.047115 0.128863 0.9400
0 0.653981 0.049745 0.049481 0.099491 0.9322
0 0.420318 0.332851 0.044034 0.223427 0.9210
0 0.423324 0.209411 0.042052 0.127570 0.9179
0 0.372001 0.257108 0.048862 0.123879 0.9105
0 0.524984 0.647462 0.059560 0.226522 0.8962
0 0.393806 0.663863 0.047768 0.237226 0.8921
0 0.459537 0.693480 0.053722 0.204231 0.8879
0 0.638813 0.254479 0.046172 0.171993 0.8853
0 0.473992 0.797549 0.062786 0.273700 0.8850
0 0.760969 0.056616 0.036732 0.113233 0.8796
0 0.571281 0.380767 0.053532 0.219666 0.8627
0 0.389081 0.398361 0.041818 0.193410 0.8542
0 0.489769 0.112110 0.035047 0.158732 0.8521
0 0.514606 0.306417 0.038506 0.166182 0.8469
0 0.554247 0.116599 0.036733 0.149275 0.8415
0 0.894703 0.249775 0.038070 0.167377 0.8397
0 0.775363 0.143701 0.046795 0.163291 0.8308
0 0.854071 0.199018 0.035578 0.148136 0.8254
0 0.259860 0.150571 0.034554 0.175991 0.8064
0 0.205737 0.245522 0.033755 0.153537 0.8016
0 0.786932 0.050950 0.027658 0.101899 0.8010
0 0.476459 0.296776 0.037266 0.179359 0.7952
0 0.929091 0.241185 0.037553 0.154062 0.7889
0 0.518005 0.106110 0.031381 0.145530 0.7869
0 0.159571 0.193339 0.030400 0.163352 0.7826
0 0.899288 0.166991 0.032418 0.105960 0.7684
0 0.790492 0.238765 0.034662 0.119680 0.7674
0 0.916189 0.147434 0.032699 0.127176 0.7628
0 0.229148 0.147793 0.032355 0.142843 0.7532
0 0.963107 0.324948 0.031542 0.106507 0.7267
0 0.921719 0.463297 0.040945 0.207956 0.7171
0 0.983926 0.421357 0.032149 0.183115 0.7169
0 0.180628 0.228956 0.027618 0.158749 0.7065
0 0.084260 0.393261 0.042485 0.188027 0.7031
0 0.224220 0.304223 0.032888 0.167202 0.7018
0 0.962429 0.471746 0.050308 0.191297 0.6901
0 0.213166 0.443012 0.060514 0.203296 0.6897
0 0.188461 0.077991 0.031156 0.079724 0.6419
0 0.227872 0.052490 0.031321 0.101892 0.6176
