0 0.386128 0.913043 0.059707 0.173914 0.9483
0 0.199468 0.190864 0.053033 0.220006 0.9441
0 0.227590 0.096381 0.049914 0.191798 0.9398
0 0.318581 0.803071 0.052764 0.254456 0.9254
0 0.178168 0.801897 0.062758 0.251464 0.8832
0 0.471633 0.352301 0.067449 0.256831 0.8827
0 0.758951 0.791548 0.124497 0.416868 0.8815
0 0.422882 0.214567 0.064386 0.246227 0.8784
0 0.489881 0.293653 0.056921 0.278518 0.8776
0 0.246131 0.874693 0.057655 0.250613 0.8545
0 0.554165 0.213544 0.033604 0.261325 0.8363
0 0.229278 0.905114 0.067427 0.189772 0.8276
0 0.320078 0.552806 0.041441 0.144411 0.8232
0 0.131493 0.541113 0.057727 0.120853 0.8046
0 0.289171 0.527357 0.046047 0.094937 0.7980
0 0.511613 0.571116 0.066424 0.182686 0.6858
0 0.004469 0.671610 0.008938 0.228349 0.5476
0 0.009390 0.112007 0.018779 0.224014 0.4541
