0 0.735624 0.647997 0.048608 0.205821 0.9486
0 0.329097 0.792697 0.055389 0.213454 0.9484
0 0.709740 0.540140 0.046782 0.218670 0.9474
0 0.654209 0.050556 0.049481 0.100332 0.9378
0 0.652718 0.110424 0.047179 0.129957 0.9329
0 0.372264 0.256773 0.049524 0.128303 0.9095
0 0.434808 0.382532 0.048870 0.197939 0.9085
0 0.481681 0.070219 0.044973 0.139402 0.8982
0 0.548870 0.742292 0.061704 0.223980 0.8861
0 0.418692 0.321609 0.041974 0.163634 0.8852
0 0.968165 0.605782 0.061232 0.210833 0.8830
0 0.612913 0.306388 0.051436 0.181733 0.8816
0 0.548738 0.902079 0.068356 0.195842 0.8815
0 0.451200 0.858443 0.053696 0.246142 0.8782
0 0.552233 0.262787 0.051387 0.206236 0.8715
0 0.251929 0.192332 0.031326 0.170231 0.8675
0 0.215066 0.237076 0.038458 0.164042 0.8585
0 0.955142 0.207104 0.039992 0.148741 0.8576
0 0.471053 0.233426 0.043120 0.174847 0.8556
0 0.773613 0.169753 0.044494 0.143943 0.8512
0 0.515451 0.066132 0.036112 0.132263 0.8510
0 0.252356 0.060472 0.032794 0.115701 0.8471
0 0.161109 0.187352 0.042296 0.174679 0.8449
0 0.869846 0.177625 0.039649 0.183241 0.8433
0 0.953363 0.347949 0.041020 0.190214 0.8384
0 0.767267 0.083730 0.045662 0.149044 0.8361
0 0.887293 0.400371 0.047863 0.204775 0.8348
0 0.687477 0.943186 0.065581 0.113231 0.8223
0 0.438699 0.216611 0.046008 0.170335 0.8209
0 0.543151 0.067134 0.034031 0.134268 0.8195
0 0.835577 0.142809 0.035459 0.153791 0.8184
0 0.063972 0.506217 0.051428 0.211900 0.8181
0 0.906536 0.173002 0.036406 0.145161 0.8162
0 0.502066 0.238972 0.039934 0.166751 0.8061
0 0.414265 0.670478 0.055617 0.218885 0.7712
0 0.909885 0.269851 0.045603 0.147936 0.7709
0 0.920461 0.408991 0.034704 0.168805 0.7690
0 0.195096 0.064611 0.039502 0.122417 0.7594
0 0.229219 0.372126 0.048752 0.184361 0.7501
0 0.222553 0.054812 0.030940 0.091437 0.7414
0 0.980411 0.358085 0.034635 0.198480 0.7137
