0 0.847444 0.493544 0.050737 0.173945 0.9443
0 0.786368 0.064940 0.052004 0.129445 0.9353
0 0.486454 0.220533 0.051836 0.132810 0.9230
0 0.256368 0.197710 0.050123 0.232263 0.9222
0 0.205366 0.116469 0.052329 0.135793 0.9159
0 0.788348 0.024887 0.056001 0.049775 0.8924
0 0.226436 0.503465 0.054583 0.153997 0.8617
0 0.555763 0.182321 0.049092 0.170187 0.8585
0 0.538524 0.301643 0.051946 0.208706 0.8404
0 0.045460 0.816813 0.088565 0.225275 0.8246
0 0.594168 0.196569 0.049403 0.172585 0.8220
0 0.909393 0.054645 0.051301 0.108134 0.8139
0 0.605329 0.050031 0.045722 0.099806 0.8136
0 0.362838 0.508528 0.050181 0.145100 0.8135
0 0.243494 0.774644 0.083843 0.150546 0.8093
0 0.920515 0.178337 0.045621 0.166018 0.7971
0 0.301169 0.539769 0.057249 0.080835 0.7932
0 0.639060 0.048842 0.042815 0.097474 0.7922
0 0.766711 0.240650 0.052024 0.184459 0.7894
0 0.685187 0.296813 0.048042 0.219613 0.7807
0 0.116551 0.788961 0.079957 0.148390 0.7773
0 0.247612 0.258629 0.064481 0.222997 0.7758
0 0.675759 0.060875 0.042923 0.120216 0.7589
0 0.079610 0.051180 0.035851 0.102360 0.7536
0 0.028605 0.087421 0.039176 0.162564 0.7515
0 0.179030 0.783656 0.071202 0.134189 0.7200
0 0.984714 0.126498 0.030498 0.170518 0.7170
0 0.272836 0.079305 0.057067 0.158610 0.7130
0 0.040669 0.155595 0.037362 0.178974 0.7062
0 0.351265 0.129465 0.041352 0.189472 0.6937
0 0.624833 0.203051 0.041988 0.180195 0.6631
0 0.318163 0.126992 0.044925 0.202712 0.6591
0 0.259821 0.068231 0.044688 0.134313 0.6400
0 0.879098 0.557926 0.049794 0.048977 0.6297
0 0.534693 0.360643 0.054500 0.231023 0.6237
0 0.009924 0.080159 0.019800 0.160318 0.5829
0 0.315893 0.783592 0.090465 0.163210 0.5592
0 0.034477 0.303778 0.064342 0.216509 0.5457
0 0.354154 0.151402 0.040076 0.184288 0.4789
0 0.663816 0.044477 0.032088 0.088114 0.4678
