0 0.735695 0.647994 0.048729 0.206607 0.9503
0 0.709689 0.540275 0.046719 0.219042 0.9480
0 0.329141 0.792074 0.055528 0.212356 0.9476
0 0.653910 0.050872 0.049932 0.100972 0.9392
0 0.652622 0.110616 0.047897 0.130961 0.9240
0 0.434595 0.383476 0.050026 0.198247 0.9170
0 0.372222 0.256944 0.049696 0.128455 0.9079
0 0.482064 0.071376 0.045261 0.140268 0.9049
0 0.546762 0.734646 0.061874 0.224798 0.8969
0 0.968200 0.607560 0.061885 0.211359 0.8915
0 0.418706 0.323315 0.042579 0.165646 0.8903
0 0.547338 0.897754 0.066556 0.204064 0.8865
0 0.614009 0.305057 0.050254 0.180196 0.8850
0 0.252091 0.195976 0.032502 0.178252 0.8795
0 0.449776 0.847423 0.053366 0.253075 0.8778
0 0.954354 0.203419 0.037970 0.153921 0.8684
0 0.515661 0.064703 0.037657 0.129383 0.8659
0 0.214210 0.239498 0.038834 0.159579 0.8634
0 0.471297 0.233024 0.043071 0.174426 0.8596
0 0.869837 0.182404 0.039957 0.183050 0.8546
0 0.836288 0.142345 0.037312 0.152647 0.8521
0 0.888192 0.402239 0.046676 0.200376 0.8516
0 0.767122 0.086900 0.044492 0.146249 0.8491
0 0.252093 0.059247 0.032469 0.115267 0.8473
0 0.552299 0.270700 0.051026 0.200278 0.8457
0 0.162001 0.188079 0.043257 0.169718 0.8386
0 0.543374 0.066717 0.032658 0.133180 0.8378
0 0.772449 0.171627 0.041371 0.137817 0.8291
0 0.439047 0.216753 0.046008 0.166795 0.8234
0 0.687917 0.942877 0.064967 0.113873 0.8227
0 0.501975 0.238703 0.040642 0.169336 0.8210
0 0.953977 0.349511 0.039155 0.192372 0.8178
0 0.906923 0.172673 0.036844 0.144653 0.8077
0 0.909159 0.267743 0.042451 0.144195 0.7980
0 0.062090 0.505804 0.054227 0.213392 0.7916
0 0.413783 0.670705 0.056554 0.221573 0.7839
0 0.229035 0.376687 0.049403 0.190212 0.7626
0 0.194184 0.065950 0.039071 0.118680 0.7594
0 0.980748 0.361134 0.035518 0.203292 0.7446
0 0.222520 0.056205 0.031105 0.088712 0.6854
0 0.916619 0.399152 0.031946 0.174749 0.5126
