0 0.735683 0.647891 0.048597 0.206587 0.9500
0 0.709741 0.540253 0.046675 0.218904 0.9482
0 0.329178 0.792037 0.055469 0.212934 0.9477
0 0.654041 0.050572 0.049909 0.100473 0.9371
0 0.652543 0.110660 0.047836 0.130494 0.9247
0 0.434355 0.382378 0.049983 0.198264 0.9115
0 0.372026 0.257170 0.049305 0.125456 0.9025
0 0.968519 0.606793 0.061483 0.209533 0.8966
0 0.482073 0.069787 0.045497 0.138948 0.8965
0 0.547769 0.739797 0.061368 0.223873 0.8942
0 0.613109 0.304713 0.050726 0.178937 0.8926
0 0.418956 0.322054 0.043150 0.163364 0.8847
0 0.547708 0.899714 0.066602 0.200573 0.8841
0 0.251928 0.196359 0.032265 0.174147 0.8790
0 0.449818 0.851921 0.054097 0.247436 0.8750
0 0.552236 0.266209 0.050459 0.198421 0.8720
0 0.515916 0.065632 0.037254 0.131264 0.8706
0 0.214514 0.239350 0.038501 0.159314 0.8671
0 0.954577 0.203760 0.039059 0.152643 0.8635
0 0.767246 0.086713 0.045129 0.146630 0.8552
0 0.887879 0.402940 0.047960 0.199899 0.8527
0 0.471607 0.232272 0.043048 0.170919 0.8498
0 0.252184 0.060249 0.032964 0.116487 0.8485
0 0.869671 0.180131 0.039753 0.182360 0.8429
0 0.772958 0.170785 0.042377 0.138593 0.8347
0 0.542994 0.066923 0.033253 0.133846 0.8343
0 0.836330 0.142097 0.037268 0.153344 0.8286
0 0.687704 0.943309 0.065404 0.113206 0.8244
0 0.161678 0.187169 0.043202 0.173993 0.8239
0 0.953608 0.348640 0.039850 0.193873 0.8230
0 0.438975 0.217907 0.045930 0.168584 0.8191
0 0.063116 0.503793 0.053016 0.209308 0.8077
0 0.501663 0.238768 0.040175 0.167148 0.8074
0 0.907145 0.176227 0.036214 0.145767 0.8035
0 0.414358 0.670822 0.056486 0.220435 0.7939
0 0.909412 0.270366 0.042782 0.141526 0.7855
0 0.229357 0.375884 0.048332 0.184491 0.7688
0 0.194572 0.065583 0.039632 0.121354 0.7663
0 0.222685 0.054422 0.031454 0.094463 0.7443
0 0.980275 0.356896 0.034705 0.203021 0.7317
0 0.919702 0.408285 0.032741 0.172735 0.6808
