0 0.784991 0.162974 0.046642 0.210654 0.8895
0 0.689417 0.152425 0.056184 0.228985 0.8639
0 0.742936 0.159930 0.046528 0.210271 0.8613
0 0.826916 0.160191 0.046121 0.212811 0.8576
0 0.965071 0.165011 0.047947 0.210628 0.8536
0 0.924862 0.160822 0.052082 0.218022 0.8392
0 0.647875 0.167098 0.035415 0.205345 0.7705
0 0.558164 0.752183 0.027435 0.173185 0.7257
0 0.876348 0.164373 0.051108 0.204890 0.7150
0 0.516647 0.074366 0.024661 0.140327 0.7020
0 0.538627 0.074801 0.027404 0.141920 0.6585
0 0.702470 0.738537 0.023328 0.220126 0.6121
0 0.479079 0.093196 0.035205 0.186392 0.6064
0 0.593888 0.733204 0.022734 0.165790 0.6016
0 0.716395 0.152138 0.030445 0.200786 0.5749
0 0.611219 0.737317 0.025327 0.173610 0.5590
0 0.590026 0.729224 0.021090 0.162663 0.4747
0 0.653306 0.737907 0.021346 0.251928 0.4447
