0 0.325524 0.366103 0.035956 0.161224 0.9495
0 0.807101 0.873874 0.036396 0.160455 0.9470
0 0.826875 0.939059 0.037588 0.120335 0.9343
0 0.346401 0.443614 0.038422 0.147833 0.9306
0 0.282896 0.052867 0.036798 0.091162 0.9029
0 0.764028 0.562974 0.036920 0.086182 0.8962
0 0.586375 0.720204 0.035975 0.164252 0.8947
0 0.083081 0.446510 0.037484 0.144946 0.8936
0 0.283373 0.020770 0.039253 0.041541 0.8887
0 0.068128 0.159944 0.039015 0.092025 0.8704
0 0.764813 0.534488 0.038592 0.029516 0.8663
0 0.145072 0.145448 0.035784 0.120351 0.8653
0 0.666654 0.942222 0.044139 0.112121 0.8641
0 0.565606 0.941335 0.037541 0.115564 0.8598
0 0.118725 0.132539 0.036231 0.125001 0.8574
0 0.754298 0.665412 0.036894 0.124717 0.8559
0 0.549775 0.667017 0.038606 0.092130 0.8470
0 0.189746 0.457929 0.043060 0.123130 0.8436
0 0.457295 0.137511 0.032774 0.130044 0.8243
0 0.152366 0.037633 0.035408 0.075267 0.8176
0 0.618942 0.965009 0.041809 0.069754 0.8129
0 0.177635 0.035505 0.029691 0.071010 0.8120
0 0.168840 0.155014 0.030125 0.121064 0.8079
0 0.200202 0.037857 0.028885 0.075714 0.7986
0 0.104747 0.209521 0.035683 0.129809 0.7817
0 0.370314 0.043713 0.034785 0.087426 0.7799
0 0.030027 0.495182 0.045387 0.045935 0.7794
0 0.598687 0.637625 0.036623 0.122697 0.7772
0 0.133896 0.483061 0.039450 0.070614 0.7693
0 0.971263 0.824632 0.031239 0.154609 0.7482
0 0.940934 0.654595 0.032431 0.129421 0.7443
0 0.264510 0.173247 0.035932 0.128747 0.7440
0 0.626859 0.654829 0.033817 0.114158 0.7397
0 0.660807 0.552786 0.028671 0.065462 0.7387
0 0.111791 0.251944 0.039420 0.143511 0.7244
0 0.389304 0.980390 0.034523 0.036499 0.7082
0 0.422603 0.076124 0.027762 0.103837 0.7033
0 0.866884 0.648165 0.031781 0.104097 0.7005
0 0.473760 0.292203 0.033568 0.153268 0.6964
0 0.681813 0.560724 0.029291 0.081226 0.6855
0 0.483276 0.131975 0.024158 0.123474 0.6700
0 0.376126 0.104356 0.032084 0.104468 0.6653
0 0.634773 0.561720 0.035232 0.083052 0.6642
0 0.381821 0.806654 0.032095 0.166754 0.6362
0 0.972414 0.646970 0.029380 0.117343 0.6262
0 0.208582 0.205296 0.035432 0.151319 0.6142
0 0.577751 0.770643 0.039084 0.151833 0.5780
0 0.854375 0.563258 0.035042 0.084279 0.5752
0 0.946448 0.595322 0.028507 0.092159 0.5677
0 0.458502 0.085303 0.031010 0.102685 0.5526
0 0.491069 0.284684 0.018068 0.130715 0.5396
0 0.907193 0.613807 0.026549 0.111925 0.5128
0 0.991839 0.826056 0.016322 0.133404 0.5056
0 0.696689 0.732682 0.040054 0.150999 0.4940
0 0.848426 0.556580 0.032218 0.068744 0.4839
0 0.651883 0.669107 0.031028 0.120331 0.4386
0 0.691551 0.713413 0.033277 0.136696 0.4303
