0 0.735956 0.647796 0.049067 0.206689 0.9517
0 0.709403 0.539655 0.047242 0.219063 0.9508
0 0.328739 0.791425 0.055768 0.212928 0.9488
0 0.652400 0.109548 0.047871 0.129187 0.9351
0 0.653937 0.050194 0.050338 0.100352 0.9327
0 0.392783 0.665876 0.048027 0.234999 0.9170
0 0.372311 0.256717 0.048975 0.123625 0.9055
0 0.422760 0.333435 0.048870 0.197250 0.8914
0 0.456274 0.753863 0.051492 0.223346 0.8894
0 0.482563 0.069125 0.045036 0.133306 0.8827
0 0.163260 0.192682 0.043238 0.170383 0.8655
0 0.515113 0.063045 0.039286 0.125490 0.8631
0 0.544213 0.064687 0.033958 0.128851 0.8615
0 0.438929 0.221878 0.046371 0.163887 0.8594
0 0.953588 0.457141 0.044007 0.181539 0.8456
0 0.530645 0.693116 0.056711 0.246876 0.8389
0 0.882208 0.235521 0.042311 0.182474 0.8355
0 0.253360 0.055205 0.030458 0.110410 0.8343
0 0.513441 0.856081 0.064761 0.278004 0.8249
0 0.918921 0.225965 0.034836 0.163075 0.8122
0 0.473018 0.234189 0.046918 0.165281 0.8122
0 0.638632 0.265785 0.048355 0.158636 0.8094
0 0.979973 0.406154 0.039404 0.192137 0.8058
0 0.252383 0.191254 0.030561 0.179606 0.8008
0 0.768921 0.086231 0.046156 0.142137 0.7997
0 0.499140 0.236093 0.039064 0.162279 0.7988
0 0.915446 0.449413 0.042618 0.200498 0.7954
0 0.414798 0.393687 0.053219 0.217092 0.7710
0 0.213793 0.240963 0.038787 0.159923 0.7628
0 0.887435 0.144784 0.035894 0.110889 0.7578
0 0.557580 0.320453 0.044629 0.198203 0.7312
0 0.838707 0.181354 0.036956 0.150215 0.7299
0 0.779075 0.220129 0.042343 0.150630 0.7252
0 0.953694 0.321183 0.037861 0.127842 0.7019
0 0.192962 0.075042 0.036565 0.103724 0.6778
0 0.223868 0.377073 0.052055 0.199318 0.5818
0 0.222784 0.058169 0.033855 0.087065 0.5496
0 0.068300 0.482683 0.058646 0.213029 0.4561
0 0.216229 0.418875 0.054644 0.212847 0.4187
