0 0.357771 0.376119 0.052252 0.241876 0.9552
0 0.386614 0.484629 0.055497 0.209412 0.9483
0 0.456111 0.911663 0.065231 0.176675 0.9037
0 0.181675 0.089112 0.055841 0.178224 0.8973
0 0.049584 0.199078 0.055606 0.222479 0.8714
0 0.249227 0.112103 0.057318 0.205004 0.8622
0 0.334950 0.902645 0.066326 0.194710 0.8415
0 0.032018 0.126026 0.047991 0.180431 0.8366
0 0.091825 0.066356 0.046100 0.132712 0.8270
0 0.124877 0.067345 0.046434 0.133188 0.8257
0 0.054562 0.055535 0.052451 0.110455 0.8137
0 0.176383 0.535388 0.065566 0.108494 0.7981
0 0.425925 0.021023 0.044909 0.042045 0.7837
0 0.024935 0.494573 0.049687 0.189860 0.7452
0 0.648611 0.538771 0.021806 0.102246 0.4465
