0 0.709477 0.539653 0.046922 0.218065 0.9510
0 0.736014 0.647990 0.049049 0.206041 0.9507
0 0.328832 0.791308 0.055732 0.212487 0.9493
0 0.653595 0.050557 0.050279 0.101113 0.9386
0 0.652127 0.109791 0.047399 0.128176 0.9304
0 0.392598 0.664164 0.047957 0.232916 0.9192
0 0.371974 0.257090 0.048770 0.124687 0.9068
0 0.418255 0.322436 0.042699 0.165421 0.8896
0 0.481577 0.069265 0.046331 0.137824 0.8824
0 0.457642 0.796719 0.057258 0.238651 0.8783
0 0.537551 0.704403 0.058422 0.218156 0.8780
0 0.767499 0.088073 0.044025 0.140138 0.8684
0 0.434352 0.384047 0.047599 0.201685 0.8666
0 0.515366 0.062545 0.039797 0.123895 0.8617
0 0.251655 0.056844 0.031022 0.113689 0.8606
0 0.542644 0.064724 0.034359 0.129449 0.8584
0 0.515974 0.874313 0.066604 0.249627 0.8496
0 0.473847 0.236546 0.045737 0.165674 0.8404
0 0.438887 0.220043 0.050106 0.171285 0.8402
0 0.250948 0.197978 0.031931 0.179742 0.8386
0 0.772255 0.171024 0.040652 0.139061 0.8338
0 0.952830 0.199755 0.041715 0.157126 0.8334
0 0.162262 0.187862 0.046000 0.171556 0.8322
0 0.899875 0.433109 0.044417 0.210228 0.8271
0 0.214349 0.238255 0.040691 0.167881 0.8237
0 0.835230 0.141696 0.037474 0.155228 0.8191
0 0.940283 0.438619 0.040412 0.176505 0.8121
0 0.878137 0.213311 0.042913 0.178162 0.8070
0 0.628323 0.283882 0.050124 0.169010 0.8058
0 0.503529 0.243828 0.038154 0.172764 0.7724
0 0.911050 0.215948 0.034110 0.180705 0.7689
0 0.937697 0.302035 0.039380 0.121594 0.7526
0 0.553931 0.295009 0.044989 0.197922 0.7390
0 0.191134 0.070926 0.038617 0.104034 0.7384
0 0.878869 0.149105 0.039354 0.149354 0.7348
0 0.064544 0.499934 0.054556 0.209019 0.6885
0 0.971658 0.384612 0.039285 0.198352 0.6616
0 0.226968 0.061394 0.030178 0.103264 0.6512
0 0.690840 0.943974 0.067056 0.112052 0.6190
0 0.224747 0.372896 0.051268 0.190166 0.6109
0 0.989686 0.393913 0.020628 0.202194 0.5665
