0 0.111077 0.186257 0.051440 0.237330 0.9552
0 0.083102 0.304974 0.054142 0.227190 0.9514
0 0.527091 0.458119 0.060698 0.222343 0.9461
0 0.706428 0.132863 0.053078 0.137729 0.9402
0 0.200896 0.845727 0.090506 0.301842 0.9196
0 0.274179 0.851651 0.083967 0.293812 0.9175
0 0.351571 0.849380 0.099293 0.283892 0.9106
0 0.313037 0.302097 0.066038 0.254018 0.9075
0 0.455834 0.318873 0.054050 0.262410 0.8997
0 0.366143 0.444323 0.073803 0.249730 0.8891
0 0.659024 0.220883 0.038942 0.238476 0.8827
0 0.461859 0.068392 0.043856 0.136784 0.8732
0 0.550869 0.815125 0.129846 0.361043 0.8693
0 0.127783 0.836252 0.120220 0.327497 0.8634
0 0.262283 0.063993 0.062352 0.127986 0.8626
0 0.035371 0.835418 0.070742 0.329164 0.8620
0 0.428061 0.040267 0.048933 0.080530 0.8580
0 0.383574 0.344671 0.056404 0.212230 0.8395
0 0.657304 0.083296 0.038613 0.138769 0.8371
0 0.863705 0.220974 0.038815 0.189513 0.8094
0 0.889266 0.145065 0.040427 0.177891 0.7904
0 0.711552 0.289927 0.045918 0.206582 0.7883
0 0.461491 0.825689 0.095299 0.339822 0.7630
0 0.867506 0.387486 0.055925 0.229094 0.7337
0 0.840559 0.050700 0.038228 0.101400 0.7133
0 0.080550 0.831552 0.076867 0.336896 0.6948
0 0.934167 0.150615 0.040548 0.178847 0.6872
0 0.625860 0.723162 0.029107 0.115428 0.6488
0 0.401356 0.844836 0.085206 0.298908 0.6435
0 0.869338 0.040282 0.036469 0.080564 0.6331
0 0.442906 0.828727 0.123559 0.332053 0.5814
0 0.417702 0.838731 0.108479 0.305266 0.5764
0 0.343262 0.705056 0.069131 0.084296 0.5210
0 0.687833 0.289681 0.044288 0.207158 0.4675
0 0.702417 0.535272 0.039203 0.067992 0.4336
0 0.649358 0.514438 0.018846 0.110266 0.4303
