0 0.736050 0.647529 0.049013 0.206621 0.9514
0 0.709325 0.539857 0.047297 0.219205 0.9512
0 0.328838 0.791823 0.055828 0.213451 0.9485
0 0.652180 0.109610 0.047856 0.130046 0.9378
0 0.654030 0.050326 0.049789 0.100652 0.9349
0 0.393109 0.664624 0.047694 0.232542 0.9118
0 0.372335 0.256685 0.049029 0.124041 0.9059
0 0.422690 0.334161 0.048609 0.199965 0.8970
0 0.456389 0.749929 0.050886 0.223988 0.8960
0 0.482806 0.070177 0.044553 0.134927 0.8867
0 0.515209 0.063552 0.038347 0.126779 0.8688
0 0.529519 0.694029 0.056713 0.255008 0.8688
0 0.544033 0.064458 0.034500 0.128059 0.8548
0 0.438789 0.221656 0.048286 0.164944 0.8480
0 0.513529 0.854643 0.064068 0.280382 0.8427
0 0.253414 0.055920 0.031556 0.111840 0.8363
0 0.954449 0.456359 0.045050 0.185039 0.8347
0 0.882105 0.235282 0.041880 0.183449 0.8323
0 0.639553 0.263528 0.046626 0.158649 0.8278
0 0.163923 0.194283 0.043845 0.170973 0.8247
0 0.475721 0.236396 0.048332 0.161683 0.8148
0 0.252370 0.190063 0.030596 0.180717 0.8061
0 0.918848 0.454866 0.040819 0.206017 0.8031
0 0.979463 0.406726 0.039571 0.196022 0.7968
0 0.768983 0.088328 0.046186 0.139370 0.7961
0 0.413659 0.392297 0.056200 0.212995 0.7948
0 0.918211 0.223770 0.034866 0.164360 0.7882
0 0.840011 0.183538 0.037234 0.151438 0.7700
0 0.499912 0.239080 0.039358 0.167684 0.7669
0 0.887498 0.146231 0.035641 0.106688 0.7646
0 0.557535 0.322824 0.045313 0.201395 0.7580
0 0.779428 0.219078 0.041763 0.153257 0.7402
0 0.214187 0.249560 0.038559 0.172579 0.7317
0 0.954714 0.323603 0.035732 0.126003 0.7154
0 0.193184 0.075848 0.035890 0.102066 0.7032
0 0.223894 0.381293 0.050210 0.204336 0.6063
0 0.221676 0.057201 0.034194 0.090265 0.5244
0 0.210696 0.232867 0.039223 0.165737 0.5037
0 0.926636 0.177791 0.033109 0.162878 0.4712
