0 0.709516 0.540151 0.046969 0.217444 0.9488
0 0.735615 0.647540 0.048245 0.205674 0.9474
0 0.329422 0.792619 0.054985 0.212285 0.9456
0 0.652380 0.109518 0.046992 0.128595 0.9432
0 0.654183 0.050603 0.049641 0.101206 0.9371
0 0.419820 0.335422 0.043232 0.222881 0.9303
0 0.423539 0.210839 0.042081 0.128470 0.9151
0 0.372776 0.257274 0.049548 0.123264 0.9077
0 0.490287 0.125835 0.035154 0.163619 0.8894
0 0.524511 0.614491 0.057381 0.220547 0.8784
0 0.389368 0.068906 0.037333 0.137256 0.8759
0 0.441732 0.762784 0.054658 0.254335 0.8744
0 0.832767 0.066626 0.032559 0.133251 0.8739
0 0.518194 0.115068 0.034424 0.156239 0.8726
0 0.390135 0.400699 0.040270 0.188354 0.8725
0 0.573256 0.385771 0.054626 0.204442 0.8691
0 0.801312 0.260778 0.042548 0.148607 0.8602
0 0.513572 0.316287 0.039710 0.158661 0.8521
0 0.421270 0.071288 0.036536 0.140903 0.8363
0 0.938883 0.519608 0.047932 0.209133 0.8353
0 0.639725 0.256550 0.048437 0.164295 0.8353
0 0.452741 0.655289 0.050854 0.194142 0.8281
0 0.555213 0.128023 0.039340 0.153558 0.8248
0 0.474995 0.299654 0.037329 0.175235 0.8172
0 0.224218 0.149612 0.034873 0.132238 0.8121
0 0.865049 0.213104 0.036667 0.147705 0.8026
0 0.795501 0.125045 0.031479 0.114370 0.7883
0 0.764512 0.063308 0.038817 0.126105 0.7866
0 0.546950 0.047420 0.029093 0.094840 0.7605
0 0.206321 0.260164 0.035395 0.163216 0.7389
0 0.159078 0.198537 0.027975 0.168437 0.7380
0 0.908070 0.279684 0.043966 0.177348 0.7322
0 0.979368 0.533470 0.041011 0.209288 0.7179
0 0.227840 0.317372 0.035996 0.178310 0.7118
0 0.789475 0.058864 0.026713 0.117727 0.6978
0 0.258131 0.144924 0.033536 0.172549 0.6917
0 0.901336 0.131790 0.033822 0.139569 0.6811
0 0.523602 0.044043 0.033436 0.088085 0.6796
0 0.088861 0.363598 0.042649 0.203751 0.6779
0 0.227262 0.038157 0.025964 0.076313 0.6564
0 0.971700 0.420588 0.042013 0.108949 0.6263
0 0.917929 0.157131 0.029682 0.113260 0.5981
0 0.905226 0.205152 0.035750 0.147218 0.5878
0 0.212702 0.450099 0.053737 0.198914 0.5283
0 0.178596 0.227107 0.031257 0.167142 0.5152
0 0.944758 0.261532 0.039729 0.160938 0.5145
