0 0.209186 0.280614 0.056150 0.204561 0.9386
0 0.096729 0.091517 0.056358 0.183033 0.8912
0 0.160328 0.188615 0.040429 0.216836 0.8748
0 0.502002 0.331183 0.108447 0.145229 0.8593
0 0.388925 0.326068 0.058562 0.163035 0.8374
0 0.833699 0.330305 0.078416 0.115931 0.8246
0 0.294559 0.862450 0.100154 0.275100 0.8069
0 0.017636 0.062639 0.035206 0.123077 0.7722
0 0.762834 0.331088 0.092801 0.126826 0.7607
0 0.933342 0.328914 0.067551 0.101726 0.7473
0 0.160579 0.763113 0.066581 0.394028 0.7397
0 0.216962 0.738827 0.060910 0.445052 0.7070
0 0.633204 0.330257 0.079368 0.102512 0.6864
0 0.095656 0.773764 0.055342 0.417396 0.6557
0 0.273605 0.755626 0.078324 0.470568 0.6552
0 0.207447 0.871412 0.081829 0.257177 0.6091
0 0.129575 0.868026 0.077764 0.263948 0.5874
0 0.296441 0.066121 0.048795 0.132242 0.5408
0 0.061453 0.862158 0.109885 0.275684 0.5017
0 0.289777 0.071312 0.042323 0.142625 0.4426
