0 0.282275 0.089818 0.047007 0.178403 0.9281
0 0.228241 0.132045 0.049307 0.209325 0.9272
0 0.384455 0.076326 0.042373 0.150176 0.9127
0 0.340535 0.074826 0.040655 0.149652 0.9106
0 0.302382 0.373633 0.061355 0.220025 0.9011
0 0.392692 0.313569 0.059640 0.235748 0.8965
0 0.463093 0.239912 0.052011 0.254293 0.8640
0 0.224126 0.743837 0.086500 0.173341 0.8621
0 0.230042 0.023582 0.049953 0.045062 0.8343
0 0.738916 0.292891 0.168470 0.394661 0.8341
0 0.080822 0.085695 0.044994 0.169562 0.8161
0 0.185461 0.468054 0.061199 0.064830 0.7963
0 0.235952 0.420366 0.039224 0.160146 0.7937
0 0.086576 0.260879 0.055824 0.246536 0.7522
0 0.259080 0.429740 0.058708 0.141652 0.7401
