0 0.369870 0.492545 0.049366 0.208212 0.9534
0 0.825949 0.757423 0.049903 0.207361 0.9521
0 0.343892 0.381770 0.047395 0.216527 0.9486
0 0.052822 0.176785 0.043646 0.224158 0.9361
0 0.790856 0.174313 0.042873 0.223565 0.9348
0 0.743143 0.093502 0.048599 0.124222 0.9245
0 0.699701 0.586343 0.056365 0.125120 0.9209
0 0.740413 0.237968 0.045629 0.191809 0.9153
0 0.886509 0.180481 0.040426 0.169696 0.9119
0 0.055639 0.058947 0.043412 0.115736 0.9080
0 0.846613 0.165238 0.037889 0.190782 0.9044
0 0.071872 0.465071 0.057640 0.222139 0.8992
0 0.799447 0.706368 0.045874 0.104719 0.8976
0 0.794182 0.056215 0.043947 0.112429 0.8934
0 0.148036 0.187780 0.040523 0.156283 0.8905
0 0.749362 0.537819 0.041570 0.203650 0.8834
0 0.893840 0.428201 0.052055 0.213028 0.8826
0 0.154606 0.411195 0.054006 0.214749 0.8815
0 0.107566 0.169341 0.037110 0.185892 0.8808
0 0.028924 0.551433 0.057441 0.198119 0.8775
0 0.814715 0.483690 0.051986 0.232270 0.8728
0 0.014856 0.099777 0.029026 0.121854 0.8621
0 0.012107 0.242963 0.024085 0.187820 0.8617
0 0.220143 0.343473 0.049019 0.229319 0.8611
0 0.537340 0.746622 0.034683 0.190308 0.8589
0 0.609616 0.722014 0.053830 0.146103 0.8421
0 0.953345 0.282091 0.053492 0.217563 0.8359
0 0.360237 0.069795 0.041914 0.139590 0.8276
0 0.170519 0.739808 0.072936 0.168264 0.8230
0 0.576046 0.117862 0.035301 0.171445 0.8007
0 0.015374 0.540024 0.030692 0.200463 0.7776
0 0.601583 0.184251 0.035655 0.179637 0.7694
0 0.793896 0.556025 0.059850 0.194794 0.7683
0 0.469901 0.173310 0.042297 0.162844 0.7583
0 0.125460 0.034486 0.038498 0.067745 0.7523
0 0.155617 0.031168 0.036167 0.061187 0.7307
0 0.930128 0.030122 0.039303 0.059943 0.7148
0 0.598578 0.337460 0.049423 0.209810 0.7117
0 0.864415 0.029958 0.034715 0.059916 0.6826
0 0.545844 0.058929 0.033855 0.117856 0.6749
0 0.193364 0.037950 0.043850 0.075899 0.6439
0 0.532025 0.113869 0.028935 0.173209 0.5973
0 0.594259 0.027095 0.033989 0.054189 0.5721
0 0.892669 0.023011 0.033747 0.045788 0.5703
