0 0.709629 0.539452 0.046739 0.218424 0.9491
0 0.735758 0.647085 0.048475 0.206054 0.9489
0 0.328787 0.792003 0.055908 0.212707 0.9485
0 0.419717 0.333659 0.043072 0.222890 0.9368
0 0.654007 0.050230 0.048475 0.100461 0.9337
0 0.969391 0.582657 0.059942 0.215544 0.9292
0 0.652071 0.110438 0.047005 0.129728 0.9288
0 0.369477 0.400037 0.045424 0.187734 0.9272
0 0.372299 0.256337 0.049504 0.125896 0.9151
0 0.423159 0.210100 0.042613 0.130291 0.9122
0 0.493620 0.144172 0.038060 0.162281 0.9095
0 0.440348 0.609780 0.055694 0.224305 0.8995
0 0.474390 0.324842 0.036817 0.177543 0.8929
0 0.523520 0.045189 0.033810 0.089261 0.8900
0 0.588769 0.503442 0.048630 0.226948 0.8827
0 0.377505 0.698436 0.037129 0.212048 0.8819
0 0.514526 0.341265 0.039902 0.158659 0.8777
0 0.797887 0.066779 0.029626 0.133558 0.8763
0 0.523711 0.558528 0.055962 0.214803 0.8737
0 0.258729 0.054677 0.029017 0.107510 0.8574
0 0.396820 0.094581 0.039290 0.167296 0.8554
0 0.523219 0.134230 0.041585 0.164267 0.8511
0 0.723105 0.213288 0.035790 0.168046 0.8210
0 0.423967 0.072905 0.035521 0.145809 0.8193
0 0.396659 0.727230 0.052849 0.239412 0.8142
0 0.175434 0.194850 0.031076 0.166015 0.8066
0 0.896140 0.110207 0.036750 0.154485 0.8051
0 0.224165 0.042156 0.027066 0.084311 0.7925
0 0.833664 0.324536 0.038186 0.160277 0.7886
0 0.845497 0.072525 0.029916 0.138405 0.7789
0 0.885473 0.249316 0.039996 0.158132 0.7787
0 0.199248 0.054437 0.030075 0.108873 0.7704
0 0.777702 0.072094 0.030018 0.141656 0.7694
0 0.935177 0.250692 0.042670 0.146337 0.7676
0 0.238444 0.527000 0.051479 0.228526 0.7487
0 0.554812 0.140425 0.039694 0.162640 0.7465
0 0.944436 0.325358 0.044921 0.197264 0.7453
0 0.564846 0.081213 0.033677 0.119541 0.7162
0 0.233154 0.342707 0.036942 0.174239 0.6959
0 0.220924 0.137719 0.033674 0.137776 0.6208
0 0.978365 0.317559 0.038705 0.200537 0.6108
0 0.203392 0.281499 0.034845 0.164180 0.6050
0 0.247988 0.139390 0.036125 0.156882 0.5773
0 0.233812 0.369841 0.041393 0.186615 0.5417
0 0.130415 0.338808 0.040978 0.187957 0.4355
