0 0.220808 0.107636 0.050284 0.201556 0.9430
0 0.730866 0.699016 0.360435 0.406807 0.9311
0 0.165304 0.078073 0.046337 0.155856 0.9276
0 0.061911 0.064861 0.047103 0.128178 0.8925
0 0.143069 0.296703 0.058959 0.239058 0.8924
0 0.105841 0.063460 0.037166 0.126911 0.8845
0 0.839320 0.282850 0.080028 0.142045 0.8841
0 0.042177 0.239945 0.055947 0.233317 0.8389
0 0.209751 0.370132 0.039959 0.097857 0.8328
0 0.363282 0.219231 0.052381 0.229973 0.6059
0 0.390899 0.045519 0.035787 0.091039 0.5531
0 0.370882 0.067220 0.037792 0.134440 0.4860
