0 0.709536 0.539369 0.046726 0.218538 0.9485
0 0.735745 0.647289 0.048377 0.205977 0.9485
0 0.329125 0.790270 0.054896 0.211854 0.9398
0 0.422934 0.213210 0.041187 0.128054 0.9394
0 0.653912 0.050444 0.050229 0.100888 0.9358
0 0.652469 0.109846 0.046956 0.130152 0.9325
0 0.419984 0.334151 0.043150 0.221807 0.9305
0 0.369216 0.400545 0.045017 0.187499 0.9298
0 0.969248 0.579121 0.061230 0.218675 0.9285
0 0.372434 0.257012 0.049194 0.124220 0.9190
0 0.797066 0.064163 0.028040 0.128326 0.8966
0 0.475337 0.327907 0.036259 0.177927 0.8755
0 0.437799 0.546006 0.047098 0.195817 0.8751
0 0.520580 0.130481 0.042010 0.166991 0.8697
0 0.599533 0.543071 0.050290 0.245106 0.8694
0 0.397713 0.095057 0.040993 0.172353 0.8565
0 0.523691 0.046375 0.034984 0.090593 0.8556
0 0.539121 0.507005 0.047203 0.200561 0.8540
0 0.380768 0.702953 0.041186 0.218313 0.8535
0 0.514647 0.341366 0.040218 0.161397 0.8508
0 0.175127 0.198293 0.033417 0.156703 0.8456
0 0.889566 0.087494 0.039414 0.155513 0.8446
0 0.752788 0.195803 0.044121 0.172815 0.8428
0 0.492383 0.141508 0.036420 0.162373 0.8282
0 0.257792 0.051831 0.030699 0.103662 0.8163
0 0.857434 0.087197 0.030424 0.137808 0.8068
0 0.570514 0.206388 0.034925 0.160439 0.7968
0 0.964077 0.372224 0.046812 0.187453 0.7887
0 0.578266 0.100809 0.036748 0.138163 0.7798
0 0.222864 0.047894 0.028394 0.095787 0.7751
0 0.443716 0.113827 0.042491 0.159603 0.7625
0 0.153930 0.267257 0.040128 0.184938 0.7582
0 0.233252 0.441974 0.046340 0.163820 0.7575
0 0.951209 0.276164 0.046510 0.167525 0.7495
0 0.247797 0.577387 0.043423 0.221323 0.7346
0 0.258777 0.219024 0.030963 0.162059 0.7333
0 0.904020 0.284895 0.047534 0.161187 0.7270
0 0.862444 0.374764 0.046684 0.168805 0.7229
0 0.197699 0.055332 0.026768 0.110665 0.7213
0 0.990895 0.374313 0.018210 0.178889 0.6801
0 0.110240 0.376015 0.045634 0.198945 0.6683
0 0.221155 0.193009 0.039862 0.139645 0.6037
0 0.214743 0.316147 0.040386 0.146032 0.5702
0 0.251146 0.156883 0.033120 0.158350 0.5264
