0 0.709632 0.540031 0.046701 0.217262 0.9491
0 0.735758 0.647794 0.048473 0.206305 0.9471
0 0.329251 0.792062 0.055648 0.213271 0.9457
0 0.652506 0.109846 0.047409 0.128661 0.9383
0 0.420014 0.335092 0.043262 0.222287 0.9344
0 0.654039 0.050070 0.048997 0.100141 0.9308
0 0.423242 0.212428 0.041216 0.124020 0.9307
0 0.372519 0.257427 0.049334 0.125766 0.9132
0 0.514764 0.333951 0.041389 0.170507 0.9056
0 0.426072 0.752552 0.058760 0.251259 0.9048
0 0.493425 0.139113 0.037412 0.170751 0.9004
0 0.834130 0.066817 0.033338 0.133633 0.8927
0 0.682617 0.237996 0.041819 0.167202 0.8813
0 0.522554 0.595096 0.053564 0.219554 0.8805
0 0.520498 0.129532 0.035147 0.161895 0.8797
0 0.377883 0.698025 0.037807 0.209046 0.8794
0 0.953131 0.531733 0.051291 0.180642 0.8789
0 0.474912 0.322238 0.037890 0.182832 0.8776
0 0.445085 0.648179 0.051298 0.227702 0.8679
0 0.369060 0.401257 0.044520 0.183671 0.8673
0 0.389710 0.073605 0.036807 0.147210 0.8656
0 0.579165 0.449955 0.048906 0.217953 0.8639
0 0.799763 0.261380 0.041373 0.146707 0.8519
0 0.798082 0.065484 0.028792 0.130968 0.8503
0 0.555610 0.136920 0.042672 0.159360 0.8378
0 0.776004 0.072501 0.029755 0.144139 0.8359
0 0.523745 0.044824 0.034391 0.089648 0.8246
0 0.871021 0.224498 0.044236 0.160043 0.8166
0 0.549348 0.048553 0.029660 0.097107 0.8131
0 0.421432 0.067878 0.037067 0.135756 0.8045
0 0.899249 0.117027 0.037083 0.156772 0.8044
0 0.795283 0.124677 0.032287 0.109212 0.8024
0 0.985313 0.529452 0.029374 0.183726 0.8004
0 0.173381 0.198883 0.034241 0.159286 0.7964
0 0.229899 0.336744 0.036985 0.178030 0.7832
0 0.960510 0.284082 0.037542 0.186323 0.7786
0 0.251766 0.140348 0.034634 0.169428 0.7616
0 0.924262 0.296145 0.041257 0.187077 0.7613
0 0.096480 0.332041 0.042325 0.177375 0.7449
0 0.205850 0.281366 0.035684 0.170989 0.7348
0 0.919264 0.217432 0.037753 0.158812 0.7142
0 0.226487 0.494564 0.048069 0.213481 0.7064
0 0.224868 0.041710 0.026519 0.081880 0.6954
0 0.978719 0.440575 0.039266 0.097912 0.6205
0 0.163837 0.282141 0.040976 0.174256 0.5396
0 0.221417 0.143762 0.030264 0.123288 0.5235
0 0.198753 0.059689 0.030835 0.115806 0.4762
