0 0.242301 0.389364 0.048831 0.232060 0.9447
0 0.215145 0.462163 0.051267 0.134258 0.9436
0 0.550024 0.172315 0.046007 0.237621 0.9372
0 0.967755 0.764727 0.063846 0.469995 0.9346
0 0.600369 0.089448 0.052248 0.134925 0.9237
0 0.603906 0.242274 0.047590 0.198885 0.9183
0 0.896842 0.765203 0.130261 0.468397 0.9158
0 0.790605 0.761594 0.101419 0.461150 0.9119
0 0.546621 0.055023 0.045972 0.110046 0.9113
0 0.449241 0.176278 0.044822 0.180837 0.9012
0 0.441816 0.429960 0.060492 0.198149 0.8907
0 0.491554 0.163262 0.038898 0.203349 0.8869
0 0.067002 0.070908 0.044255 0.141568 0.8504
0 0.381983 0.294623 0.052582 0.231128 0.8468
0 0.526280 0.457144 0.055363 0.143886 0.8438
0 0.270473 0.078181 0.044822 0.153970 0.8400
0 0.594831 0.489508 0.042925 0.082406 0.8210
0 0.472429 0.026506 0.036221 0.053013 0.7776
0 0.147318 0.091883 0.044792 0.159956 0.7660
0 0.018554 0.133181 0.037108 0.194782 0.7505
0 0.020244 0.065669 0.039844 0.131232 0.7331
0 0.444453 0.020912 0.035477 0.041808 0.5750
0 0.734572 0.173069 0.010502 0.182053 0.4443
0 0.731143 0.337559 0.015945 0.230775 0.4441
0 0.406314 0.026403 0.039596 0.052806 0.4317
