0 0.212329 0.195448 0.045796 0.256946 0.9323
0 0.979509 0.882822 0.040712 0.234356 0.9313
0 0.958072 0.762271 0.051426 0.243509 0.9306
0 0.160139 0.110077 0.054287 0.142044 0.9289
0 0.156366 0.271313 0.051395 0.214414 0.9258
0 0.538076 0.387499 0.052004 0.166535 0.9247
0 0.753658 0.753341 0.063173 0.231036 0.9069
0 0.633022 0.566312 0.044779 0.194023 0.9066
0 0.835072 0.765227 0.056472 0.291247 0.9025
0 0.737725 0.554171 0.046804 0.165012 0.8975
0 0.215451 0.067171 0.048157 0.131326 0.8934
0 0.272841 0.192970 0.042744 0.202904 0.8882
0 0.318755 0.201437 0.046319 0.195918 0.8844
0 0.657116 0.818274 0.063586 0.244948 0.8832
0 0.691675 0.550253 0.041733 0.159812 0.8789
0 0.293325 0.044299 0.042262 0.088598 0.8506
0 0.414576 0.382730 0.055674 0.174541 0.8436
0 0.339782 0.377369 0.057408 0.185768 0.8126
0 0.585824 0.065067 0.041736 0.129744 0.7659
0 0.237569 0.407747 0.051394 0.125435 0.7536
0 0.714181 0.375005 0.212895 0.192700 0.7331
0 0.331368 0.031792 0.045198 0.063290 0.7188
0 0.022483 0.403632 0.044767 0.135799 0.7095
0 0.031238 0.074861 0.037892 0.149723 0.6866
0 0.013284 0.272383 0.026561 0.188132 0.6407
0 0.411471 0.831943 0.108410 0.295040 0.5934
0 0.748078 0.372724 0.147861 0.192877 0.5817
0 0.011616 0.241278 0.023120 0.251752 0.5339
