0 0.046441 0.235220 0.047580 0.217691 0.9484
0 0.022442 0.342117 0.044885 0.207246 0.9473
0 0.388792 0.097866 0.046280 0.189696 0.9399
0 0.294582 0.781356 0.347382 0.437288 0.9337
0 0.429011 0.465116 0.056172 0.170525 0.9290
0 0.316615 0.280934 0.055939 0.218924 0.9179
0 0.337337 0.070117 0.042308 0.140186 0.9117
0 0.243400 0.059017 0.043818 0.118033 0.8990
0 0.157346 0.236799 0.051372 0.259491 0.8924
0 0.228175 0.220442 0.057920 0.207103 0.8919
0 0.380325 0.385130 0.040451 0.204508 0.8769
0 0.629001 0.794715 0.318331 0.407400 0.8684
0 0.283519 0.055653 0.035895 0.111306 0.8618
