0 0.709552 0.539827 0.046942 0.218596 0.9495
0 0.735783 0.647712 0.048373 0.206855 0.9479
0 0.328895 0.791993 0.056364 0.212700 0.9468
0 0.419994 0.334792 0.043178 0.223065 0.9360
0 0.652164 0.110695 0.046559 0.129918 0.9330
0 0.653911 0.049897 0.048451 0.099794 0.9284
0 0.969290 0.581162 0.059698 0.213536 0.9279
0 0.369506 0.400385 0.045499 0.187711 0.9246
0 0.372514 0.256004 0.049749 0.125722 0.9163
0 0.423497 0.210862 0.041820 0.128342 0.9101
0 0.493574 0.145169 0.037622 0.164336 0.9026
0 0.439530 0.616942 0.056908 0.226940 0.9024
0 0.474573 0.326005 0.037189 0.178895 0.9002
0 0.523367 0.042314 0.033562 0.084494 0.8874
0 0.586927 0.504004 0.047303 0.230543 0.8827
0 0.842566 0.072477 0.033562 0.138922 0.8823
0 0.522467 0.564697 0.053592 0.214130 0.8807
0 0.797461 0.067510 0.030934 0.134281 0.8794
0 0.514569 0.340174 0.039902 0.163702 0.8731
0 0.396987 0.730464 0.052283 0.245958 0.8705
0 0.522568 0.132132 0.041587 0.174169 0.8645
0 0.377719 0.699979 0.037532 0.209674 0.8555
0 0.258956 0.053303 0.030340 0.106045 0.8457
0 0.396759 0.095395 0.039362 0.168967 0.8421
0 0.895853 0.109167 0.036674 0.154494 0.8391
0 0.935599 0.251313 0.041424 0.150620 0.8223
0 0.173784 0.195980 0.031217 0.162151 0.8160
0 0.726020 0.213538 0.041025 0.173278 0.8149
0 0.224896 0.041481 0.028124 0.082963 0.8081
0 0.423229 0.074938 0.034104 0.148449 0.8079
0 0.554835 0.139633 0.042416 0.160761 0.7991
0 0.888080 0.250938 0.041280 0.153133 0.7964
0 0.775592 0.074437 0.030576 0.144414 0.7900
0 0.236269 0.512884 0.050975 0.210820 0.7895
0 0.834624 0.323296 0.040141 0.156922 0.7679
0 0.232634 0.347738 0.038750 0.177450 0.7601
0 0.945107 0.328784 0.045445 0.198779 0.7295
0 0.565519 0.078811 0.036084 0.120517 0.7127
0 0.221817 0.139996 0.036215 0.142355 0.6970
0 0.252735 0.144613 0.034807 0.153111 0.6900
0 0.974663 0.317175 0.036380 0.202467 0.6892
0 0.204514 0.286103 0.034313 0.161430 0.6871
0 0.198690 0.051187 0.028315 0.102375 0.6061
0 0.116794 0.291567 0.035848 0.168309 0.5709
0 0.193193 0.056794 0.030459 0.113587 0.5508
