0 0.558775 0.472097 0.047612 0.153843 0.9363
0 0.209376 0.366149 0.045746 0.194347 0.9361
0 0.260816 0.298107 0.043643 0.229788 0.9310
0 0.263472 0.172564 0.041920 0.129364 0.9238
0 0.212901 0.217622 0.050178 0.127749 0.9222
0 0.499725 0.068684 0.046330 0.127600 0.9206
0 0.500883 0.027612 0.049605 0.055225 0.9152
0 0.365757 0.092096 0.041493 0.164487 0.8968
0 0.335239 0.101177 0.038258 0.164611 0.8902
0 0.315283 0.288461 0.039984 0.191336 0.8899
0 0.379982 0.463021 0.049080 0.173611 0.8743
0 0.766792 0.790694 0.131876 0.417544 0.8686
0 0.357808 0.304482 0.043275 0.171409 0.8640
0 0.239113 0.067956 0.036903 0.135911 0.8531
0 0.444613 0.465658 0.050692 0.167646 0.8450
0 0.281062 0.487311 0.050513 0.126767 0.8445
0 0.602501 0.157308 0.044497 0.174310 0.8283
0 0.015316 0.158463 0.030000 0.160751 0.8160
0 0.921181 0.281685 0.089100 0.508615 0.8069
0 0.423667 0.063385 0.035401 0.124984 0.8005
0 0.838206 0.270722 0.093052 0.428238 0.7816
0 0.365751 0.021005 0.038473 0.042010 0.7798
0 0.284913 0.075761 0.042632 0.149045 0.7791
0 0.081977 0.483054 0.049669 0.134193 0.7239
0 0.096376 0.175062 0.030024 0.161879 0.6995
0 0.093683 0.029921 0.031681 0.059360 0.6925
0 0.059277 0.029751 0.028521 0.058856 0.6650
0 0.050000 0.267487 0.038659 0.163995 0.5999
0 0.088980 0.094662 0.035565 0.157183 0.5902
0 0.067196 0.400427 0.044591 0.158995 0.5826
0 0.059797 0.114631 0.036998 0.161612 0.5179
0 0.651762 0.047152 0.033571 0.094304 0.5158
0 0.411578 0.154678 0.036542 0.165689 0.4659
