0 0.709584 0.540088 0.046682 0.216993 0.9507
0 0.735637 0.647901 0.048426 0.206186 0.9478
0 0.329237 0.792253 0.055237 0.212789 0.9466
0 0.652321 0.109180 0.047113 0.128181 0.9379
0 0.419993 0.334380 0.043210 0.223975 0.9348
0 0.654102 0.050033 0.048736 0.100066 0.9326
0 0.423182 0.212854 0.041151 0.122931 0.9300
0 0.425503 0.751139 0.059662 0.250471 0.9257
0 0.372459 0.257263 0.049396 0.125275 0.9134
0 0.514025 0.333899 0.040487 0.174080 0.9086
0 0.832876 0.066354 0.033316 0.132593 0.8948
0 0.390537 0.072538 0.038833 0.144877 0.8941
0 0.492586 0.136881 0.036687 0.171668 0.8932
0 0.368929 0.400017 0.044995 0.186366 0.8931
0 0.378432 0.697417 0.038325 0.208692 0.8902
0 0.952019 0.531096 0.049778 0.186641 0.8871
0 0.683155 0.235854 0.042666 0.170174 0.8832
0 0.523046 0.599423 0.052742 0.217734 0.8700
0 0.579480 0.442623 0.049762 0.223741 0.8654
0 0.519766 0.127232 0.034639 0.164306 0.8652
0 0.444855 0.652921 0.052146 0.229948 0.8636
0 0.801606 0.261135 0.041366 0.148907 0.8618
0 0.474650 0.322842 0.038389 0.187014 0.8601
0 0.986027 0.534783 0.027947 0.181468 0.8345
0 0.774913 0.072052 0.030907 0.143280 0.8299
0 0.796962 0.065432 0.028170 0.130864 0.8275
0 0.525049 0.045886 0.033460 0.091771 0.8275
0 0.899031 0.115297 0.037415 0.156542 0.8257
0 0.422142 0.071737 0.035611 0.142020 0.8215
0 0.872021 0.227138 0.043731 0.156139 0.8180
0 0.548139 0.049466 0.029446 0.098932 0.8147
0 0.554713 0.135585 0.041925 0.160330 0.8005
0 0.229391 0.336367 0.036045 0.178749 0.7900
0 0.960275 0.289918 0.035987 0.190258 0.7871
0 0.925293 0.294683 0.040208 0.188617 0.7753
0 0.252308 0.143844 0.034676 0.158896 0.7712
0 0.794394 0.126404 0.031470 0.107749 0.7639
0 0.170416 0.200272 0.031273 0.161581 0.7551
0 0.205655 0.280349 0.036646 0.168442 0.7341
0 0.224996 0.484828 0.051646 0.198633 0.7237
0 0.976514 0.438373 0.040421 0.102253 0.7224
0 0.919243 0.219314 0.039322 0.164437 0.7224
0 0.224337 0.042559 0.026559 0.083610 0.6818
0 0.161680 0.280926 0.040736 0.165527 0.6686
0 0.092148 0.342167 0.043914 0.171840 0.6641
0 0.219828 0.153500 0.032256 0.123419 0.4796
0 0.971965 0.422164 0.038833 0.095442 0.4596
0 0.199138 0.050418 0.028568 0.098594 0.4206
