0 0.709498 0.540150 0.046777 0.217407 0.9484
0 0.735624 0.647786 0.048133 0.206272 0.9475
0 0.329465 0.792473 0.055020 0.212804 0.9459
0 0.652416 0.109184 0.047215 0.128592 0.9433
0 0.654006 0.050366 0.050262 0.100732 0.9338
0 0.419810 0.335705 0.043084 0.222377 0.9304
0 0.423649 0.211075 0.041989 0.128325 0.9127
0 0.372718 0.257275 0.049382 0.124907 0.9097
0 0.490332 0.126778 0.035524 0.163702 0.8878
0 0.524542 0.611417 0.057535 0.217038 0.8774
0 0.518346 0.114900 0.034241 0.157272 0.8758
0 0.389405 0.069677 0.037322 0.138936 0.8744
0 0.390442 0.400996 0.039545 0.189306 0.8723
0 0.573577 0.383241 0.054440 0.208745 0.8635
0 0.832671 0.066691 0.032700 0.133382 0.8635
0 0.441590 0.763440 0.054238 0.253712 0.8613
0 0.801178 0.260573 0.042264 0.148473 0.8607
0 0.513656 0.318743 0.039770 0.159376 0.8546
0 0.555312 0.127767 0.038900 0.155226 0.8372
0 0.939416 0.521468 0.049102 0.204386 0.8325
0 0.452363 0.656629 0.049734 0.202023 0.8315
0 0.421234 0.071528 0.036811 0.141830 0.8267
0 0.475310 0.298621 0.037228 0.168579 0.8242
0 0.223750 0.150855 0.034427 0.133138 0.8226
0 0.546621 0.047141 0.028854 0.094281 0.8213
0 0.866003 0.213931 0.037841 0.149446 0.8097
0 0.638968 0.258515 0.048983 0.163791 0.7972
0 0.795776 0.125276 0.030684 0.113265 0.7922
0 0.763114 0.061387 0.038499 0.122658 0.7723
0 0.205337 0.263618 0.034844 0.161657 0.7375
0 0.256612 0.147285 0.034420 0.175308 0.7361
0 0.523491 0.045460 0.033417 0.090919 0.7252
0 0.159324 0.197751 0.028680 0.170684 0.7235
0 0.909140 0.282667 0.044271 0.180587 0.7107
0 0.900283 0.131563 0.034082 0.130350 0.6945
0 0.226952 0.039064 0.026088 0.078128 0.6785
0 0.089136 0.359742 0.041593 0.198036 0.6725
0 0.227318 0.318975 0.035185 0.171584 0.6670
0 0.972395 0.421540 0.041227 0.106460 0.6610
0 0.981899 0.535866 0.035815 0.204076 0.6336
0 0.907665 0.205192 0.037682 0.148650 0.6302
0 0.949200 0.266911 0.040216 0.162726 0.6159
0 0.792823 0.059790 0.031367 0.119580 0.6090
0 0.213438 0.450336 0.053327 0.197218 0.5512
0 0.785918 0.057686 0.025139 0.115373 0.4920
0 0.378709 0.694636 0.038483 0.205648 0.4699
0 0.178774 0.226013 0.036619 0.189563 0.4529
