0 0.485964 0.304530 0.050714 0.131380 0.9294
0 0.775952 0.712288 0.229819 0.572544 0.9293
0 0.175000 0.138441 0.044715 0.239376 0.9269
0 0.124012 0.058751 0.053510 0.117502 0.9138
0 0.177549 0.034369 0.045607 0.068739 0.9018
0 0.410928 0.069901 0.050003 0.138641 0.8795
0 0.235648 0.100329 0.039469 0.197156 0.8639
0 0.582956 0.068370 0.043010 0.136739 0.8631
0 0.340148 0.187440 0.058808 0.223693 0.8591
0 0.276091 0.113363 0.041941 0.160795 0.8195
0 0.140156 0.202284 0.039238 0.212017 0.8002
0 0.784890 0.162610 0.053771 0.045445 0.7564
0 0.812982 0.077072 0.048572 0.056339 0.7420
0 0.640880 0.043010 0.020482 0.086019 0.5691
0 0.287945 0.343137 0.061616 0.055115 0.5527
0 0.923905 0.144120 0.030827 0.070914 0.4777
