0 0.203316 0.317657 0.044106 0.235534 0.9315
0 0.252918 0.233737 0.049975 0.129186 0.9279
0 0.199754 0.186290 0.043995 0.134611 0.9170
0 0.093898 0.102447 0.044397 0.186683 0.8860
0 0.815439 0.768248 0.044875 0.155208 0.8565
0 0.103218 0.319833 0.041321 0.173477 0.8525
0 0.145750 0.300636 0.039056 0.196487 0.8454
0 0.641089 0.760496 0.050925 0.161468 0.8414
0 0.126861 0.106655 0.039784 0.181123 0.8396
0 0.372128 0.037314 0.031569 0.074629 0.8374
0 0.576557 0.820386 0.085565 0.353903 0.8172
0 0.678221 0.880410 0.076455 0.195286 0.8163
0 0.777991 0.770968 0.045908 0.159660 0.8148
0 0.709256 0.761195 0.044651 0.155906 0.8112
0 0.226245 0.068717 0.040152 0.137259 0.8049
0 0.628131 0.894855 0.076795 0.181044 0.7977
0 0.841432 0.283720 0.083308 0.178803 0.7962
0 0.674439 0.755724 0.039750 0.151399 0.7668
0 0.742360 0.763130 0.041217 0.157441 0.7622
0 0.372951 0.181224 0.034135 0.177643 0.7613
0 0.258713 0.372448 0.046430 0.172743 0.7603
0 0.848378 0.768756 0.036437 0.146999 0.7539
0 0.174999 0.087619 0.041727 0.168953 0.7526
0 0.037146 0.069246 0.038467 0.136644 0.7519
0 0.728104 0.880275 0.058224 0.180645 0.7470
0 0.800011 0.879634 0.055384 0.158579 0.7364
0 0.881768 0.891036 0.070863 0.171478 0.7298
0 0.836911 0.881542 0.047756 0.158224 0.7140
0 0.767895 0.883945 0.045369 0.167882 0.6988
0 0.072266 0.422441 0.051308 0.069747 0.6397
0 0.090526 0.028068 0.037955 0.056136 0.5845
0 0.398522 0.400221 0.041698 0.114565 0.5728
0 0.410257 0.310815 0.020204 0.187996 0.5567
0 0.886959 0.744745 0.058002 0.123392 0.5463
0 0.042938 0.172711 0.039962 0.179702 0.4748
0 0.210457 0.729333 0.416987 0.539131 0.4433
