0 0.200445 0.104829 0.050452 0.137395 0.9344
0 0.501766 0.267037 0.051684 0.134317 0.9332
0 0.450691 0.350242 0.046815 0.244685 0.9305
0 0.767756 0.057865 0.051145 0.115731 0.9149
0 0.198280 0.047669 0.051127 0.095338 0.9139
0 0.447286 0.217488 0.043319 0.140970 0.9083
0 0.716420 0.132365 0.046052 0.242546 0.8893
0 0.373280 0.145019 0.040518 0.167371 0.8676
0 0.745900 0.436382 0.054581 0.166065 0.8675
0 0.348864 0.350555 0.045088 0.178230 0.8609
0 0.714032 0.034512 0.043853 0.069024 0.8599
0 0.392909 0.337568 0.039077 0.192284 0.8550
0 0.478693 0.084675 0.041833 0.164912 0.8503
0 0.342806 0.134560 0.041361 0.174198 0.8482
0 0.141020 0.483495 0.051529 0.065401 0.8430
0 0.748623 0.202454 0.046273 0.211460 0.8412
0 0.884957 0.767836 0.123083 0.464328 0.8391
0 0.339648 0.041851 0.034723 0.083703 0.8236
0 0.045334 0.061597 0.031503 0.123194 0.8187
0 0.672788 0.464281 0.056311 0.108431 0.8108
0 0.307572 0.134528 0.045279 0.169928 0.8038
0 0.278599 0.759108 0.435778 0.481783 0.7746
0 0.946178 0.058829 0.039168 0.117658 0.7710
0 0.705994 0.764616 0.098291 0.470767 0.7675
0 0.621048 0.436171 0.025769 0.163909 0.7587
0 0.503149 0.418129 0.045449 0.200864 0.7571
0 0.948320 0.783182 0.061589 0.254390 0.7497
0 0.926118 0.095304 0.037470 0.173073 0.7378
0 0.974520 0.057928 0.035210 0.115856 0.7292
0 0.445587 0.073043 0.038922 0.145798 0.7236
0 0.939219 0.254984 0.059286 0.229983 0.7135
0 0.067197 0.070264 0.029931 0.138254 0.7078
0 0.273362 0.457066 0.050559 0.122816 0.6630
0 0.654598 0.093264 0.046772 0.186529 0.6333
0 0.619726 0.090385 0.035710 0.143293 0.6296
0 0.016765 0.307996 0.033531 0.190175 0.6007
0 0.655607 0.071552 0.045795 0.143104 0.5532
0 0.122367 0.218428 0.041964 0.182784 0.5390
0 0.290564 0.092090 0.037177 0.136412 0.5086
0 0.031372 0.827529 0.062615 0.344943 0.4602
