0 0.199194 0.325670 0.056107 0.233063 0.9497
0 0.228126 0.204596 0.052628 0.243587 0.9472
0 0.611171 0.077696 0.052786 0.155392 0.9424
0 0.656111 0.479320 0.061421 0.219647 0.9423
0 0.947270 0.416235 0.104791 0.348738 0.9236
0 0.433889 0.198453 0.062307 0.229924 0.9065
0 0.530332 0.258739 0.063413 0.242284 0.9024
0 0.602472 0.381801 0.043787 0.236864 0.8913
0 0.448828 0.037577 0.048509 0.075154 0.8905
0 0.760394 0.380530 0.141609 0.417667 0.8888
0 0.555147 0.051762 0.047865 0.102922 0.8888
0 0.492855 0.035059 0.040990 0.068583 0.8814
0 0.367923 0.850022 0.165906 0.294830 0.8581
0 0.354822 0.199025 0.055583 0.285769 0.8395
0 0.259657 0.753238 0.136128 0.154471 0.8017
0 0.201935 0.874003 0.187368 0.247971 0.6950
0 0.578952 0.406418 0.053874 0.267657 0.5752
0 0.451580 0.844637 0.271940 0.306182 0.5683
0 0.059511 0.050737 0.054157 0.101474 0.5593
