0 0.672503 0.524709 0.266004 0.425446 0.9485
0 0.396178 0.112811 0.048589 0.225621 0.9441
0 0.450053 0.041573 0.053848 0.083079 0.9285
0 0.452786 0.172543 0.048671 0.209630 0.9228
0 0.372361 0.836929 0.097472 0.150957 0.8962
0 0.829282 0.198325 0.106019 0.218861 0.8939
0 0.072550 0.260377 0.054342 0.104119 0.8924
0 0.672735 0.197735 0.066235 0.221714 0.8803
0 0.337072 0.099810 0.039754 0.198454 0.8610
0 0.290469 0.112184 0.048535 0.172395 0.8055
0 0.394516 0.016707 0.046362 0.033413 0.7737
0 0.379479 0.263135 0.049289 0.091349 0.7387
0 0.259088 0.241227 0.053105 0.139036 0.6158
0 0.745468 0.133449 0.046047 0.072249 0.4515
