0 0.552263 0.803063 0.051980 0.239172 0.9510
0 0.523719 0.905216 0.053778 0.189569 0.9476
0 0.868394 0.580131 0.046907 0.241882 0.9389
0 0.920906 0.496004 0.053394 0.136362 0.9335
0 0.924402 0.650739 0.047542 0.205364 0.9305
0 0.865240 0.445604 0.044579 0.137461 0.9128
0 0.614049 0.344869 0.050418 0.114511 0.9094
0 0.848045 0.884914 0.061362 0.230173 0.9072
0 0.788050 0.377803 0.042109 0.176553 0.9061
0 0.844995 0.183790 0.310010 0.205954 0.9037
0 0.764311 0.584706 0.047156 0.183200 0.8953
0 0.019633 0.078832 0.039216 0.157664 0.8917
0 0.809086 0.575420 0.040436 0.199274 0.8909
0 0.757426 0.831071 0.057137 0.233332 0.8829
0 0.755943 0.368354 0.043090 0.159275 0.8787
0 0.684550 0.761742 0.051945 0.249256 0.8626
0 0.535846 0.450285 0.041693 0.187229 0.8528
0 0.358118 0.486687 0.047268 0.164628 0.8402
0 0.892497 0.350134 0.043348 0.122186 0.8392
0 0.915049 0.931979 0.041131 0.136042 0.8273
0 0.413481 0.576800 0.050600 0.176755 0.8181
0 0.612839 0.303687 0.056590 0.033409 0.8122
0 0.719694 0.373185 0.045813 0.161580 0.7739
0 0.148698 0.215619 0.055803 0.149076 0.6958
0 0.455403 0.323105 0.033890 0.068192 0.6820
0 0.894975 0.942123 0.064018 0.115754 0.6381
0 0.162367 0.093641 0.050065 0.181209 0.6297
0 0.349171 0.347794 0.039326 0.116097 0.6242
0 0.210067 0.726767 0.045119 0.232433 0.6216
0 0.476066 0.330062 0.034413 0.085172 0.5913
0 0.314729 0.485162 0.026232 0.163100 0.5837
0 0.402562 0.332305 0.033085 0.086514 0.5747
0 0.710110 0.323522 0.039666 0.070237 0.4955
0 0.857615 0.332333 0.043538 0.087913 0.4670
