0 0.735793 0.647319 0.048921 0.207312 0.9498
0 0.328689 0.792384 0.055687 0.214190 0.9484
0 0.709612 0.540251 0.046953 0.217390 0.9481
0 0.652420 0.109639 0.047140 0.128515 0.9367
0 0.420047 0.334852 0.043132 0.220426 0.9352
0 0.654258 0.050221 0.049021 0.100443 0.9311
0 0.369469 0.400087 0.045401 0.187123 0.9202
0 0.372508 0.256728 0.049433 0.125176 0.9122
0 0.439215 0.622863 0.056318 0.215686 0.9109
0 0.492834 0.143827 0.037726 0.168824 0.9107
0 0.968412 0.577515 0.060068 0.227157 0.9062
0 0.523594 0.041303 0.032605 0.082606 0.9051
0 0.398021 0.730024 0.051328 0.241752 0.9016
0 0.473195 0.330768 0.036740 0.181186 0.9007
0 0.513022 0.341218 0.040738 0.163908 0.8963
0 0.798212 0.066814 0.029377 0.133629 0.8895
0 0.378182 0.702148 0.039049 0.214518 0.8878
0 0.423802 0.212040 0.041838 0.129374 0.8833
0 0.522121 0.568208 0.053743 0.211684 0.8827
0 0.586861 0.492110 0.047339 0.243768 0.8755
0 0.521501 0.132201 0.040793 0.173156 0.8712
0 0.838541 0.069999 0.032076 0.137296 0.8658
0 0.393145 0.082328 0.038609 0.154263 0.8632
0 0.897497 0.115648 0.039261 0.159941 0.8543
0 0.774953 0.073610 0.030555 0.143593 0.8423
0 0.175101 0.200409 0.032737 0.158646 0.8412
0 0.423399 0.072726 0.033923 0.144867 0.8401
0 0.934527 0.249691 0.041220 0.155960 0.8056
0 0.885690 0.246303 0.043615 0.161977 0.8034
0 0.144297 0.308215 0.039461 0.186266 0.7939
0 0.237195 0.519345 0.046751 0.214741 0.7916
0 0.683031 0.234135 0.046822 0.174103 0.7912
0 0.108875 0.303756 0.041337 0.182284 0.7885
0 0.259092 0.053228 0.030157 0.105447 0.7807
0 0.232130 0.346402 0.036550 0.173255 0.7665
0 0.555486 0.137982 0.045079 0.162718 0.7574
0 0.942996 0.320399 0.045910 0.193587 0.7485
0 0.225387 0.038753 0.030003 0.077357 0.7427
0 0.203762 0.282167 0.036145 0.168803 0.7374
0 0.248997 0.145335 0.032991 0.157534 0.7238
0 0.222512 0.144521 0.033325 0.142064 0.7231
0 0.978315 0.314444 0.038326 0.206662 0.6898
0 0.195933 0.057352 0.031198 0.113946 0.6882
0 0.835354 0.320654 0.040435 0.152511 0.6624
0 0.561942 0.068386 0.034157 0.118515 0.6394
