0 0.709538 0.539607 0.046753 0.218935 0.9489
0 0.735773 0.647149 0.048484 0.206467 0.9483
0 0.422876 0.211562 0.041142 0.130183 0.9405
0 0.328866 0.790403 0.055240 0.213711 0.9390
0 0.654037 0.050107 0.049691 0.100214 0.9333
0 0.652329 0.109766 0.046919 0.129195 0.9309
0 0.420086 0.333942 0.043477 0.222919 0.9286
0 0.969196 0.581085 0.061329 0.215426 0.9273
0 0.369227 0.400539 0.044750 0.186528 0.9272
0 0.372489 0.256972 0.049326 0.124271 0.9162
0 0.796774 0.064388 0.029089 0.128775 0.8887
0 0.438787 0.551071 0.049429 0.199345 0.8766
0 0.474789 0.328461 0.035498 0.178540 0.8756
0 0.600235 0.540991 0.050201 0.243630 0.8753
0 0.524134 0.044987 0.035277 0.087702 0.8681
0 0.514952 0.341286 0.040573 0.161589 0.8666
0 0.521179 0.131046 0.042143 0.164436 0.8623
0 0.377502 0.700282 0.036364 0.216204 0.8582
0 0.398124 0.094040 0.040797 0.173799 0.8526
0 0.173681 0.197031 0.034148 0.158011 0.8524
0 0.888886 0.087201 0.039615 0.151795 0.8483
0 0.752431 0.196865 0.043530 0.173938 0.8434
0 0.538078 0.514226 0.046293 0.204824 0.8292
0 0.492372 0.138292 0.036692 0.166015 0.8176
0 0.256540 0.054133 0.031424 0.108267 0.8031
0 0.951759 0.280834 0.046252 0.177949 0.8028
0 0.963924 0.372053 0.047328 0.189377 0.8010
0 0.569813 0.206977 0.033671 0.158439 0.7963
0 0.222956 0.048608 0.027976 0.097215 0.7843
0 0.579278 0.099143 0.037367 0.143884 0.7660
0 0.856744 0.087436 0.030494 0.139216 0.7612
0 0.232524 0.443125 0.048115 0.160675 0.7576
0 0.863151 0.376307 0.046117 0.169300 0.7560
0 0.906920 0.286013 0.044336 0.162889 0.7428
0 0.442650 0.113454 0.042738 0.160089 0.7244
0 0.151284 0.268246 0.039703 0.173856 0.7104
0 0.195478 0.056965 0.029199 0.113931 0.6921
0 0.114047 0.364209 0.041303 0.203469 0.6811
0 0.991135 0.376853 0.017730 0.176694 0.6804
0 0.246965 0.564213 0.045432 0.222113 0.6784
0 0.259341 0.218826 0.030011 0.156946 0.6467
0 0.213018 0.310532 0.038802 0.152124 0.5760
0 0.223155 0.171527 0.036997 0.157190 0.5531
0 0.250098 0.156210 0.034649 0.163080 0.5275
