0 0.709529 0.539550 0.046792 0.218708 0.9498
0 0.735694 0.647136 0.048370 0.205635 0.9484
0 0.422840 0.213051 0.040737 0.127957 0.9398
0 0.328995 0.789698 0.055147 0.213343 0.9375
0 0.654169 0.050069 0.049498 0.100139 0.9315
0 0.652344 0.109532 0.046648 0.129167 0.9312
0 0.369122 0.400821 0.045184 0.187958 0.9299
0 0.969251 0.579677 0.061182 0.217029 0.9296
0 0.420116 0.333119 0.043564 0.223794 0.9288
0 0.372334 0.257154 0.049278 0.124388 0.9188
0 0.797241 0.064298 0.028398 0.128596 0.8949
0 0.521064 0.131012 0.041673 0.163970 0.8764
0 0.437901 0.546437 0.047497 0.194297 0.8749
0 0.474950 0.329835 0.035957 0.177567 0.8712
0 0.599726 0.542092 0.049939 0.245234 0.8689
0 0.379741 0.701537 0.039473 0.215261 0.8681
0 0.174666 0.198900 0.033141 0.153828 0.8577
0 0.524148 0.046532 0.035480 0.090768 0.8557
0 0.397816 0.095218 0.040919 0.173082 0.8533
0 0.752754 0.196263 0.044001 0.173149 0.8529
0 0.514773 0.341610 0.040531 0.160375 0.8507
0 0.889567 0.088830 0.038969 0.154064 0.8447
0 0.538979 0.508648 0.046491 0.200115 0.8356
0 0.492767 0.142062 0.036371 0.160881 0.8149
0 0.963952 0.373224 0.046587 0.187636 0.8024
0 0.952954 0.278570 0.045335 0.171589 0.8004
0 0.257233 0.052873 0.031067 0.105209 0.7942
0 0.223126 0.048706 0.027752 0.097411 0.7903
0 0.577929 0.101486 0.037280 0.137060 0.7851
0 0.570372 0.206376 0.034044 0.162736 0.7850
0 0.443150 0.115721 0.042516 0.162136 0.7668
0 0.197193 0.057174 0.027788 0.114348 0.7529
0 0.247451 0.575630 0.044145 0.223760 0.7521
0 0.153198 0.267337 0.039749 0.182849 0.7495
0 0.906635 0.286271 0.045601 0.162848 0.7431
0 0.857476 0.089057 0.030902 0.139538 0.7425
0 0.232945 0.440112 0.046972 0.162248 0.7346
0 0.863374 0.374901 0.047413 0.168511 0.6930
0 0.259933 0.218582 0.029926 0.161486 0.6924
0 0.991231 0.378732 0.017538 0.176432 0.6813
0 0.111750 0.371645 0.044276 0.198385 0.6450
0 0.222175 0.188461 0.038647 0.142715 0.5783
0 0.251035 0.156812 0.033345 0.158353 0.5350
0 0.214420 0.315139 0.040137 0.147092 0.4846
