0 0.617106 0.121676 0.043353 0.223119 0.9375
0 0.094610 0.078175 0.042394 0.154948 0.9298
0 0.147325 0.111248 0.046577 0.192668 0.9251
0 0.666753 0.712642 0.493160 0.290669 0.9177
0 0.665182 0.049009 0.050628 0.098019 0.9078
0 0.614111 0.027177 0.045021 0.054354 0.9067
0 0.506907 0.393794 0.059063 0.191211 0.9063
0 0.074790 0.337555 0.059012 0.228006 0.9015
0 0.459727 0.164284 0.059035 0.207640 0.8900
0 0.190683 0.448784 0.058133 0.088539 0.8882
0 0.559829 0.090096 0.039355 0.178810 0.8710
0 0.039450 0.065364 0.036891 0.130729 0.8590
0 0.117904 0.413759 0.055131 0.160421 0.8488
0 0.647544 0.186523 0.042981 0.197056 0.8460
0 0.581031 0.419149 0.050696 0.141302 0.8438
0 0.138040 0.401527 0.040438 0.182409 0.8365
0 0.519119 0.094334 0.040356 0.171216 0.8327
0 0.278503 0.232974 0.048343 0.232524 0.8039
0 0.962029 0.155839 0.044383 0.226122 0.7666
0 0.288906 0.071810 0.044818 0.143621 0.7617
0 0.009302 0.070865 0.018604 0.141729 0.7390
0 0.839426 0.059514 0.037096 0.119029 0.7349
0 0.816227 0.103439 0.037158 0.181745 0.7058
0 0.591872 0.460311 0.055217 0.059155 0.6763
0 0.827201 0.254408 0.053957 0.217572 0.6708
0 0.908246 0.027756 0.033045 0.055512 0.6461
0 0.147228 0.014350 0.050824 0.028626 0.6406
0 0.867714 0.052750 0.036364 0.105500 0.5827
0 0.386258 0.060274 0.057966 0.120547 0.5672
0 0.008279 0.263762 0.016558 0.216021 0.5339
0 0.317832 0.040465 0.031077 0.080929 0.4919
