0 0.753799 0.806911 0.279307 0.326817 0.9568
0 0.557232 0.799065 0.213208 0.399082 0.9521
0 0.154346 0.123209 0.051599 0.133031 0.9402
0 0.157674 0.276065 0.047758 0.198718 0.9383
0 0.104426 0.207273 0.045573 0.233165 0.9366
0 0.671201 0.341034 0.124403 0.406346 0.9198
0 0.102079 0.077369 0.045434 0.138460 0.9062
0 0.082441 0.439707 0.052786 0.231125 0.8760
0 0.047725 0.204224 0.038795 0.193585 0.8695
0 0.370756 0.780437 0.150121 0.149334 0.8551
0 0.149881 0.543804 0.036038 0.129326 0.8516
0 0.274341 0.083037 0.032525 0.162449 0.8246
0 0.028129 0.047992 0.039462 0.095984 0.8034
0 0.361031 0.069339 0.033489 0.135572 0.8006
0 0.013520 0.215035 0.027007 0.177905 0.7890
0 0.317898 0.185832 0.041932 0.172082 0.7536
0 0.311352 0.059704 0.040531 0.117461 0.6817
0 0.383682 0.137811 0.042122 0.186164 0.6734
0 0.426821 0.229895 0.045271 0.206895 0.6717
0 0.287654 0.452166 0.042473 0.230999 0.6453
0 0.009518 0.038528 0.018962 0.077056 0.6217
0 0.304285 0.322790 0.051884 0.164897 0.6054
