0 0.362041 0.115984 0.050828 0.212833 0.9431
0 0.614678 0.765535 0.198418 0.468930 0.9368
0 0.282787 0.622604 0.045982 0.198890 0.9363
0 0.335458 0.558945 0.044272 0.215727 0.9308
0 0.286272 0.494561 0.051218 0.087491 0.9140
0 0.240805 0.956999 0.055213 0.086001 0.9096
0 0.440702 0.777053 0.055618 0.220477 0.9049
0 0.057926 0.076877 0.054925 0.153754 0.9028
0 0.336452 0.059995 0.046615 0.115273 0.9019
0 0.355503 0.837107 0.056518 0.216227 0.8897
0 0.933741 0.691481 0.103419 0.361057 0.8722
0 0.390395 0.547375 0.038969 0.181892 0.8721
0 0.854813 0.310184 0.061192 0.212224 0.8636
0 0.336581 0.471189 0.041454 0.041911 0.8632
0 0.744277 0.325571 0.051952 0.206676 0.8558
0 0.638305 0.311723 0.071036 0.195777 0.8544
0 0.972060 0.277945 0.055881 0.249366 0.8537
0 0.432493 0.562357 0.041447 0.170409 0.8522
0 0.150282 0.049978 0.051545 0.099155 0.8453
0 0.701621 0.273903 0.050703 0.199196 0.8430
0 0.291209 0.908232 0.037511 0.181276 0.8423
0 0.785120 0.344615 0.055610 0.185095 0.8422
0 0.666490 0.243009 0.046585 0.195267 0.8421
0 0.810149 0.302472 0.047080 0.202186 0.8394
0 0.837583 0.196461 0.042756 0.098515 0.8049
0 0.308836 0.918173 0.055799 0.163241 0.7926
0 0.522668 0.323076 0.074037 0.206866 0.7919
0 0.222582 0.067052 0.049505 0.134105 0.7913
0 0.586032 0.325158 0.058748 0.213894 0.7853
0 0.704337 0.082901 0.047726 0.146693 0.7813
0 0.740164 0.103895 0.049014 0.127811 0.7790
0 0.932146 0.262747 0.063513 0.226323 0.7748
0 0.893544 0.255420 0.054976 0.191282 0.7639
0 0.790945 0.201960 0.043392 0.114096 0.7615
0 0.497108 0.196223 0.050228 0.114733 0.7485
0 0.614183 0.186720 0.056023 0.145775 0.7284
0 0.565592 0.192241 0.043813 0.113941 0.7241
0 0.782819 0.058013 0.047198 0.116027 0.7104
0 0.526079 0.152485 0.047876 0.140916 0.7082
0 0.832180 0.077419 0.044006 0.152066 0.6854
0 0.809057 0.130855 0.037388 0.134065 0.6796
0 0.701301 0.164989 0.045263 0.097981 0.6707
0 0.746504 0.218599 0.051040 0.132919 0.6688
0 0.148259 0.749643 0.051090 0.220896 0.6647
0 0.657867 0.114496 0.047954 0.129184 0.6616
0 0.611501 0.092479 0.047867 0.126925 0.6545
0 0.639906 0.045260 0.039467 0.090109 0.6428
0 0.908189 0.167042 0.041125 0.090787 0.6416
0 0.545146 0.271800 0.048091 0.172854 0.6126
0 0.028179 0.560828 0.045538 0.179601 0.6045
0 0.867081 0.060021 0.041578 0.116961 0.5893
0 0.573894 0.120442 0.044300 0.108307 0.5716
0 0.140820 0.554368 0.036894 0.178363 0.5402
0 0.782874 0.141678 0.044741 0.101442 0.5333
0 0.007658 0.166713 0.015248 0.239776 0.5274
0 0.988783 0.131667 0.022434 0.191174 0.5246
0 0.746088 0.199049 0.051621 0.091832 0.5173
0 0.952105 0.095990 0.055965 0.119654 0.5034
0 0.969492 0.038646 0.047461 0.077293 0.4984
0 0.563781 0.054249 0.049949 0.105008 0.4847
0 0.811884 0.030649 0.032197 0.061299 0.4793
0 0.956897 0.158154 0.050523 0.118148 0.4670
0 0.806435 0.113929 0.042432 0.121281 0.4660
0 0.588500 0.044455 0.034197 0.088065 0.4335
0 0.917695 0.056190 0.044239 0.107090 0.4271
0 0.671444 0.046621 0.036159 0.091819 0.4238
0 0.122514 0.504778 0.038157 0.108523 0.4122
0 0.894752 0.115542 0.058029 0.114721 0.4014
