0 0.097565 0.260575 0.052535 0.241306 0.9460
0 0.126425 0.381899 0.054893 0.231451 0.9433
0 0.119278 0.897280 0.061056 0.205441 0.9087
0 0.108082 0.680959 0.045732 0.185902 0.8949
0 0.193724 0.870545 0.056261 0.258910 0.8838
0 0.026594 0.923156 0.053141 0.153688 0.8762
0 0.062453 0.665247 0.040687 0.204429 0.8704
0 0.309766 0.888141 0.021500 0.223719 0.8595
0 0.013030 0.671028 0.025667 0.252350 0.8594
0 0.013435 0.550095 0.026869 0.100142 0.7889
0 0.464682 0.887773 0.047541 0.224454 0.6458
0 0.655901 0.837947 0.032195 0.155696 0.6201
0 0.081627 0.524969 0.039952 0.049442 0.5586
0 0.960240 0.819964 0.025812 0.114507 0.5228
0 0.980005 0.819225 0.024478 0.119154 0.5213
0 0.261725 0.073574 0.047266 0.147149 0.4916
0 0.118157 0.523244 0.043529 0.046365 0.4777
0 0.694684 0.810313 0.022210 0.133868 0.4265
0 0.159630 0.524317 0.051754 0.049113 0.4212
