0 0.709613 0.539441 0.046822 0.218429 0.9495
0 0.735643 0.647279 0.048331 0.206672 0.9488
0 0.328837 0.791032 0.055838 0.210736 0.9479
0 0.419921 0.334058 0.043068 0.224047 0.9359
0 0.652213 0.109155 0.046598 0.129036 0.9353
0 0.653958 0.050208 0.048525 0.100415 0.9282
0 0.969273 0.582056 0.060322 0.221193 0.9280
0 0.369475 0.400485 0.045279 0.187356 0.9270
0 0.422956 0.210179 0.042639 0.130551 0.9255
0 0.372405 0.256528 0.049238 0.125225 0.9142
0 0.493322 0.144554 0.038451 0.162215 0.9027
0 0.440321 0.605442 0.055349 0.221025 0.9001
0 0.474258 0.325770 0.037284 0.177910 0.8956
0 0.523797 0.045530 0.034065 0.090050 0.8904
0 0.514894 0.341448 0.040854 0.160438 0.8833
0 0.524630 0.551977 0.055635 0.215431 0.8690
0 0.377742 0.698094 0.037047 0.209392 0.8614
0 0.258582 0.053691 0.029048 0.106076 0.8603
0 0.797546 0.066634 0.029499 0.133268 0.8602
0 0.591055 0.513006 0.049083 0.243236 0.8551
0 0.522997 0.135047 0.041365 0.164693 0.8529
0 0.396482 0.091389 0.039072 0.164582 0.8524
0 0.723568 0.213219 0.035704 0.164638 0.8273
0 0.175855 0.195405 0.031688 0.167773 0.8176
0 0.224318 0.042288 0.027436 0.084577 0.7972
0 0.834134 0.322144 0.040387 0.166252 0.7918
0 0.199331 0.054009 0.030702 0.108019 0.7897
0 0.895035 0.103728 0.035165 0.155059 0.7876
0 0.935301 0.251055 0.042096 0.148788 0.7872
0 0.129636 0.284642 0.037391 0.151367 0.7663
0 0.238434 0.521810 0.051927 0.223809 0.7594
0 0.945860 0.327072 0.046399 0.197015 0.7528
0 0.885633 0.251945 0.039632 0.158841 0.7507
0 0.555616 0.141360 0.039353 0.164131 0.7144
0 0.845940 0.071860 0.029937 0.137723 0.7035
0 0.442432 0.102033 0.037481 0.155979 0.6938
0 0.777898 0.071831 0.029311 0.141633 0.6856
0 0.566430 0.085741 0.034802 0.119133 0.6856
0 0.249195 0.141691 0.034975 0.157720 0.6352
0 0.232373 0.339542 0.037378 0.171215 0.6254
0 0.221037 0.146517 0.035055 0.146450 0.6179
0 0.980016 0.319539 0.037345 0.204544 0.5990
0 0.396794 0.732524 0.050371 0.243161 0.5897
0 0.204330 0.278422 0.035179 0.160791 0.5402
0 0.423616 0.074440 0.034007 0.148682 0.5322
0 0.233381 0.370030 0.041520 0.185702 0.4947
0 0.116513 0.345126 0.047665 0.187244 0.4314
