0 0.276296 0.397766 0.056968 0.202957 0.9456
0 0.922562 0.287275 0.152079 0.412837 0.9074
0 0.316619 0.051757 0.045650 0.103452 0.9070
0 0.388366 0.216127 0.056067 0.223168 0.9012
0 0.325964 0.308930 0.037468 0.211869 0.8883
0 0.539088 0.122747 0.049848 0.227571 0.8776
0 0.473057 0.158960 0.054698 0.210953 0.8716
0 0.367879 0.027209 0.039583 0.053162 0.8210
0 0.018544 0.933891 0.031284 0.128121 0.8197
0 0.049643 0.933504 0.036502 0.128223 0.8163
0 0.103405 0.919598 0.024955 0.122061 0.7682
0 0.345420 0.343683 0.053553 0.253650 0.7592
0 0.239046 0.891853 0.019122 0.086135 0.7138
0 0.185017 0.123615 0.051503 0.217509 0.7024
0 0.255801 0.891057 0.017432 0.082893 0.6888
0 0.179041 0.039529 0.040232 0.079059 0.6862
0 0.441240 0.873108 0.015486 0.067818 0.6302
0 0.480905 0.878060 0.022099 0.089643 0.6198
0 0.537545 0.870514 0.024556 0.086761 0.5827
0 0.793035 0.187624 0.028841 0.100923 0.5825
0 0.297513 0.876131 0.016177 0.063871 0.5512
0 0.315009 0.877229 0.015798 0.070696 0.5336
0 0.424135 0.015845 0.034968 0.031689 0.4826
0 0.121643 0.919974 0.019434 0.112518 0.4690
0 0.184165 0.886723 0.026370 0.089934 0.4479
0 0.160902 0.894654 0.021717 0.086425 0.4266
0 0.576337 0.862768 0.014198 0.058051 0.4264
