0 0.709553 0.539857 0.046766 0.218084 0.9499
0 0.735841 0.647537 0.048227 0.206609 0.9479
0 0.328882 0.792286 0.056345 0.213034 0.9470
0 0.419878 0.334877 0.043161 0.222767 0.9360
0 0.654013 0.050426 0.048832 0.100853 0.9352
0 0.652140 0.110445 0.046656 0.128830 0.9334
0 0.969418 0.580700 0.059899 0.215859 0.9285
0 0.369454 0.400389 0.045608 0.187764 0.9269
0 0.372408 0.256066 0.049626 0.125492 0.9151
0 0.423235 0.210972 0.041999 0.128849 0.9117
0 0.493979 0.144829 0.037327 0.162927 0.9050
0 0.474470 0.326552 0.037251 0.178150 0.9044
0 0.440139 0.618458 0.056668 0.232026 0.8942
0 0.523075 0.564825 0.054739 0.217554 0.8851
0 0.797789 0.067471 0.031337 0.134824 0.8830
0 0.396449 0.730113 0.054714 0.246965 0.8829
0 0.586854 0.503150 0.047666 0.230995 0.8808
0 0.523506 0.042226 0.033806 0.084237 0.8802
0 0.378069 0.700045 0.037790 0.214168 0.8708
0 0.514683 0.339441 0.040016 0.163823 0.8701
0 0.843035 0.072726 0.031660 0.138975 0.8587
0 0.522608 0.131952 0.041881 0.175635 0.8568
0 0.258925 0.054032 0.030443 0.107142 0.8552
0 0.397009 0.093033 0.039442 0.170008 0.8439
0 0.896045 0.108854 0.036582 0.156980 0.8260
0 0.174177 0.194167 0.031060 0.164899 0.8189
0 0.225107 0.042074 0.027759 0.084148 0.8177
0 0.936002 0.251667 0.042013 0.150416 0.8131
0 0.423872 0.074051 0.036054 0.147572 0.8084
0 0.725561 0.213444 0.040528 0.174147 0.8074
0 0.554497 0.138870 0.041943 0.162917 0.8060
0 0.775898 0.074476 0.029998 0.146097 0.7992
0 0.887460 0.251366 0.041822 0.158055 0.7925
0 0.235938 0.514908 0.050431 0.209903 0.7922
0 0.835374 0.323323 0.040271 0.158682 0.7634
0 0.232633 0.348436 0.038471 0.169857 0.7628
0 0.945657 0.328892 0.045633 0.198646 0.7219
0 0.198086 0.055086 0.029771 0.110172 0.7015
0 0.565159 0.078755 0.035144 0.118365 0.6998
0 0.220391 0.141254 0.035605 0.143706 0.6564
0 0.977533 0.324673 0.037212 0.201490 0.6556
0 0.205500 0.286373 0.034056 0.161421 0.6439
0 0.253615 0.144799 0.034370 0.161889 0.6300
0 0.142719 0.265237 0.037315 0.179900 0.4085
