0 0.735647 0.647712 0.048335 0.206320 0.9482
0 0.709459 0.539447 0.046436 0.218460 0.9480
0 0.328905 0.790512 0.055018 0.214361 0.9389
0 0.653901 0.050335 0.050076 0.100670 0.9349
0 0.969251 0.582220 0.061255 0.215608 0.9343
0 0.420266 0.333872 0.043800 0.222671 0.9308
0 0.368951 0.400719 0.044769 0.188139 0.9304
0 0.652493 0.109809 0.047006 0.130329 0.9284
0 0.422842 0.211855 0.042674 0.129316 0.9247
0 0.372365 0.256442 0.048802 0.123528 0.9167
0 0.796987 0.063620 0.028083 0.127240 0.8817
0 0.753345 0.194815 0.043084 0.171403 0.8736
0 0.438219 0.544836 0.044852 0.205874 0.8720
0 0.540882 0.503127 0.046256 0.203689 0.8673
0 0.475148 0.329859 0.036292 0.174514 0.8615
0 0.521443 0.130006 0.040664 0.164129 0.8584
0 0.524231 0.045184 0.034868 0.089121 0.8558
0 0.600161 0.540467 0.051041 0.242423 0.8505
0 0.397563 0.097216 0.040164 0.172440 0.8482
0 0.257871 0.052077 0.029119 0.103942 0.8415
0 0.949255 0.279848 0.048857 0.180912 0.8392
0 0.571040 0.208063 0.035288 0.164264 0.8377
0 0.514671 0.342930 0.041471 0.158546 0.8314
0 0.492569 0.136274 0.036455 0.163471 0.8294
0 0.889866 0.088295 0.038644 0.155581 0.8176
0 0.964123 0.367934 0.047527 0.188320 0.8049
0 0.381127 0.702556 0.042145 0.217523 0.8015
0 0.858322 0.087214 0.028492 0.142666 0.7862
0 0.247838 0.583582 0.044536 0.227095 0.7827
0 0.578545 0.103023 0.036286 0.135850 0.7738
0 0.232556 0.441546 0.048547 0.158096 0.7648
0 0.175815 0.199928 0.032093 0.147784 0.7637
0 0.222060 0.047521 0.027228 0.095043 0.7614
0 0.443864 0.113500 0.041969 0.161014 0.7570
0 0.153620 0.268256 0.040365 0.181891 0.7453
0 0.197694 0.056295 0.028141 0.109976 0.7419
0 0.904482 0.289436 0.048333 0.166844 0.7389
0 0.259344 0.221228 0.031226 0.158580 0.7328
0 0.861461 0.373903 0.043286 0.173231 0.7284
0 0.220901 0.208482 0.039384 0.140875 0.7164
0 0.989605 0.365799 0.020790 0.180417 0.6945
0 0.108411 0.382061 0.047217 0.188579 0.6390
0 0.215218 0.311633 0.041489 0.152078 0.5457
0 0.253183 0.146838 0.031350 0.138096 0.4602
