0 0.636428 0.614821 0.211200 0.167904 0.8663
0 0.245072 0.424530 0.021661 0.108134 0.8231
0 0.104497 0.289878 0.019985 0.114930 0.8037
0 0.204071 0.322199 0.022579 0.115594 0.7456
0 0.192672 0.182320 0.017341 0.090801 0.7006
0 0.212352 0.178142 0.017230 0.105935 0.6932
0 0.173196 0.300871 0.020066 0.116358 0.6802
0 0.009916 0.315087 0.019833 0.106553 0.6595
0 0.017704 0.172491 0.021464 0.089560 0.6313
0 0.096636 0.350222 0.017640 0.111109 0.6287
0 0.149794 0.275348 0.018962 0.130056 0.6276
0 0.055134 0.036423 0.014919 0.070974 0.6106
0 0.124985 0.056305 0.018592 0.072887 0.5993
0 0.176797 0.186795 0.017441 0.087565 0.5667
0 0.317401 0.173540 0.020185 0.096206 0.5402
0 0.005697 0.169859 0.011031 0.085545 0.5165
0 0.229232 0.375021 0.017417 0.114191 0.5149
0 0.172807 0.023887 0.018401 0.047774 0.4975
0 0.072933 0.035339 0.014904 0.069952 0.4846
0 0.282742 0.209854 0.016535 0.089399 0.4781
0 0.054209 0.180424 0.018916 0.088091 0.4738
0 0.277196 0.285679 0.018254 0.106308 0.4728
0 0.157388 0.048705 0.015907 0.078198 0.4680
0 0.228184 0.137201 0.017336 0.068216 0.4620
0 0.231100 0.206333 0.015548 0.091199 0.4567
0 0.016085 0.130349 0.020014 0.085448 0.4438
0 0.044617 0.131173 0.018921 0.082666 0.4384
0 0.179437 0.072538 0.016811 0.086811 0.4329
0 0.175835 0.069299 0.019368 0.094719 0.4268
0 0.305480 0.098377 0.015027 0.082249 0.4242
0 0.206678 0.100848 0.016950 0.073835 0.4213
0 0.290505 0.164014 0.016550 0.085653 0.4076
