0 0.456672 0.163013 0.050997 0.236368 0.9475
0 0.483146 0.281952 0.050615 0.222169 0.9440
0 0.816901 0.302007 0.365708 0.598701 0.9411
0 0.042049 0.439314 0.058998 0.232248 0.9408
0 0.147504 0.398258 0.059316 0.275470 0.9137
0 0.085444 0.056641 0.047307 0.113281 0.9075
0 0.313398 0.087425 0.055326 0.174849 0.8985
0 0.253411 0.232638 0.057447 0.238180 0.8974
0 0.093905 0.338356 0.040706 0.233843 0.8850
0 0.167996 0.285540 0.056325 0.237610 0.8484
0 0.140195 0.031344 0.043965 0.062101 0.8138
0 0.244165 0.017046 0.042866 0.032800 0.6294
