0 0.841948 0.818131 0.293288 0.351580 0.9508
0 0.187474 0.460834 0.058640 0.192248 0.9448
0 0.058903 0.872764 0.051855 0.251028 0.9243
0 0.691961 0.290635 0.153552 0.399344 0.9117
0 0.229087 0.083265 0.047364 0.166530 0.8914
0 0.236956 0.376953 0.041858 0.220216 0.8882
0 0.088586 0.600519 0.044248 0.086016 0.8872
0 0.198190 0.863701 0.062224 0.249796 0.8872
0 0.129044 0.899624 0.054595 0.197040 0.8816
0 0.282467 0.057376 0.044027 0.112651 0.8741
0 0.288545 0.429838 0.058206 0.253963 0.8543
0 0.011893 0.948581 0.023237 0.102203 0.8395
0 0.053221 0.624148 0.037104 0.132979 0.8319
0 0.244304 0.622451 0.060264 0.128865 0.8255
0 0.474894 0.290681 0.183370 0.434174 0.8206
0 0.143884 0.933373 0.069576 0.133253 0.8069
0 0.082901 0.048786 0.036104 0.097573 0.7994
0 0.300180 0.334875 0.041293 0.250264 0.7921
0 0.078980 0.160364 0.051769 0.225026 0.6398
