0 0.148151 0.358307 0.050014 0.208390 0.9546
0 0.121643 0.247756 0.047239 0.220368 0.9487
0 0.160174 0.780388 0.273359 0.439225 0.8811
0 0.477826 0.573695 0.052503 0.068935 0.8138
0 0.652702 0.352981 0.102272 0.289896 0.7878
0 0.513151 0.321181 0.096358 0.368814 0.7682
0 0.591681 0.308441 0.082273 0.328516 0.7616
0 0.867207 0.317661 0.106811 0.234964 0.7294
0 0.340164 0.051099 0.038672 0.101467 0.6844
0 0.723962 0.393133 0.168382 0.198304 0.5461
0 0.007469 0.124567 0.014937 0.214654 0.5379
0 0.801871 0.265866 0.130255 0.105539 0.5097
