0 0.114786 0.279665 0.053492 0.223835 0.9632
0 0.111795 0.723314 0.223590 0.464430 0.9550
0 0.143290 0.162158 0.050362 0.232855 0.9456
0 0.331777 0.714785 0.134169 0.280101 0.9309
0 0.208776 0.710397 0.155724 0.406426 0.9281
0 0.772674 0.827587 0.351752 0.344654 0.9229
0 0.898225 0.799580 0.203524 0.239574 0.8959
0 0.273308 0.120500 0.051361 0.238146 0.8873
0 0.344363 0.183858 0.057909 0.230051 0.8712
0 0.612287 0.198359 0.060475 0.265222 0.8367
0 0.519319 0.841800 0.182318 0.316401 0.8197
0 0.416602 0.238188 0.027324 0.206932 0.7012
0 0.353951 0.020654 0.040007 0.041308 0.6265
