0 0.735878 0.647715 0.048583 0.205981 0.9494
0 0.328902 0.792401 0.056049 0.214310 0.9488
0 0.710133 0.540242 0.046534 0.216809 0.9469
0 0.652557 0.109636 0.047754 0.131110 0.9346
0 0.654373 0.049803 0.048372 0.099607 0.9339
0 0.419931 0.335147 0.043043 0.220274 0.9329
0 0.372577 0.257203 0.049798 0.125836 0.9140
0 0.369224 0.399963 0.045061 0.186096 0.9120
0 0.423239 0.212236 0.041327 0.128150 0.9091
0 0.493184 0.140548 0.037163 0.169066 0.8954
0 0.377427 0.698737 0.038245 0.213008 0.8954
0 0.514130 0.342620 0.040226 0.173214 0.8906
0 0.474905 0.330247 0.037527 0.186374 0.8873
0 0.524010 0.044030 0.033804 0.088060 0.8856
0 0.440474 0.629607 0.055412 0.211396 0.8796
0 0.833343 0.066754 0.031960 0.132443 0.8661
0 0.405474 0.741197 0.043749 0.242204 0.8653
0 0.520760 0.129855 0.036993 0.168597 0.8635
0 0.389907 0.075591 0.037809 0.149881 0.8612
0 0.799631 0.065724 0.027903 0.131448 0.8608
0 0.953741 0.531836 0.051588 0.183414 0.8603
0 0.422327 0.067905 0.036064 0.134991 0.8549
0 0.174984 0.198850 0.034438 0.157702 0.8528
0 0.682714 0.236481 0.043833 0.168792 0.8516
0 0.521769 0.583795 0.053592 0.210649 0.8478
0 0.800072 0.262774 0.042542 0.145821 0.8460
0 0.580818 0.451417 0.049965 0.203976 0.8403
0 0.898583 0.117029 0.037125 0.155596 0.8264
0 0.776267 0.072286 0.030962 0.143983 0.8235
0 0.554928 0.143121 0.044839 0.167941 0.8077
0 0.231932 0.340698 0.037726 0.173232 0.8075
0 0.932129 0.305256 0.043559 0.193181 0.7944
0 0.870946 0.226314 0.042986 0.158557 0.7683
0 0.224055 0.037853 0.027876 0.074308 0.7647
0 0.230103 0.497430 0.048427 0.199403 0.7636
0 0.984384 0.523579 0.031231 0.186840 0.7544
0 0.966007 0.299505 0.036515 0.186678 0.7490
0 0.203681 0.277290 0.036608 0.172523 0.7172
0 0.253354 0.135205 0.033602 0.153845 0.6987
0 0.552820 0.048429 0.030956 0.096370 0.6968
0 0.921147 0.224722 0.041620 0.160862 0.6805
0 0.105612 0.324889 0.037345 0.172591 0.6436
0 0.223242 0.145464 0.032574 0.138562 0.6432
0 0.198935 0.055024 0.030090 0.109088 0.5874
0 0.252283 0.045012 0.032103 0.090024 0.5838
0 0.795408 0.132569 0.028903 0.097410 0.5615
0 0.141855 0.304503 0.040125 0.182786 0.5365
0 0.976703 0.426840 0.041544 0.098907 0.5340
