0 0.735721 0.647624 0.048205 0.206624 0.9486
0 0.709709 0.539511 0.046890 0.219940 0.9482
0 0.422955 0.211211 0.041255 0.129193 0.9415
0 0.328817 0.792257 0.055937 0.209309 0.9410
0 0.419663 0.334262 0.043071 0.222585 0.9394
0 0.652496 0.109682 0.047073 0.129598 0.9346
0 0.369184 0.400936 0.045068 0.187179 0.9277
0 0.969632 0.582447 0.059791 0.213219 0.9274
0 0.654334 0.049694 0.049061 0.099388 0.9254
0 0.372470 0.256995 0.049648 0.125600 0.9138
0 0.441123 0.579127 0.055179 0.210693 0.9014
0 0.529097 0.521347 0.056688 0.204573 0.8956
0 0.524565 0.044165 0.035019 0.088161 0.8954
0 0.473032 0.325050 0.036563 0.178226 0.8929
0 0.797666 0.065615 0.028088 0.131231 0.8851
0 0.600336 0.539624 0.049820 0.250323 0.8756
0 0.514471 0.338166 0.042058 0.170801 0.8706
0 0.493457 0.140442 0.038263 0.165882 0.8665
0 0.522264 0.131651 0.041454 0.168691 0.8622
0 0.257747 0.051015 0.030113 0.102031 0.8502
0 0.377403 0.699446 0.036455 0.210924 0.8387
0 0.945477 0.273183 0.044696 0.168217 0.8297
0 0.398280 0.097066 0.040338 0.171057 0.8289
0 0.888784 0.087610 0.039005 0.160387 0.8265
0 0.901805 0.274169 0.041460 0.158320 0.8067
0 0.752891 0.200440 0.043275 0.166385 0.8035
0 0.223257 0.044114 0.027138 0.088229 0.7864
0 0.174215 0.194119 0.035223 0.163107 0.7727
0 0.198796 0.056886 0.028317 0.113772 0.7506
0 0.862220 0.370620 0.044525 0.171281 0.7378
0 0.443546 0.115351 0.038400 0.154305 0.7333
0 0.959167 0.353598 0.044821 0.197167 0.7310
0 0.852618 0.083038 0.028933 0.135727 0.7274
0 0.137070 0.278044 0.047564 0.173195 0.7089
0 0.568433 0.085097 0.036240 0.124186 0.7025
0 0.119478 0.350522 0.044407 0.186396 0.6917
0 0.554786 0.142308 0.039429 0.160438 0.6889
0 0.239667 0.517868 0.051181 0.219364 0.6304
0 0.231204 0.352248 0.037958 0.178320 0.6211
0 0.837650 0.329874 0.043863 0.155142 0.6083
0 0.247206 0.143254 0.036487 0.155179 0.5479
0 0.222492 0.156636 0.036929 0.165109 0.5324
0 0.255678 0.213090 0.028890 0.153053 0.5264
0 0.178605 0.056442 0.021508 0.111060 0.5198
0 0.986453 0.358005 0.026574 0.184362 0.5042
0 0.144966 0.272651 0.047040 0.174256 0.4604
0 0.253487 0.143072 0.033062 0.164349 0.4072
