0 0.913187 0.503467 0.054558 0.235648 0.9560
0 0.377450 0.312330 0.053423 0.243031 0.9529
0 0.406905 0.434667 0.055797 0.234888 0.9508
0 0.883582 0.379981 0.052776 0.246353 0.9471
0 0.313500 0.833260 0.048161 0.241371 0.9338
0 0.046978 0.103435 0.048477 0.206232 0.9241
0 0.688346 0.880671 0.276401 0.237043 0.9179
0 0.803808 0.074628 0.054883 0.149043 0.9157
0 0.155315 0.088570 0.048573 0.177141 0.9127
0 0.259256 0.759199 0.056002 0.101228 0.9061
0 0.165053 0.379064 0.061406 0.245472 0.9001
0 0.109133 0.085656 0.043828 0.170777 0.8941
0 0.725805 0.196592 0.060792 0.243120 0.8917
0 0.673431 0.518952 0.067874 0.280160 0.8891
0 0.228814 0.208447 0.057435 0.243815 0.8766
0 0.053115 0.552955 0.062415 0.282108 0.8702
0 0.599249 0.580348 0.061158 0.251962 0.8540
0 0.277436 0.897518 0.045433 0.204964 0.8515
0 0.075092 0.443275 0.058608 0.268012 0.8475
0 0.660619 0.103916 0.044715 0.181001 0.8446
0 0.313820 0.735679 0.049689 0.053884 0.8381
0 0.616960 0.097697 0.043602 0.189086 0.8365
0 0.350321 0.031080 0.046890 0.062161 0.8323
0 0.485986 0.876245 0.064148 0.245366 0.8279
0 0.618864 0.615938 0.069571 0.185789 0.8144
0 0.421476 0.806879 0.043048 0.180700 0.8063
0 0.564170 0.151849 0.028534 0.231152 0.7919
0 0.091039 0.803057 0.042524 0.188071 0.7581
0 0.071535 0.923240 0.062979 0.153521 0.7350
0 0.378395 0.803018 0.042460 0.182947 0.7349
0 0.007425 0.156480 0.014762 0.206510 0.6907
0 0.011540 0.030418 0.023079 0.056739 0.6781
0 0.481160 0.038257 0.044944 0.076100 0.6617
0 0.560222 0.037576 0.035769 0.074784 0.5703
0 0.976315 0.062013 0.039327 0.123177 0.4660
0 0.563109 0.048004 0.032278 0.094260 0.4099
