0 0.709670 0.540064 0.046662 0.217234 0.9500
0 0.735692 0.647656 0.048489 0.205920 0.9474
0 0.329324 0.792145 0.055382 0.212851 0.9468
0 0.652321 0.109375 0.047378 0.128599 0.9384
0 0.419938 0.334226 0.043075 0.223136 0.9339
0 0.654061 0.050428 0.049016 0.100855 0.9322
0 0.423076 0.212541 0.040853 0.122401 0.9312
0 0.425557 0.750612 0.060874 0.246596 0.9209
0 0.372456 0.257243 0.049257 0.124988 0.9131
0 0.514476 0.334523 0.041155 0.173607 0.9026
0 0.369175 0.400220 0.044969 0.186829 0.9015
0 0.833603 0.066043 0.033103 0.132087 0.8955
0 0.378501 0.698036 0.038287 0.209982 0.8935
0 0.492982 0.137253 0.036568 0.171805 0.8929
0 0.390254 0.073009 0.038455 0.146018 0.8841
0 0.952476 0.530898 0.049774 0.185475 0.8814
0 0.683283 0.236269 0.042861 0.170084 0.8808
0 0.579611 0.445971 0.049151 0.221240 0.8701
0 0.522988 0.598215 0.053210 0.220308 0.8672
0 0.444793 0.652549 0.052650 0.232051 0.8657
0 0.475097 0.323477 0.038287 0.187150 0.8653
0 0.520134 0.127593 0.034956 0.166623 0.8594
0 0.801207 0.261759 0.041802 0.145994 0.8449
0 0.796877 0.065027 0.028713 0.130054 0.8404
0 0.421696 0.071151 0.035680 0.141136 0.8256
0 0.986045 0.533064 0.027910 0.179626 0.8255
0 0.899075 0.115397 0.037686 0.156010 0.8244
0 0.554556 0.135760 0.042310 0.161200 0.8225
0 0.774784 0.071417 0.030892 0.142273 0.8191
0 0.871921 0.226298 0.043090 0.155685 0.8180
0 0.524679 0.045943 0.033600 0.091885 0.8149
0 0.960765 0.289888 0.036058 0.189554 0.8016
0 0.548375 0.050026 0.031012 0.100051 0.7866
0 0.924644 0.293857 0.040727 0.190747 0.7810
0 0.229298 0.335495 0.036373 0.176565 0.7785
0 0.172044 0.198559 0.032391 0.161929 0.7784
0 0.794549 0.125753 0.031499 0.108422 0.7620
0 0.205712 0.279472 0.036532 0.166692 0.7454
0 0.224589 0.482546 0.051286 0.198698 0.7357
0 0.253021 0.142455 0.034383 0.160446 0.7356
0 0.977371 0.439538 0.040403 0.100503 0.7185
0 0.919297 0.217056 0.038573 0.159545 0.7178
0 0.224559 0.040823 0.026655 0.080548 0.6724
0 0.161251 0.281714 0.041031 0.167795 0.6452
0 0.092738 0.336846 0.042488 0.163414 0.6357
0 0.220935 0.154423 0.032106 0.124543 0.4249
0 0.198690 0.052515 0.029041 0.103206 0.4119
