0 0.709448 0.539269 0.046802 0.219265 0.9489
0 0.735813 0.647400 0.048270 0.205727 0.9480
0 0.422802 0.212124 0.040796 0.128538 0.9398
0 0.328826 0.789439 0.056081 0.216315 0.9378
0 0.419845 0.334221 0.043165 0.223146 0.9346
0 0.654235 0.049730 0.050012 0.099460 0.9322
0 0.969615 0.583085 0.060516 0.216540 0.9310
0 0.652623 0.110072 0.047124 0.129359 0.9298
0 0.369102 0.401080 0.044966 0.186487 0.9265
0 0.372510 0.257024 0.049291 0.125231 0.9159
0 0.440418 0.570597 0.053533 0.219724 0.8973
0 0.796461 0.066859 0.028593 0.133718 0.8824
0 0.600356 0.539519 0.048945 0.238589 0.8820
0 0.524337 0.044381 0.034798 0.088177 0.8748
0 0.473704 0.325758 0.036849 0.178803 0.8720
0 0.529677 0.520856 0.055218 0.210956 0.8720
0 0.888122 0.085686 0.041385 0.155172 0.8611
0 0.513850 0.342488 0.039628 0.160625 0.8540
0 0.522027 0.131982 0.041746 0.167252 0.8497
0 0.397634 0.094327 0.039956 0.171278 0.8450
0 0.950678 0.275746 0.047956 0.170762 0.8433
0 0.176075 0.196790 0.032623 0.158707 0.8431
0 0.754207 0.195989 0.045031 0.166327 0.8406
0 0.493024 0.139880 0.037095 0.167240 0.8323
0 0.257494 0.051558 0.030162 0.103116 0.8323
0 0.862705 0.379208 0.044780 0.163727 0.8317
0 0.378021 0.701636 0.037908 0.214514 0.8283
0 0.961261 0.363372 0.045158 0.190118 0.8134
0 0.904599 0.280923 0.043052 0.166865 0.8009
0 0.854832 0.086634 0.031451 0.143021 0.7976
0 0.443297 0.119203 0.040965 0.163944 0.7778
0 0.223999 0.046448 0.027820 0.092897 0.7778
0 0.197418 0.056100 0.029219 0.111243 0.7398
0 0.989554 0.368727 0.020892 0.180405 0.6836
0 0.573786 0.097870 0.036169 0.137013 0.6834
0 0.231302 0.431240 0.046962 0.162890 0.6799
0 0.150633 0.272836 0.043447 0.171288 0.6554
0 0.223421 0.163762 0.035880 0.157993 0.5618
0 0.120675 0.355210 0.045044 0.183906 0.5598
0 0.213255 0.303728 0.037511 0.158284 0.5579
0 0.567063 0.198780 0.036008 0.168770 0.5514
0 0.257851 0.215341 0.030004 0.155338 0.5462
0 0.248751 0.145801 0.035772 0.153128 0.5437
0 0.174220 0.053860 0.026210 0.107175 0.4189
0 0.251597 0.561581 0.041329 0.216593 0.4105
