0 0.709463 0.539709 0.046944 0.217755 0.9494
0 0.735720 0.647728 0.048666 0.206513 0.9485
0 0.328936 0.792566 0.056490 0.214279 0.9465
0 0.419970 0.334712 0.043467 0.222255 0.9378
0 0.652106 0.110022 0.046696 0.129733 0.9353
0 0.654234 0.049820 0.049199 0.099640 0.9294
0 0.369348 0.400380 0.045320 0.187820 0.9249
0 0.969016 0.580152 0.060180 0.217945 0.9243
0 0.372552 0.256406 0.049749 0.125863 0.9138
0 0.439126 0.615033 0.056613 0.213152 0.9098
0 0.423933 0.210710 0.042043 0.129294 0.9093
0 0.474272 0.329744 0.037774 0.179807 0.8999
0 0.841352 0.071395 0.032523 0.137890 0.8990
0 0.523034 0.042724 0.033189 0.085448 0.8953
0 0.493782 0.144026 0.038764 0.169260 0.8921
0 0.514204 0.344632 0.040005 0.160014 0.8885
0 0.586807 0.498765 0.047262 0.235747 0.8813
0 0.522462 0.566678 0.053009 0.210923 0.8812
0 0.797811 0.067175 0.030680 0.134291 0.8781
0 0.396577 0.729651 0.051172 0.243707 0.8635
0 0.377257 0.700084 0.037656 0.210414 0.8575
0 0.395861 0.087192 0.039506 0.168239 0.8518
0 0.896291 0.111081 0.037713 0.156945 0.8452
0 0.174181 0.196849 0.031168 0.161012 0.8382
0 0.522032 0.132006 0.042408 0.176699 0.8327
0 0.258149 0.053506 0.032401 0.106429 0.8246
0 0.725814 0.213055 0.040789 0.172267 0.8241
0 0.888147 0.253416 0.040771 0.156295 0.8151
0 0.935846 0.254048 0.042106 0.158937 0.8105
0 0.238498 0.519243 0.050241 0.226261 0.7995
0 0.775351 0.072599 0.031131 0.141298 0.7988
0 0.224929 0.042182 0.029191 0.083535 0.7760
0 0.232526 0.339673 0.037898 0.176113 0.7706
0 0.205459 0.289306 0.034524 0.158514 0.7695
0 0.423196 0.074612 0.033126 0.148342 0.7619
0 0.833887 0.323725 0.041596 0.162298 0.7552
0 0.224533 0.144003 0.035727 0.139595 0.7403
0 0.945658 0.331209 0.045126 0.198480 0.7300
0 0.554236 0.139889 0.041326 0.160978 0.7067
0 0.977538 0.322291 0.036196 0.199429 0.6926
0 0.565465 0.075795 0.036320 0.129279 0.6822
0 0.149311 0.294650 0.043236 0.183390 0.5950
0 0.114472 0.303521 0.036040 0.172155 0.5802
0 0.193635 0.057219 0.031079 0.114439 0.5690
0 0.198238 0.050525 0.030397 0.101050 0.5082
0 0.250560 0.150898 0.034129 0.149295 0.4812
0 0.981768 0.446724 0.035806 0.089289 0.4155
