0 0.143875 0.262571 0.049030 0.223691 0.9480
0 0.116523 0.358035 0.051730 0.184056 0.9404
0 0.442076 0.082096 0.043529 0.164192 0.9236
0 0.285258 0.102810 0.057692 0.203528 0.9123
0 0.345415 0.058433 0.041593 0.116053 0.9068
0 0.333637 0.340858 0.060413 0.217743 0.9017
0 0.407506 0.367141 0.051219 0.167390 0.8732
0 0.798883 0.821370 0.101125 0.349809 0.8583
0 0.384624 0.054510 0.037059 0.109020 0.8557
0 0.476683 0.120368 0.044413 0.195265 0.8177
0 0.735844 0.761993 0.152129 0.266233 0.8038
0 0.426102 0.406125 0.060700 0.085573 0.7828
0 0.487169 0.017279 0.040876 0.034558 0.7813
0 0.490867 0.384250 0.034979 0.125334 0.6452
0 0.485934 0.118430 0.042189 0.193005 0.5202
0 0.216544 0.029115 0.050211 0.054973 0.4903
