0 0.709447 0.540087 0.046773 0.217267 0.9504
0 0.735824 0.647909 0.048597 0.206377 0.9484
0 0.329197 0.792021 0.055316 0.212869 0.9473
0 0.652524 0.108899 0.047576 0.128474 0.9388
0 0.419879 0.334193 0.042915 0.222515 0.9353
0 0.422721 0.212108 0.041520 0.124331 0.9338
0 0.654218 0.050122 0.049158 0.100022 0.9337
0 0.426093 0.751913 0.056675 0.245795 0.9172
0 0.372524 0.257455 0.049344 0.124505 0.9097
0 0.513583 0.333187 0.040193 0.174356 0.9075
0 0.378143 0.696030 0.038203 0.206024 0.8921
0 0.491888 0.136710 0.035535 0.168232 0.8900
0 0.683010 0.236078 0.043378 0.169284 0.8881
0 0.390590 0.071632 0.038838 0.142588 0.8853
0 0.833486 0.067154 0.033133 0.134308 0.8825
0 0.951285 0.529441 0.049958 0.194604 0.8786
0 0.523309 0.602146 0.053169 0.216390 0.8772
0 0.802067 0.261619 0.042426 0.149539 0.8735
0 0.473829 0.323845 0.038719 0.186829 0.8719
0 0.444825 0.650251 0.052147 0.218816 0.8690
0 0.519420 0.125151 0.035088 0.165450 0.8678
0 0.578814 0.437617 0.050074 0.237067 0.8651
0 0.368751 0.401172 0.044499 0.184273 0.8453
0 0.797569 0.065696 0.028754 0.131393 0.8420
0 0.871828 0.225066 0.043320 0.155011 0.8294
0 0.985716 0.535345 0.028569 0.187715 0.8281
0 0.251582 0.144593 0.036621 0.163139 0.8280
0 0.774988 0.071302 0.030718 0.141907 0.8279
0 0.898880 0.115962 0.036847 0.153048 0.8167
0 0.524528 0.046289 0.033725 0.092578 0.8128
0 0.547810 0.049871 0.032182 0.099743 0.8110
0 0.422462 0.072201 0.036879 0.142662 0.8095
0 0.229393 0.335473 0.037216 0.179392 0.8086
0 0.554288 0.134278 0.040930 0.159509 0.7990
0 0.924905 0.293551 0.039843 0.189098 0.7886
0 0.959661 0.287142 0.037959 0.194603 0.7859
0 0.794348 0.125195 0.032391 0.109290 0.7838
0 0.226300 0.493460 0.048043 0.211811 0.7592
0 0.918156 0.217510 0.039301 0.165277 0.7571
0 0.170141 0.200352 0.032390 0.163799 0.7530
0 0.205855 0.276544 0.036004 0.164818 0.7504
0 0.976970 0.436109 0.040426 0.102740 0.6962
0 0.162775 0.278316 0.038766 0.170302 0.6808
0 0.091615 0.346969 0.044916 0.183157 0.6650
0 0.224462 0.040476 0.026493 0.080100 0.6639
0 0.219075 0.150196 0.032566 0.125778 0.6571
0 0.974594 0.423039 0.041702 0.100128 0.6537
