0 0.735871 0.647626 0.048853 0.207173 0.9493
0 0.328817 0.792464 0.055561 0.213894 0.9486
0 0.709851 0.540350 0.046784 0.217123 0.9458
0 0.652559 0.109184 0.047482 0.129100 0.9383
0 0.654432 0.049871 0.049199 0.099742 0.9339
0 0.419985 0.335241 0.043186 0.220588 0.9290
0 0.369495 0.400271 0.045250 0.186755 0.9187
0 0.372580 0.256952 0.049513 0.125229 0.9130
0 0.401964 0.739377 0.047083 0.238389 0.9067
0 0.493110 0.141410 0.037078 0.167103 0.9016
0 0.423128 0.211587 0.041537 0.130055 0.8999
0 0.513287 0.341368 0.039793 0.168861 0.8935
0 0.438907 0.627734 0.057505 0.217593 0.8911
0 0.524197 0.042117 0.033930 0.084234 0.8854
0 0.474230 0.330318 0.036243 0.184701 0.8820
0 0.799429 0.065768 0.028221 0.131536 0.8718
0 0.377955 0.695845 0.038395 0.207219 0.8653
0 0.837226 0.069493 0.030838 0.136161 0.8615
0 0.521382 0.133134 0.038903 0.168948 0.8601
0 0.390900 0.075687 0.036553 0.148472 0.8536
0 0.423135 0.067218 0.036185 0.134436 0.8476
0 0.522904 0.578468 0.052877 0.205395 0.8463
0 0.897020 0.114898 0.036863 0.154695 0.8458
0 0.682207 0.236873 0.043224 0.169210 0.8402
0 0.174613 0.198670 0.032055 0.160956 0.8399
0 0.232614 0.339504 0.038302 0.162855 0.8244
0 0.234820 0.510342 0.048980 0.217451 0.8224
0 0.776448 0.071757 0.030482 0.142654 0.8185
0 0.581826 0.461425 0.049875 0.208804 0.8128
0 0.800042 0.261053 0.044825 0.146081 0.8052
0 0.874137 0.231919 0.045786 0.160715 0.8015
0 0.555476 0.140601 0.045363 0.169899 0.7704
0 0.986962 0.527141 0.026077 0.175375 0.7629
0 0.223513 0.039172 0.028638 0.077219 0.7625
0 0.956562 0.538570 0.050066 0.182618 0.7582
0 0.935517 0.308995 0.042178 0.190089 0.7292
0 0.203143 0.282014 0.035217 0.169407 0.7267
0 0.106432 0.313420 0.036811 0.182139 0.6987
0 0.968015 0.301093 0.036267 0.186182 0.6818
0 0.197119 0.056956 0.030932 0.112885 0.6794
0 0.254906 0.143297 0.032111 0.144572 0.6422
0 0.556131 0.056714 0.032767 0.104615 0.6294
0 0.922009 0.227526 0.043886 0.172062 0.6117
0 0.258665 0.050923 0.027386 0.100141 0.5929
0 0.218304 0.145979 0.034537 0.135863 0.5884
0 0.980684 0.432036 0.037784 0.101880 0.5645
0 0.148474 0.300783 0.041721 0.182212 0.5285
0 0.795790 0.130683 0.029586 0.101714 0.5223
0 0.126641 0.288082 0.032893 0.165389 0.5068
0 0.834607 0.322878 0.041877 0.160236 0.4354
