0 0.826977 0.211732 0.047999 0.197103 0.9430
0 0.483085 0.090586 0.045396 0.181172 0.9315
0 0.533773 0.065525 0.042810 0.130200 0.9150
0 0.628805 0.052221 0.043258 0.104443 0.9080
0 0.638137 0.229881 0.056239 0.160719 0.9050
0 0.852892 0.268096 0.048414 0.082539 0.8969
0 0.588098 0.051300 0.038829 0.102601 0.8945
0 0.703138 0.180145 0.048200 0.237980 0.8495
0 0.333908 0.220723 0.047780 0.127642 0.8429
0 0.553843 0.255987 0.055803 0.107555 0.8356
0 0.379985 0.248367 0.041315 0.123478 0.8072
0 0.351217 0.057486 0.033962 0.114972 0.7934
0 0.385021 0.175998 0.041946 0.124958 0.7424
0 0.165256 0.235285 0.033573 0.147336 0.7155
0 0.138036 0.160548 0.030310 0.164984 0.7114
0 0.212202 0.100406 0.036951 0.180221 0.7049
0 0.492348 0.286202 0.038651 0.048177 0.5983
0 0.376511 0.051529 0.031406 0.103059 0.5351
0 0.107488 0.247664 0.035049 0.131566 0.5168
0 0.112222 0.133178 0.028385 0.159420 0.4703
0 0.190587 0.096114 0.032891 0.153998 0.4692
0 0.192784 0.252303 0.036535 0.110255 0.4481
