0 0.326017 0.108812 0.043730 0.216222 0.9291
0 0.273512 0.167615 0.049000 0.197293 0.9276
0 0.277866 0.042086 0.051196 0.084171 0.9269
0 0.422969 0.106039 0.042999 0.170986 0.9075
0 0.381876 0.101262 0.036796 0.181548 0.9067
0 0.328928 0.019834 0.045733 0.039669 0.8837
0 0.495629 0.248432 0.047362 0.199954 0.8629
0 0.429778 0.293186 0.057382 0.112845 0.8324
0 0.042110 0.083187 0.042136 0.166374 0.8001
0 0.131945 0.107385 0.042004 0.172975 0.7857
0 0.348955 0.318192 0.053146 0.063291 0.7528
0 0.105313 0.072673 0.037357 0.145346 0.7187
0 0.493028 0.409341 0.022350 0.098274 0.7144
0 0.012855 0.078853 0.025532 0.153157 0.7008
0 0.741686 0.852139 0.038669 0.120181 0.6924
0 0.139441 0.257423 0.053957 0.179550 0.6188
0 0.339202 0.517831 0.106241 0.095515 0.4284
