0 0.735758 0.647645 0.048662 0.207453 0.9474
0 0.709703 0.539645 0.046434 0.217440 0.9473
0 0.328714 0.790093 0.055208 0.216680 0.9390
0 0.654095 0.050107 0.049716 0.100215 0.9328
0 0.368984 0.400395 0.044599 0.190382 0.9325
0 0.419700 0.333440 0.042936 0.219608 0.9279
0 0.652632 0.109810 0.047297 0.129195 0.9268
0 0.969182 0.583065 0.060962 0.218065 0.9266
0 0.423150 0.211214 0.042361 0.132132 0.9261
0 0.372535 0.256920 0.048843 0.124203 0.9187
0 0.797659 0.066691 0.029030 0.132122 0.8919
0 0.521794 0.135009 0.040257 0.165624 0.8819
0 0.437950 0.540158 0.045455 0.214879 0.8597
0 0.258123 0.052139 0.030220 0.103437 0.8475
0 0.754234 0.187148 0.042802 0.170318 0.8466
0 0.493104 0.140839 0.036742 0.163899 0.8399
0 0.473038 0.332779 0.034946 0.177517 0.8399
0 0.395308 0.712420 0.050088 0.225409 0.8395
0 0.571401 0.211697 0.036260 0.162644 0.8361
0 0.961813 0.362711 0.048045 0.201098 0.8321
0 0.524946 0.045282 0.033644 0.090563 0.8263
0 0.398471 0.098711 0.043079 0.175972 0.8243
0 0.620179 0.625347 0.055006 0.250776 0.8237
0 0.512197 0.344829 0.041375 0.160379 0.8201
0 0.245776 0.593919 0.045161 0.218707 0.8158
0 0.198306 0.058319 0.027352 0.114597 0.7992
0 0.537585 0.502511 0.046003 0.208862 0.7852
0 0.952252 0.281069 0.045328 0.185895 0.7722
0 0.860870 0.071811 0.031692 0.140967 0.7711
0 0.578509 0.107099 0.034408 0.134666 0.7626
0 0.920633 0.296127 0.042178 0.167735 0.7436
0 0.444465 0.120686 0.040795 0.159263 0.7291
0 0.863996 0.372854 0.048203 0.175264 0.7068
0 0.163324 0.256281 0.036228 0.174058 0.7011
0 0.890533 0.097249 0.036716 0.154072 0.6827
0 0.989220 0.367538 0.021560 0.180103 0.6758
0 0.221697 0.048913 0.023861 0.097357 0.6358
0 0.222136 0.197589 0.036301 0.142956 0.6322
0 0.101858 0.391486 0.048073 0.195783 0.6158
0 0.215206 0.329613 0.041282 0.158232 0.6119
0 0.379907 0.696960 0.039074 0.207774 0.5992
0 0.232196 0.450394 0.049006 0.159357 0.5413
0 0.178204 0.195030 0.032794 0.140769 0.5093
0 0.876252 0.110895 0.027784 0.164602 0.4836
