0 0.299715 0.532491 0.054111 0.228326 0.9535
0 0.271370 0.413566 0.051019 0.237251 0.9480
0 0.733227 0.653842 0.059837 0.168386 0.9085
0 0.072041 0.395334 0.062601 0.229238 0.9055
0 0.152579 0.410112 0.054621 0.279779 0.8921
0 0.056645 0.196006 0.045893 0.178577 0.8747
0 0.015661 0.177599 0.031322 0.201475 0.8466
0 0.483387 0.122922 0.045678 0.171846 0.7679
0 0.320314 0.063488 0.049900 0.126975 0.7471
0 0.437850 0.223900 0.049179 0.179974 0.6849
0 0.067383 0.026532 0.039690 0.053064 0.6666
0 0.028399 0.031354 0.044479 0.062708 0.5161
0 0.189210 0.885687 0.378419 0.228626 0.4577
0 0.132996 0.887068 0.265533 0.225863 0.4511
