0 0.365319 0.311355 0.057109 0.223104 0.9428
0 0.788203 0.565053 0.053179 0.208597 0.9115
0 0.260972 0.266953 0.057085 0.262828 0.9026
0 0.855272 0.618773 0.057304 0.223014 0.9009
0 0.943184 0.676185 0.059132 0.225494 0.8969
0 0.243654 0.161727 0.055507 0.226641 0.8947
0 0.159956 0.115378 0.057926 0.229987 0.8880
0 0.980233 0.791826 0.039259 0.248910 0.8857
0 0.420567 0.730770 0.476021 0.533535 0.8678
0 0.313419 0.214949 0.042740 0.228060 0.8407
0 0.671412 0.587769 0.023263 0.216712 0.8393
0 0.103005 0.032757 0.046511 0.065514 0.7242
0 0.473733 0.053168 0.048332 0.106336 0.6313
