0 0.210387 0.349870 0.050409 0.214226 0.9458
0 0.503982 0.696433 0.333253 0.470126 0.9447
0 0.267427 0.277117 0.048205 0.249455 0.9422
0 0.213883 0.192176 0.055621 0.140342 0.9386
0 0.269941 0.143488 0.047659 0.140336 0.9340
0 0.356593 0.682763 0.255787 0.438126 0.9325
0 0.157589 0.686023 0.220567 0.304304 0.9243
0 0.528308 0.048721 0.052451 0.096740 0.8975
0 0.591827 0.423290 0.053893 0.072845 0.8638
0 0.800181 0.910452 0.052146 0.178508 0.8638
0 0.382253 0.071364 0.045436 0.142727 0.8637
0 0.373608 0.288617 0.046656 0.179857 0.8530
0 0.328139 0.275187 0.040181 0.196181 0.8523
0 0.348161 0.081377 0.042581 0.162754 0.8494
0 0.640444 0.117130 0.051040 0.192450 0.8446
0 0.951730 0.906615 0.058686 0.186771 0.8306
0 0.756199 0.915708 0.044989 0.167376 0.8268
0 0.445244 0.049275 0.038922 0.098550 0.8077
0 0.700115 0.915913 0.038447 0.149330 0.8075
0 0.291967 0.064172 0.046376 0.128343 0.7983
0 0.246089 0.054750 0.044347 0.109500 0.7871
0 0.435907 0.128932 0.040321 0.189535 0.7827
0 0.873693 0.921020 0.046331 0.148032 0.7647
0 0.403670 0.410467 0.056315 0.098783 0.7174
0 0.087241 0.139062 0.037058 0.184575 0.6855
0 0.044486 0.123576 0.046192 0.160235 0.6524
0 0.062910 0.385154 0.048623 0.151521 0.5922
