0 0.370397 0.717872 0.059567 0.200507 0.9440
0 0.203926 0.914141 0.051840 0.171717 0.9380
0 0.276041 0.251887 0.043882 0.226724 0.9342
0 0.325160 0.168307 0.051807 0.132823 0.9297
0 0.031459 0.040127 0.049620 0.078368 0.9237
0 0.272532 0.122348 0.043724 0.130842 0.9103
0 0.239830 0.587063 0.053060 0.195338 0.9016
0 0.230804 0.878624 0.049556 0.110015 0.8970
0 0.165082 0.546571 0.060220 0.227514 0.8951
0 0.116692 0.304977 0.059478 0.202900 0.8802
0 0.307060 0.321000 0.042284 0.196156 0.8648
0 0.429533 0.906070 0.055616 0.173222 0.8578
0 0.252399 0.694412 0.060097 0.255300 0.8517
0 0.202183 0.057898 0.035761 0.115795 0.8500
0 0.216209 0.221075 0.037453 0.179088 0.8393
0 0.176533 0.230692 0.041164 0.164263 0.8307
0 0.045308 0.164198 0.049607 0.181860 0.8283
0 0.137947 0.058104 0.045070 0.116207 0.8216
0 0.172287 0.052570 0.039764 0.104482 0.8002
0 0.474727 0.059660 0.027631 0.119320 0.7795
0 0.444966 0.073861 0.035397 0.147082 0.7693
0 0.272628 0.021963 0.036754 0.043591 0.6577
0 0.474557 0.218474 0.031135 0.181695 0.5964
0 0.477694 0.368827 0.024750 0.229567 0.5618
0 0.364984 0.841641 0.040772 0.044421 0.4047
