0 0.322016 0.163403 0.049546 0.179460 0.9488
0 0.349988 0.253228 0.052488 0.171495 0.9451
0 0.133025 0.752212 0.172530 0.490614 0.9233
0 0.206446 0.163442 0.053911 0.197636 0.8954
0 0.073645 0.035201 0.039078 0.070403 0.8933
0 0.019070 0.043459 0.038139 0.086918 0.8902
0 0.115874 0.034931 0.041511 0.069091 0.8894
0 0.035331 0.176067 0.052414 0.176680 0.8733
0 0.141298 0.140820 0.048065 0.165915 0.8377
0 0.315160 0.768226 0.135502 0.458579 0.8090
0 0.225490 0.908022 0.095184 0.181844 0.6154
0 0.007722 0.270893 0.015433 0.153295 0.4347
