0 0.735798 0.647456 0.048695 0.206564 0.9490
0 0.709443 0.539708 0.046825 0.217624 0.9487
0 0.329122 0.792830 0.056622 0.214069 0.9473
0 0.652208 0.109177 0.046755 0.129764 0.9371
0 0.419931 0.335075 0.043284 0.222122 0.9371
0 0.369436 0.399736 0.045327 0.187198 0.9254
0 0.654529 0.049751 0.048808 0.099502 0.9250
0 0.968742 0.580974 0.060116 0.220171 0.9239
0 0.372620 0.256570 0.049742 0.126077 0.9133
0 0.439068 0.615936 0.056389 0.212399 0.9092
0 0.423902 0.210198 0.041711 0.129073 0.9034
0 0.523329 0.043396 0.033184 0.086792 0.9026
0 0.493581 0.144890 0.038528 0.166629 0.8967
0 0.474025 0.329850 0.037648 0.179553 0.8955
0 0.840776 0.070756 0.032254 0.137388 0.8915
0 0.513789 0.344748 0.039954 0.160183 0.8895
0 0.797975 0.067691 0.030006 0.135382 0.8877
0 0.586970 0.498342 0.047242 0.235645 0.8806
0 0.522613 0.567568 0.053260 0.212936 0.8798
0 0.377179 0.699112 0.037499 0.210007 0.8558
0 0.396767 0.727882 0.050237 0.242361 0.8472
0 0.174489 0.197363 0.031672 0.162229 0.8438
0 0.896477 0.112521 0.036857 0.156928 0.8426
0 0.395610 0.087414 0.039358 0.165693 0.8403
0 0.725164 0.214234 0.039718 0.169630 0.8347
0 0.522248 0.132652 0.041385 0.174790 0.8308
0 0.258099 0.053178 0.032837 0.106182 0.8143
0 0.887521 0.252100 0.041343 0.156134 0.8140
0 0.936026 0.253372 0.042452 0.160633 0.8133
0 0.775611 0.072701 0.031159 0.141306 0.8071
0 0.238483 0.520113 0.049855 0.222605 0.8033
0 0.232498 0.339766 0.038291 0.180591 0.7689
0 0.833273 0.322983 0.040802 0.163126 0.7572
0 0.946138 0.331466 0.044419 0.199917 0.7560
0 0.423413 0.074548 0.033316 0.147796 0.7559
0 0.204958 0.288065 0.034939 0.160640 0.7549
0 0.224765 0.040422 0.029308 0.079923 0.7485
0 0.223712 0.144015 0.034965 0.139148 0.7479
0 0.552297 0.140620 0.041163 0.160310 0.7356
0 0.977719 0.322021 0.036455 0.199093 0.7092
0 0.565448 0.076052 0.035698 0.129199 0.6830
0 0.113302 0.296837 0.036091 0.162690 0.6105
0 0.193716 0.057579 0.030648 0.115159 0.6061
0 0.149857 0.292398 0.043196 0.178171 0.5750
0 0.198042 0.050783 0.030764 0.101565 0.4331
0 0.981759 0.445865 0.035901 0.090312 0.4243
