0 0.189069 0.484492 0.054955 0.131487 0.9451
0 0.217440 0.412499 0.053151 0.240497 0.9399
0 0.434624 0.192809 0.046266 0.176289 0.9023
0 0.424639 0.436742 0.060856 0.222293 0.8871
0 0.508519 0.465200 0.042161 0.166186 0.8838
0 0.354024 0.360990 0.053325 0.260961 0.8787
0 0.481065 0.172017 0.043004 0.208627 0.8742
0 0.022807 0.089431 0.045550 0.175126 0.8447
0 0.075796 0.175274 0.047252 0.176051 0.7754
0 0.246007 0.087764 0.050612 0.169253 0.7753
0 0.458653 0.031325 0.040768 0.062651 0.7646
0 0.200491 0.930508 0.087370 0.135392 0.7556
0 0.364474 0.903529 0.039734 0.081515 0.7324
0 0.384292 0.034244 0.045127 0.068015 0.7248
0 0.426169 0.030786 0.040729 0.061572 0.6831
0 0.283934 0.938313 0.080276 0.121939 0.6648
0 0.520862 0.068099 0.019007 0.133346 0.6535
0 0.521837 0.162640 0.017806 0.245018 0.5164
