0 0.316147 0.565792 0.047703 0.127416 0.9250
0 0.268442 0.645746 0.042938 0.222540 0.9246
0 0.034807 0.423715 0.047827 0.119699 0.9208
0 0.715411 0.211998 0.557971 0.303352 0.9121
0 0.163770 0.902796 0.054971 0.194407 0.9000
0 0.034751 0.383481 0.048968 0.047258 0.8966
0 0.025960 0.070798 0.046639 0.141118 0.8912
0 0.266712 0.523406 0.042852 0.125432 0.8911
0 0.363729 0.127305 0.055881 0.246938 0.8848
0 0.421783 0.184857 0.034600 0.213449 0.8810
0 0.174357 0.638755 0.041484 0.174516 0.8698
0 0.214900 0.628256 0.038333 0.184153 0.8672
0 0.112142 0.721844 0.054549 0.251043 0.8519
0 0.240609 0.929712 0.050568 0.140576 0.8493
0 0.380851 0.094302 0.040373 0.188604 0.8474
0 0.319625 0.709699 0.043401 0.186969 0.8441
0 0.198270 0.446655 0.035253 0.166493 0.8380
0 0.168733 0.434985 0.037964 0.151934 0.8362
0 0.321414 0.057663 0.058297 0.114727 0.8323
0 0.134633 0.444765 0.039540 0.164313 0.8111
0 0.296905 0.403990 0.037160 0.093103 0.7876
0 0.264589 0.405885 0.038717 0.097139 0.7726
0 0.311567 0.950313 0.037263 0.099374 0.7666
0 0.259342 0.969613 0.050080 0.060773 0.6814
0 0.234159 0.030336 0.053126 0.060673 0.6494
0 0.138907 0.385002 0.034336 0.054030 0.6402
0 0.428328 0.457684 0.022324 0.170585 0.6279
0 0.051049 0.019284 0.036492 0.038567 0.6012
0 0.046775 0.559006 0.047586 0.178471 0.4830
