0 0.216786 0.330645 0.044971 0.228424 0.9317
0 0.263354 0.252028 0.047962 0.125948 0.9216
0 0.213576 0.206856 0.043371 0.129435 0.9110
0 0.266579 0.398426 0.042789 0.189727 0.9041
0 0.120441 0.338241 0.041513 0.165522 0.9007
0 0.707118 0.836861 0.382433 0.325859 0.8987
0 0.142898 0.135814 0.037420 0.174239 0.8879
0 0.160959 0.324160 0.036394 0.180536 0.8781
0 0.111493 0.534212 0.056535 0.131128 0.8738
0 0.113216 0.128280 0.041528 0.177268 0.8573
0 0.440871 0.328587 0.284366 0.542195 0.8548
0 0.045774 0.481572 0.051266 0.225938 0.8464
0 0.244541 0.078301 0.036413 0.152976 0.8398
0 0.193304 0.559698 0.052245 0.079456 0.8164
0 0.817068 0.373713 0.365367 0.448304 0.7853
0 0.076197 0.136698 0.045412 0.174171 0.7819
0 0.107259 0.031072 0.038723 0.062144 0.7366
0 0.212082 0.066177 0.038277 0.132354 0.6824
0 0.074511 0.052308 0.032334 0.101047 0.5498
