0 0.735524 0.647807 0.048483 0.207253 0.9481
0 0.328842 0.792016 0.055309 0.211547 0.9472
0 0.709861 0.539350 0.046415 0.218663 0.9468
0 0.419965 0.334292 0.043065 0.224648 0.9356
0 0.422763 0.211737 0.042481 0.126789 0.9355
0 0.653976 0.050081 0.049732 0.100162 0.9302
0 0.652235 0.110770 0.047313 0.129614 0.9293
0 0.369424 0.400334 0.045587 0.188390 0.9276
0 0.969137 0.579535 0.059778 0.220545 0.9276
0 0.372453 0.256473 0.049349 0.124683 0.9143
0 0.440843 0.589711 0.056203 0.215337 0.9027
0 0.473978 0.325468 0.036055 0.180883 0.8888
0 0.527259 0.532003 0.056445 0.209373 0.8829
0 0.524998 0.045142 0.036418 0.088839 0.8810
0 0.493968 0.142709 0.038105 0.166201 0.8808
0 0.514084 0.342199 0.040332 0.163304 0.8737
0 0.797944 0.065711 0.028636 0.131423 0.8633
0 0.595864 0.526843 0.049589 0.241584 0.8573
0 0.258015 0.052575 0.028483 0.103807 0.8568
0 0.377479 0.697232 0.036740 0.208396 0.8530
0 0.175638 0.194698 0.032311 0.168683 0.8387
0 0.397365 0.094884 0.039683 0.170831 0.8364
0 0.521885 0.134703 0.041722 0.164945 0.8252
0 0.836233 0.324395 0.041587 0.166110 0.8137
0 0.224111 0.045154 0.027648 0.090307 0.7985
0 0.133007 0.284168 0.041043 0.161477 0.7981
0 0.724180 0.213006 0.034643 0.160152 0.7940
0 0.937520 0.253014 0.042669 0.153083 0.7917
0 0.891972 0.094239 0.033148 0.160122 0.7873
0 0.200695 0.055015 0.028847 0.110030 0.7689
0 0.567187 0.084707 0.035770 0.122145 0.7394
0 0.239427 0.523262 0.055499 0.221274 0.7301
0 0.947315 0.331818 0.045260 0.193109 0.7199
0 0.232674 0.348548 0.042225 0.193358 0.7083
0 0.890607 0.261361 0.044249 0.161160 0.7032
0 0.556772 0.149605 0.041422 0.161658 0.6660
0 0.119970 0.347335 0.044096 0.182025 0.6474
0 0.978807 0.323771 0.035964 0.195011 0.6368
0 0.776141 0.072150 0.031946 0.142179 0.6231
0 0.442041 0.110341 0.037883 0.154924 0.5843
0 0.849077 0.079485 0.028112 0.143089 0.5799
0 0.252846 0.141831 0.033880 0.160216 0.5084
0 0.208825 0.279905 0.038020 0.163759 0.4916
0 0.742937 0.203603 0.036080 0.167145 0.4504
0 0.227085 0.145217 0.033399 0.143938 0.4100
