0 0.707166 0.690334 0.066620 0.386197 0.9448
0 0.764528 0.690184 0.064310 0.393528 0.9378
0 0.648872 0.688870 0.067996 0.392949 0.9357
0 0.938959 0.688629 0.078820 0.396976 0.9341
0 0.372690 0.141604 0.043303 0.224715 0.9333
0 0.810540 0.462774 0.061972 0.252194 0.9307
0 0.869976 0.680824 0.068714 0.402487 0.9241
0 0.585761 0.698243 0.076508 0.395699 0.9239
0 0.325078 0.063434 0.049487 0.123271 0.9227
0 0.375505 0.040404 0.043669 0.080808 0.9156
0 0.818068 0.699361 0.055326 0.377781 0.9115
0 0.874217 0.461610 0.075482 0.236738 0.8981
0 0.322082 0.189920 0.044084 0.158049 0.8973
0 0.757268 0.460831 0.059981 0.249035 0.8911
0 0.703704 0.462022 0.057667 0.242872 0.8906
0 0.645414 0.479486 0.075265 0.232145 0.8836
0 0.469396 0.149472 0.043344 0.170884 0.8632
0 0.328964 0.672112 0.213446 0.655775 0.8486
0 0.428718 0.133904 0.038655 0.188373 0.8445
0 0.054710 0.141625 0.036621 0.171427 0.7554
0 0.159052 0.083616 0.034882 0.159226 0.7073
0 0.105573 0.097005 0.041739 0.174628 0.7055
0 0.125779 0.041673 0.032716 0.083154 0.7045
0 0.181682 0.134351 0.036393 0.176537 0.6304
0 0.197800 0.690529 0.154039 0.501643 0.5756
0 0.199861 0.024556 0.028741 0.049112 0.5482
0 0.144063 0.041864 0.032444 0.083638 0.5204
0 0.179429 0.233000 0.045739 0.066025 0.4160
