0 0.139268 0.334308 0.061475 0.148406 0.9402
0 0.889811 0.710432 0.072923 0.337039 0.9115
0 0.778252 0.767343 0.140847 0.465314 0.9035
0 0.351462 0.760682 0.355452 0.473890 0.9003
0 0.351238 0.172928 0.058571 0.232800 0.8965
0 0.253749 0.308415 0.054423 0.201337 0.8777
0 0.407418 0.058682 0.055919 0.116494 0.8773
0 0.268330 0.229354 0.054926 0.242400 0.8551
0 0.665561 0.733970 0.098501 0.409763 0.8522
0 0.182646 0.027233 0.046312 0.054466 0.8478
0 0.703656 0.699906 0.039153 0.221849 0.8325
0 0.193184 0.275526 0.042660 0.228395 0.8320
0 0.601612 0.748977 0.065747 0.448167 0.8111
0 0.025308 0.071911 0.048063 0.143823 0.6599
0 0.931817 0.026365 0.017135 0.052730 0.5691
0 0.048299 0.045504 0.038610 0.091007 0.4590
0 0.673460 0.042585 0.033995 0.079296 0.4520
