0 0.142676 0.412893 0.051921 0.215582 0.9466
0 0.169996 0.298584 0.049494 0.231576 0.9405
0 0.015557 0.766999 0.030958 0.216059 0.9077
0 0.326999 0.871982 0.062924 0.256036 0.8999
0 0.033600 0.696656 0.045450 0.131870 0.8977
0 0.375010 0.091029 0.043806 0.179370 0.8874
0 0.311428 0.770059 0.057378 0.237825 0.8794
0 0.229327 0.730742 0.058115 0.203963 0.8778
0 0.368939 0.353387 0.059427 0.229947 0.8697
0 0.593521 0.831334 0.075633 0.112919 0.8694
0 0.198504 0.034343 0.042573 0.068686 0.8690
0 0.384172 0.812510 0.044805 0.221885 0.8601
0 0.308881 0.198657 0.053004 0.235764 0.8367
0 0.408129 0.079241 0.024884 0.158483 0.8200
0 0.412690 0.908694 0.016618 0.177051 0.5740
0 0.796158 0.441416 0.200654 0.377756 0.5409
