0 0.408987 0.159320 0.049546 0.206392 0.9481
0 0.036826 0.310222 0.050688 0.236720 0.9477
0 0.018004 0.375970 0.035830 0.124995 0.9325
0 0.352916 0.104576 0.047755 0.209151 0.9285
0 0.405268 0.035420 0.053299 0.070839 0.9249
0 0.249469 0.092884 0.047761 0.182521 0.9075
0 0.331604 0.330126 0.057172 0.217875 0.9053
0 0.156133 0.307306 0.055520 0.261369 0.9043
0 0.293888 0.090193 0.040083 0.180386 0.8897
0 0.228652 0.286753 0.053380 0.228304 0.8745
0 0.729850 0.719435 0.249483 0.559380 0.8408
0 0.540471 0.335198 0.051363 0.208232 0.7693
0 0.398366 0.405573 0.040989 0.067234 0.7573
0 0.558007 0.204689 0.041663 0.180184 0.6752
0 0.465682 0.758971 0.019785 0.072373 0.6659
0 0.034300 0.872953 0.068421 0.254094 0.6397
0 0.562835 0.083499 0.033844 0.161991 0.4883
0 0.067181 0.025489 0.046956 0.050979 0.4792
0 0.566174 0.209082 0.026267 0.186047 0.4114
