0 0.652474 0.440561 0.050674 0.238568 0.9547
0 0.952058 0.610169 0.054011 0.217237 0.9430
0 0.922957 0.493649 0.050523 0.239101 0.9427
0 0.281059 0.290886 0.049376 0.204012 0.9358
0 0.336163 0.216938 0.046432 0.240254 0.9355
0 0.339489 0.086018 0.045954 0.134284 0.9310
0 0.284696 0.131822 0.053906 0.135564 0.9218
0 0.236989 0.674470 0.059919 0.151988 0.9175
0 0.676484 0.557654 0.045059 0.222559 0.9137
0 0.861006 0.046639 0.052267 0.092846 0.9078
0 0.395236 0.214168 0.041068 0.196156 0.9026
0 0.804732 0.495085 0.055039 0.267565 0.8922
0 0.534209 0.442979 0.054993 0.271412 0.8849
0 0.289521 0.613971 0.042519 0.229556 0.8812
0 0.440108 0.224226 0.045571 0.181192 0.8784
0 0.733129 0.474669 0.052544 0.228482 0.8776
0 0.357108 0.457467 0.055728 0.229491 0.8765
0 0.463083 0.416582 0.052188 0.228203 0.8712
0 0.069547 0.078325 0.035004 0.153314 0.8643
0 0.415272 0.049714 0.038922 0.099428 0.8616
0 0.591880 0.018567 0.048529 0.037134 0.8608
0 0.715993 0.280494 0.040514 0.177226 0.8589
0 0.970640 0.121599 0.051999 0.185434 0.8222
0 0.044012 0.150785 0.040108 0.175624 0.7482
0 0.161713 0.085480 0.032956 0.165782 0.7375
0 0.131156 0.332949 0.051303 0.170757 0.7118
0 0.119958 0.066333 0.042295 0.132667 0.6999
0 0.768598 0.111438 0.040309 0.165751 0.6962
0 0.778724 0.043159 0.037265 0.086319 0.6859
0 0.449827 0.048588 0.041370 0.097176 0.6536
0 0.114263 0.192713 0.041656 0.173341 0.6199
0 0.012217 0.240594 0.024380 0.194850 0.5943
0 0.313333 0.023770 0.040874 0.046678 0.5722
0 0.310465 0.870132 0.200078 0.042742 0.5700
0 0.360463 0.031129 0.041570 0.062257 0.5225
0 0.500537 0.076129 0.038128 0.152258 0.5054
0 0.149789 0.467028 0.046369 0.223166 0.5026
