0 0.709462 0.539443 0.046739 0.219131 0.9500
0 0.735791 0.647796 0.048140 0.205954 0.9477
0 0.328904 0.790374 0.055446 0.213130 0.9384
0 0.422967 0.212345 0.041430 0.129560 0.9357
0 0.654321 0.050155 0.050029 0.100309 0.9321
0 0.419832 0.334423 0.043231 0.222805 0.9318
0 0.652574 0.109749 0.046986 0.129315 0.9312
0 0.969426 0.582423 0.060885 0.216443 0.9311
0 0.369108 0.400268 0.044939 0.185476 0.9254
0 0.372591 0.257156 0.049466 0.125860 0.9157
0 0.440102 0.567304 0.052884 0.216396 0.8950
0 0.796390 0.066613 0.028794 0.133226 0.8856
0 0.524214 0.043854 0.034387 0.086767 0.8814
0 0.600380 0.540531 0.049471 0.240763 0.8760
0 0.473601 0.329868 0.036237 0.177481 0.8668
0 0.888375 0.086039 0.041077 0.156553 0.8619
0 0.531445 0.518993 0.053520 0.211674 0.8604
0 0.514135 0.338311 0.040422 0.169332 0.8540
0 0.397885 0.094441 0.039911 0.174535 0.8483
0 0.521572 0.132049 0.042265 0.166717 0.8480
0 0.377955 0.701560 0.037626 0.215721 0.8448
0 0.175685 0.197308 0.032491 0.157553 0.8446
0 0.754249 0.197702 0.045444 0.169508 0.8321
0 0.257184 0.051761 0.030259 0.103522 0.8320
0 0.950414 0.275453 0.047575 0.171797 0.8301
0 0.492353 0.140046 0.037369 0.166789 0.8253
0 0.862739 0.380218 0.045596 0.163258 0.8209
0 0.962169 0.365474 0.046606 0.191040 0.8072
0 0.904544 0.281922 0.043104 0.165113 0.7921
0 0.855391 0.086309 0.031371 0.139633 0.7826
0 0.223554 0.046187 0.027941 0.092373 0.7687
0 0.444028 0.120325 0.040136 0.161604 0.7606
0 0.197146 0.056043 0.028856 0.112085 0.7169
0 0.989939 0.370200 0.020122 0.180346 0.7109
0 0.151231 0.273264 0.042607 0.172415 0.6980
0 0.231366 0.430130 0.047114 0.159927 0.6911
0 0.223031 0.165557 0.036295 0.160222 0.6380
0 0.568319 0.202416 0.034665 0.157533 0.6264
0 0.573250 0.097489 0.037258 0.137129 0.6166
0 0.258092 0.215680 0.030010 0.156814 0.5972
0 0.120113 0.354729 0.045473 0.181040 0.5834
0 0.213742 0.305318 0.037389 0.159322 0.5689
0 0.253796 0.150247 0.032988 0.158763 0.4874
0 0.251381 0.561374 0.040687 0.215252 0.4727
0 0.566939 0.085555 0.033158 0.123413 0.4019
