0 0.455692 0.408929 0.047144 0.154710 0.9374
0 0.158492 0.231510 0.044247 0.225543 0.9337
0 0.106386 0.300129 0.047857 0.198646 0.9270
0 0.413458 0.572939 0.043191 0.167563 0.9254
0 0.161228 0.107164 0.043418 0.130787 0.9227
0 0.109890 0.153089 0.049662 0.128490 0.9189
0 0.320456 0.949635 0.055770 0.099545 0.9130
0 0.857108 0.749610 0.063381 0.150447 0.8952
0 0.255172 0.237737 0.042167 0.175259 0.8932
0 0.397526 0.033418 0.047906 0.065676 0.8829
0 0.514233 0.834923 0.048521 0.231196 0.8812
0 0.436932 0.924202 0.057869 0.150320 0.8695
0 0.214688 0.223135 0.038115 0.194011 0.8671
0 0.382814 0.610828 0.041345 0.192255 0.8667
0 0.428131 0.129135 0.043814 0.169016 0.8628
0 0.731516 0.196353 0.068078 0.136797 0.8478
0 0.233175 0.056570 0.037483 0.113140 0.8432
0 0.448866 0.867196 0.051102 0.193460 0.8406
0 0.261698 0.049751 0.037668 0.099502 0.8214
0 0.323235 0.349338 0.053522 0.219161 0.8090
0 0.509672 0.545215 0.037474 0.115884 0.7951
0 0.297792 0.058875 0.042869 0.117750 0.7920
0 0.472846 0.542961 0.038960 0.107203 0.7920
0 0.261373 0.432497 0.059481 0.111379 0.7898
0 0.366270 0.505772 0.048263 0.035748 0.7622
0 0.215918 0.550958 0.039693 0.126022 0.7302
0 0.132770 0.024198 0.037392 0.047919 0.6293
0 0.521100 0.019186 0.033429 0.038372 0.6074
0 0.203282 0.664923 0.056867 0.219276 0.6022
0 0.179059 0.457402 0.056923 0.060495 0.5659
0 0.076058 0.586144 0.041552 0.193108 0.4870
