0 0.265510 0.317014 0.049738 0.256384 0.9475
0 0.211341 0.228912 0.054289 0.142763 0.9398
0 0.320838 0.772944 0.117382 0.328665 0.9071
0 0.207421 0.387505 0.050721 0.204504 0.9014
0 0.327644 0.308799 0.040261 0.205034 0.8851
0 0.347777 0.097368 0.040983 0.186197 0.8794
0 0.268703 0.174851 0.049639 0.147404 0.8698
0 0.380908 0.091420 0.045560 0.180935 0.8578
0 0.372666 0.320431 0.045335 0.183114 0.8575
0 0.233473 0.055825 0.043878 0.111649 0.8154
0 0.417053 0.097093 0.049049 0.179634 0.7673
0 0.077084 0.102928 0.037756 0.198026 0.7563
0 0.048868 0.324503 0.047420 0.206711 0.7249
0 0.454041 0.427570 0.053175 0.123000 0.7040
0 0.274576 0.046321 0.046450 0.092642 0.6898
0 0.019956 0.250383 0.038448 0.183132 0.6317
0 0.056562 0.441590 0.054544 0.094627 0.5664
