0 0.373791 0.434717 0.049523 0.230264 0.9481
0 0.066790 0.219261 0.045775 0.235740 0.9372
0 0.018743 0.288873 0.037368 0.199379 0.9367
0 0.918685 0.931007 0.060859 0.137985 0.9306
0 0.400947 0.500575 0.052039 0.117632 0.9245
0 0.069472 0.088418 0.047078 0.136535 0.9239
0 0.020801 0.137798 0.041602 0.132631 0.9145
0 0.319573 0.806749 0.192388 0.336247 0.9095
0 0.174433 0.465413 0.058123 0.189305 0.8980
0 0.165834 0.226425 0.042695 0.178053 0.8972
0 0.124215 0.213773 0.038381 0.194457 0.8861
0 0.144007 0.052848 0.040769 0.105697 0.8692
0 0.313435 0.023445 0.048202 0.046788 0.8606
0 0.088353 0.489047 0.057951 0.146051 0.8458
0 0.345778 0.118268 0.044595 0.177141 0.8332
0 0.238831 0.370093 0.051323 0.245319 0.8242
0 0.174284 0.046335 0.041431 0.092670 0.8165
0 0.662009 0.602315 0.044113 0.084025 0.7761
0 0.211017 0.051087 0.047026 0.102175 0.7758
0 0.978916 0.862264 0.042169 0.227235 0.7723
0 0.549114 0.113990 0.046168 0.170747 0.7652
0 0.604700 0.195654 0.031352 0.184998 0.7265
0 0.796520 0.449647 0.017923 0.108668 0.6735
0 0.502983 0.209655 0.043154 0.173242 0.6642
0 0.982727 0.603496 0.032671 0.103960 0.6134
0 0.024161 0.528689 0.045680 0.063276 0.5975
0 0.570355 0.029790 0.036508 0.059579 0.5064
0 0.692659 0.288546 0.018475 0.121339 0.4995
0 0.744903 0.320698 0.013739 0.089460 0.4993
0 0.799985 0.638124 0.062436 0.160811 0.4991
0 0.041794 0.016459 0.036506 0.032917 0.4889
0 0.886352 0.227712 0.013526 0.083735 0.4834
0 0.469856 0.146317 0.047507 0.158893 0.4779
0 0.597113 0.117990 0.036477 0.153043 0.4353
0 0.846230 0.233731 0.013719 0.092885 0.4231
0 0.765445 0.169895 0.013415 0.068952 0.4098
0 0.816335 0.316490 0.015440 0.096660 0.4052
0 0.664130 0.418638 0.015480 0.099830 0.4041
