0 0.421248 0.913057 0.057401 0.173886 0.9537
0 0.243429 0.322489 0.049692 0.228451 0.9494
0 0.215911 0.436750 0.051141 0.218770 0.9441
0 0.024679 0.672638 0.048041 0.227138 0.9430
0 0.776322 0.775685 0.139966 0.448631 0.9428
0 0.655592 0.776150 0.159348 0.446480 0.9289
0 0.569314 0.776258 0.100460 0.447483 0.9146
0 0.216643 0.769899 0.059643 0.237103 0.9021
0 0.446032 0.111228 0.044405 0.176937 0.8915
0 0.713319 0.291862 0.093669 0.272232 0.8901
0 0.437681 0.371987 0.056361 0.225081 0.8878
0 0.011926 0.790536 0.023735 0.221854 0.8836
0 0.953931 0.790129 0.091884 0.419741 0.8789
0 0.487270 0.095045 0.037342 0.187621 0.8772
0 0.882770 0.774337 0.127763 0.451326 0.8490
0 0.286989 0.815235 0.054602 0.214067 0.8432
0 0.893934 0.248654 0.073982 0.161770 0.8381
0 0.378162 0.239029 0.052458 0.229522 0.8338
0 0.167997 0.582446 0.059762 0.063913 0.8224
0 0.272263 0.045749 0.039063 0.091497 0.8180
0 0.601008 0.339006 0.162410 0.409175 0.8051
0 0.357237 0.588431 0.041842 0.079016 0.7911
0 0.019245 0.084284 0.038166 0.168567 0.7799
0 0.277732 0.892441 0.070649 0.215118 0.7558
0 0.507151 0.409757 0.024888 0.212362 0.7471
0 0.072049 0.039998 0.042812 0.079995 0.7207
0 0.147841 0.056010 0.048911 0.112020 0.7033
0 0.822529 0.356541 0.298638 0.389302 0.6757
0 0.600479 0.616746 0.075062 0.131744 0.5741
0 0.009692 0.308777 0.019385 0.225056 0.4338
