0 0.709461 0.539389 0.046914 0.219535 0.9489
0 0.735719 0.647666 0.048041 0.206042 0.9466
0 0.422921 0.211884 0.040680 0.128847 0.9388
0 0.328813 0.790350 0.056103 0.214448 0.9368
0 0.419863 0.334185 0.043234 0.223366 0.9353
0 0.652486 0.109842 0.047296 0.128976 0.9322
0 0.654147 0.049926 0.050267 0.099852 0.9321
0 0.969597 0.582566 0.060490 0.215999 0.9296
0 0.369269 0.400989 0.045211 0.186542 0.9268
0 0.372530 0.256752 0.049504 0.124988 0.9159
0 0.440466 0.570048 0.053992 0.217834 0.9009
0 0.796589 0.066329 0.029201 0.132658 0.8882
0 0.528804 0.521698 0.056199 0.212817 0.8850
0 0.600066 0.538365 0.049995 0.238568 0.8815
0 0.524596 0.044193 0.034355 0.087606 0.8763
0 0.474289 0.325440 0.036946 0.178494 0.8674
0 0.887994 0.084784 0.041057 0.154980 0.8628
0 0.514456 0.340975 0.039800 0.163381 0.8606
0 0.493563 0.139794 0.037389 0.165969 0.8445
0 0.398114 0.097158 0.040427 0.172595 0.8418
0 0.949372 0.273847 0.048255 0.168596 0.8404
0 0.753940 0.196379 0.044568 0.166468 0.8403
0 0.522690 0.133272 0.041653 0.162929 0.8354
0 0.377970 0.699065 0.037293 0.209412 0.8350
0 0.257521 0.051620 0.030487 0.103241 0.8343
0 0.176139 0.195473 0.033341 0.157482 0.8126
0 0.904257 0.279318 0.042107 0.166080 0.8076
0 0.960915 0.362044 0.044747 0.190532 0.7960
0 0.862569 0.378076 0.045085 0.161843 0.7959
0 0.854587 0.087111 0.032103 0.141202 0.7957
0 0.443633 0.119981 0.040576 0.165493 0.7816
0 0.223504 0.046228 0.027641 0.092457 0.7710
0 0.197278 0.056755 0.029478 0.112375 0.7612
0 0.989186 0.366287 0.021627 0.184396 0.6594
0 0.570228 0.089589 0.038192 0.130120 0.6270
0 0.150635 0.272376 0.042037 0.169750 0.6182
0 0.121345 0.355547 0.044212 0.180158 0.5789
0 0.223011 0.161777 0.035975 0.160036 0.5706
0 0.174060 0.054527 0.026198 0.108463 0.5554
0 0.257071 0.213167 0.029542 0.158308 0.5271
0 0.212339 0.308633 0.036990 0.167441 0.5154
0 0.254052 0.147227 0.033209 0.159154 0.4499
0 0.247963 0.144040 0.036719 0.151924 0.4256
