0 0.735854 0.647162 0.048924 0.206995 0.9490
0 0.328859 0.792441 0.056167 0.214036 0.9490
0 0.709534 0.539724 0.046862 0.217342 0.9474
0 0.419782 0.334698 0.043075 0.221003 0.9376
0 0.652149 0.109905 0.046811 0.129318 0.9374
0 0.654253 0.049521 0.048825 0.099043 0.9267
0 0.369262 0.399789 0.045341 0.187405 0.9259
0 0.968688 0.579233 0.059730 0.223997 0.9203
0 0.439496 0.622982 0.056885 0.218748 0.9108
0 0.372498 0.256553 0.049551 0.125047 0.9108
0 0.493125 0.143922 0.038528 0.167949 0.9042
0 0.473635 0.329761 0.037179 0.179786 0.9037
0 0.523205 0.042641 0.033439 0.085282 0.8995
0 0.840113 0.071263 0.032510 0.139523 0.8985
0 0.513068 0.342040 0.040113 0.160773 0.8916
0 0.521518 0.567111 0.053654 0.211681 0.8886
0 0.423834 0.210565 0.041528 0.128073 0.8872
0 0.378205 0.699118 0.038588 0.209240 0.8838
0 0.797657 0.068054 0.029135 0.136108 0.8835
0 0.587189 0.494637 0.048391 0.239171 0.8789
0 0.397524 0.730491 0.051784 0.244752 0.8763
0 0.393860 0.085130 0.038611 0.160518 0.8656
0 0.174074 0.199806 0.033061 0.160484 0.8481
0 0.896988 0.114419 0.038636 0.161634 0.8460
0 0.522030 0.130294 0.040666 0.172416 0.8411
0 0.774773 0.073822 0.031972 0.142388 0.8268
0 0.936746 0.252175 0.042012 0.161741 0.8198
0 0.423111 0.074654 0.033294 0.148160 0.8124
0 0.886151 0.251315 0.042942 0.156494 0.8112
0 0.944803 0.327347 0.044662 0.197013 0.8043
0 0.258853 0.051203 0.030593 0.101604 0.8038
0 0.238028 0.518952 0.048143 0.222074 0.7914
0 0.232339 0.345190 0.037870 0.170989 0.7714
0 0.205497 0.285795 0.035337 0.164437 0.7498
0 0.222764 0.144136 0.033569 0.142747 0.7461
0 0.224891 0.039497 0.029461 0.078319 0.7452
0 0.833543 0.321739 0.041485 0.162046 0.7343
0 0.553498 0.137023 0.044332 0.161110 0.7248
0 0.978146 0.320904 0.036772 0.195681 0.7247
0 0.250359 0.143568 0.034163 0.159271 0.7246
0 0.724665 0.215786 0.039022 0.162027 0.7178
0 0.109845 0.308265 0.037655 0.178950 0.7097
0 0.140821 0.310226 0.041259 0.188988 0.6819
0 0.196291 0.055000 0.031506 0.110000 0.6731
0 0.564265 0.072467 0.034288 0.124812 0.6560
