0 0.735602 0.647556 0.048584 0.207241 0.9484
0 0.709692 0.539466 0.046841 0.218536 0.9483
0 0.328806 0.792190 0.055495 0.210853 0.9480
0 0.419795 0.334609 0.043023 0.224703 0.9355
0 0.652063 0.109371 0.047218 0.128898 0.9314
0 0.969143 0.580885 0.059994 0.218568 0.9288
0 0.653631 0.049723 0.049366 0.099447 0.9276
0 0.423016 0.211168 0.042528 0.128552 0.9262
0 0.369545 0.400458 0.045319 0.187141 0.9257
0 0.372367 0.256288 0.049429 0.125518 0.9148
0 0.493774 0.145090 0.038169 0.163721 0.9035
0 0.440461 0.598679 0.056387 0.218505 0.8995
0 0.474164 0.326384 0.036491 0.177274 0.8928
0 0.524557 0.045593 0.035786 0.089581 0.8867
0 0.526447 0.538217 0.055925 0.209664 0.8780
0 0.514917 0.340829 0.040837 0.163353 0.8769
0 0.594885 0.524993 0.050414 0.253038 0.8637
0 0.377351 0.698212 0.036850 0.207942 0.8603
0 0.258471 0.053551 0.028019 0.104954 0.8493
0 0.797806 0.066437 0.028717 0.132873 0.8461
0 0.522892 0.135869 0.042200 0.163939 0.8434
0 0.397066 0.094204 0.039722 0.169430 0.8424
0 0.175660 0.194954 0.031957 0.167787 0.8372
0 0.835146 0.322408 0.041047 0.163175 0.8039
0 0.936475 0.252471 0.043624 0.153796 0.7993
0 0.724307 0.213281 0.035505 0.163290 0.7989
0 0.131126 0.284383 0.039675 0.159313 0.7898
0 0.224366 0.043625 0.027983 0.087251 0.7876
0 0.893157 0.099160 0.033527 0.160030 0.7704
0 0.239910 0.525254 0.053132 0.218422 0.7613
0 0.946183 0.329528 0.045602 0.195327 0.7606
0 0.200313 0.054723 0.028462 0.109445 0.7564
0 0.556655 0.143680 0.042226 0.163650 0.7560
0 0.567747 0.086724 0.035281 0.121605 0.7330
0 0.232561 0.350128 0.042459 0.191567 0.7172
0 0.889469 0.258625 0.043176 0.158646 0.7020
0 0.776829 0.072032 0.030386 0.141919 0.6925
0 0.118640 0.348368 0.045690 0.183146 0.6213
0 0.979733 0.323575 0.037603 0.200145 0.5245
0 0.223225 0.141226 0.032313 0.136449 0.4846
0 0.442147 0.104710 0.036505 0.159943 0.4838
0 0.210739 0.280070 0.036607 0.159965 0.4816
0 0.247084 0.140662 0.034513 0.151655 0.4811
0 0.253075 0.142883 0.032596 0.156758 0.4621
0 0.423819 0.074225 0.031268 0.148450 0.4504
0 0.846976 0.074756 0.028682 0.141221 0.4425
