0 0.709472 0.539517 0.046766 0.219085 0.9487
0 0.735715 0.647061 0.048201 0.205884 0.9479
0 0.422976 0.211793 0.041523 0.130929 0.9410
0 0.328792 0.790571 0.055168 0.211938 0.9382
0 0.654307 0.050210 0.049744 0.100420 0.9337
0 0.652474 0.109829 0.046876 0.129168 0.9318
0 0.420005 0.334432 0.043207 0.221696 0.9311
0 0.969468 0.582521 0.060791 0.214821 0.9283
0 0.369175 0.400793 0.044998 0.187031 0.9275
0 0.372509 0.257156 0.049330 0.124048 0.9177
0 0.796576 0.065346 0.028043 0.130620 0.8901
0 0.439454 0.556699 0.050754 0.205060 0.8806
0 0.600391 0.542283 0.050738 0.248335 0.8749
0 0.524297 0.043272 0.034229 0.085442 0.8742
0 0.514143 0.341174 0.040434 0.163275 0.8630
0 0.474303 0.327305 0.035502 0.177341 0.8627
0 0.521154 0.132686 0.042189 0.167186 0.8607
0 0.397923 0.093158 0.040521 0.173275 0.8543
0 0.377297 0.698555 0.036181 0.212418 0.8534
0 0.888550 0.085631 0.039890 0.154199 0.8531
0 0.535663 0.515609 0.049111 0.210649 0.8443
0 0.174669 0.196738 0.032782 0.157410 0.8433
0 0.491888 0.139535 0.036720 0.164149 0.8318
0 0.753848 0.196118 0.045071 0.171493 0.8256
0 0.951846 0.278714 0.045928 0.176728 0.8216
0 0.856077 0.083778 0.029765 0.140751 0.8120
0 0.962589 0.367618 0.047538 0.193793 0.7993
0 0.223424 0.047923 0.027937 0.095847 0.7981
0 0.862974 0.378863 0.044653 0.169255 0.7943
0 0.256036 0.053280 0.031088 0.106560 0.7932
0 0.905081 0.283473 0.042942 0.162670 0.7823
0 0.196443 0.057690 0.028852 0.115381 0.7554
0 0.443985 0.117562 0.042392 0.155479 0.7293
0 0.115034 0.361518 0.043628 0.194482 0.7145
0 0.579218 0.097883 0.036580 0.144549 0.7038
0 0.214079 0.318324 0.037450 0.158366 0.6970
0 0.231559 0.442158 0.047794 0.157937 0.6834
0 0.990752 0.370878 0.018496 0.183476 0.6818
0 0.150501 0.271259 0.040725 0.170794 0.6772
0 0.222856 0.171843 0.037207 0.158743 0.6492
0 0.568750 0.205803 0.033319 0.157539 0.6425
0 0.258929 0.217418 0.030468 0.151608 0.5999
0 0.247505 0.556657 0.044234 0.217860 0.5355
0 0.253374 0.150599 0.033880 0.159262 0.4663
