0 0.264461 0.451434 0.051237 0.216914 0.9546
0 0.738176 0.756506 0.052259 0.216967 0.9507
0 0.237297 0.337652 0.049682 0.229884 0.9460
0 0.069884 0.827482 0.139619 0.345035 0.9217
0 0.974965 0.717395 0.049681 0.157292 0.9084
0 0.428487 0.740672 0.056485 0.205209 0.9022
0 0.710230 0.702112 0.046354 0.110050 0.8942
0 0.936593 0.407676 0.126815 0.462717 0.8891
0 0.515794 0.705301 0.053792 0.135488 0.8812
0 0.309864 0.893644 0.101367 0.212712 0.8780
0 0.386968 0.845565 0.050042 0.256550 0.8713
0 0.209604 0.052831 0.045078 0.105661 0.8700
0 0.041748 0.400849 0.058434 0.222419 0.8629
0 0.033587 0.119593 0.043095 0.190262 0.8608
0 0.100755 0.234221 0.053371 0.227037 0.8604
0 0.215998 0.882594 0.103769 0.234812 0.7263
0 0.146479 0.860511 0.080664 0.277321 0.7050
0 0.583283 0.681023 0.048018 0.081981 0.6896
0 0.330225 0.061589 0.041546 0.122750 0.6243
0 0.006095 0.101663 0.012189 0.197733 0.5641
0 0.906532 0.111526 0.185721 0.209354 0.4617
0 0.372450 0.828325 0.028746 0.232608 0.4546
0 0.018372 0.822029 0.036572 0.354082 0.4486
