0 0.076830 0.385784 0.059243 0.223219 0.9453
0 0.483024 0.116657 0.049991 0.228510 0.9449
0 0.510330 0.232894 0.051155 0.221139 0.9432
0 0.689033 0.301517 0.048441 0.200476 0.9422
0 0.742910 0.229906 0.046067 0.240494 0.9381
0 0.177381 0.797530 0.208557 0.404941 0.9325
0 0.745661 0.098934 0.043593 0.137009 0.9241
0 0.692590 0.148131 0.051770 0.128439 0.9170
0 0.853809 0.451722 0.060209 0.212389 0.9103
0 0.460332 0.856258 0.218774 0.284723 0.9083
0 0.285325 0.143792 0.058306 0.235849 0.8958
0 0.194987 0.198810 0.059334 0.245222 0.8914
0 0.764730 0.483148 0.058517 0.150535 0.8905
0 0.353319 0.097811 0.051305 0.195622 0.8879
0 0.843767 0.236803 0.043443 0.172790 0.8876
0 0.801001 0.225791 0.040700 0.190414 0.8875
0 0.120791 0.036707 0.046121 0.071154 0.8789
0 0.905784 0.794823 0.105791 0.408121 0.8774
0 0.148463 0.311288 0.060456 0.256869 0.8676
0 0.820911 0.057617 0.040607 0.115235 0.8662
0 0.128067 0.287332 0.040657 0.231815 0.8642
0 0.784700 0.779356 0.134760 0.345849 0.8582
0 0.923296 0.410594 0.051839 0.242005 0.8539
0 0.853270 0.053702 0.041446 0.107405 0.8512
0 0.888591 0.054726 0.042665 0.109453 0.8158
0 0.721921 0.033710 0.039382 0.067420 0.7751
0 0.982144 0.028391 0.035476 0.055606 0.7411
0 0.033731 0.679453 0.065343 0.096768 0.7104
0 0.701301 0.531356 0.042751 0.055272 0.6670
0 0.767032 0.034244 0.038641 0.067301 0.5926
