0 0.390984 0.493247 0.050049 0.192437 0.9457
0 0.022308 0.367869 0.044616 0.200704 0.9388
0 0.026171 0.210865 0.052260 0.132071 0.9335
0 0.076332 0.295876 0.046362 0.239412 0.9329
0 0.079497 0.163410 0.045132 0.132818 0.9189
0 0.329052 0.061040 0.050469 0.119689 0.9113
0 0.135109 0.288866 0.042055 0.191829 0.9007
0 0.156010 0.095440 0.040086 0.164690 0.8984
0 0.437585 0.142253 0.045060 0.184751 0.8798
0 0.329038 0.021037 0.054523 0.041980 0.8612
0 0.096342 0.503068 0.051211 0.173391 0.8595
0 0.271702 0.488613 0.053045 0.202496 0.8591
0 0.204919 0.481146 0.051047 0.218218 0.8569
0 0.418401 0.555588 0.054653 0.069713 0.8518
0 0.179396 0.298162 0.044557 0.181679 0.8515
0 0.055287 0.064499 0.041492 0.128998 0.8507
0 0.186550 0.079515 0.039067 0.157086 0.8482
0 0.248378 0.061330 0.039414 0.122660 0.8323
0 0.694426 0.258548 0.049224 0.202259 0.8169
0 0.102010 0.072197 0.042788 0.144395 0.8165
0 0.835370 0.786717 0.328083 0.388271 0.7929
0 0.559171 0.720502 0.119540 0.164613 0.7886
0 0.238829 0.153736 0.036904 0.175492 0.7271
0 0.480847 0.040238 0.034496 0.080477 0.6247
0 0.666468 0.747249 0.140925 0.141996 0.4906
