0 0.240175 0.138857 0.051259 0.214517 0.9419
0 0.183283 0.095531 0.048078 0.189151 0.9318
0 0.865233 0.295401 0.268722 0.465540 0.9200
0 0.161819 0.388408 0.062240 0.238783 0.9193
0 0.079395 0.082774 0.046205 0.164366 0.9148
0 0.068573 0.333366 0.059535 0.241531 0.9013
0 0.122953 0.079077 0.039021 0.158153 0.8988
0 0.236612 0.024295 0.056998 0.045230 0.8734
0 0.232340 0.441265 0.043303 0.177376 0.8382
0 0.722896 0.286532 0.246705 0.480978 0.8309
0 0.208015 0.452977 0.060985 0.151371 0.8215
0 0.284661 0.494572 0.058276 0.069038 0.8187
0 0.493765 0.066568 0.044616 0.132488 0.7924
0 0.392152 0.093616 0.043254 0.173399 0.7726
0 0.389245 0.260639 0.057771 0.252652 0.7471
0 0.534019 0.066651 0.042627 0.133303 0.6509
0 0.425218 0.047296 0.037878 0.094592 0.4313
