0 0.186770 0.350557 0.055191 0.161409 0.9402
0 0.593075 0.478200 0.051725 0.093359 0.9355
0 0.878254 0.686014 0.049322 0.125608 0.9344
0 0.881063 0.832804 0.047838 0.194522 0.9320
0 0.537618 0.931425 0.047343 0.136866 0.9315
0 0.830793 0.764591 0.043410 0.233385 0.9289
0 0.595549 0.535579 0.047509 0.132426 0.9220
0 0.828290 0.637893 0.043358 0.132873 0.9165
0 0.734033 0.765477 0.043114 0.171974 0.9047
0 0.145635 0.039787 0.046057 0.076750 0.8876
0 0.074659 0.131327 0.046125 0.204612 0.8870
0 0.724487 0.472725 0.035827 0.083601 0.8852
0 0.775283 0.754967 0.037001 0.189884 0.8816
0 0.658410 0.910382 0.048609 0.179237 0.8700
0 0.136756 0.283469 0.037544 0.211133 0.8666
0 0.756313 0.567603 0.037600 0.172768 0.8612
0 0.727107 0.561493 0.041996 0.162933 0.8592
0 0.727836 0.938037 0.056000 0.123927 0.8560
0 0.517343 0.637817 0.043148 0.174230 0.8188
0 0.854058 0.521851 0.040080 0.161515 0.8080
0 0.692783 0.570520 0.044550 0.168949 0.7995
0 0.828306 0.496821 0.037476 0.129500 0.7817
0 0.809520 0.964635 0.054747 0.070729 0.7460
0 0.989379 0.481685 0.020811 0.098751 0.7373
0 0.284208 0.042434 0.042740 0.084867 0.6654
0 0.265650 0.158763 0.043493 0.219192 0.6593
0 0.683999 0.508160 0.035468 0.126145 0.5630
0 0.806852 0.526945 0.042525 0.163787 0.5308
0 0.679871 0.518008 0.034770 0.128740 0.4896
0 0.406517 0.026820 0.047957 0.053312 0.4013
