0 0.450127 0.206277 0.047685 0.221398 0.9449
0 0.061715 0.442233 0.057018 0.173829 0.9371
0 0.476126 0.315540 0.049484 0.208620 0.9332
0 0.102894 0.080180 0.046525 0.160360 0.9275
0 0.154484 0.054768 0.045132 0.109535 0.8928
0 0.173522 0.210803 0.044905 0.221751 0.8822
0 0.208643 0.041703 0.036199 0.083406 0.8497
0 0.275742 0.171652 0.044253 0.215446 0.8350
0 0.248807 0.045483 0.041365 0.090647 0.8194
0 0.112325 0.364631 0.040108 0.209230 0.7639
0 0.357819 0.286617 0.053140 0.248615 0.7060
0 0.878719 0.803629 0.234533 0.392313 0.6949
0 0.132808 0.377288 0.048240 0.227620 0.5685
