0 0.164748 0.099670 0.051818 0.199339 0.9532
0 0.754070 0.097082 0.049472 0.129821 0.9524
0 0.926783 0.820312 0.145415 0.359376 0.9493
0 0.585377 0.238446 0.052727 0.216484 0.9263
0 0.756948 0.245069 0.046414 0.197241 0.9261
0 0.704802 0.179381 0.044811 0.232574 0.9221
0 0.191707 0.045852 0.049383 0.091704 0.9072
0 0.701806 0.059385 0.043135 0.114796 0.8611
0 0.698299 0.786946 0.156305 0.426107 0.8479
0 0.685608 0.361592 0.049020 0.137550 0.8337
0 0.290676 0.085671 0.053314 0.171343 0.7842
0 0.909108 0.052896 0.041073 0.105793 0.7709
0 0.475023 0.045485 0.048836 0.090970 0.7449
0 0.647266 0.169767 0.045628 0.190802 0.7378
0 0.967637 0.097604 0.044153 0.176913 0.7343
0 0.537204 0.142376 0.039369 0.229025 0.7194
0 0.915462 0.160951 0.039616 0.170813 0.6391
0 0.886915 0.382171 0.054877 0.095576 0.6019
0 0.872723 0.068634 0.030300 0.137185 0.5616
0 0.896172 0.289019 0.046562 0.167232 0.5223
0 0.364334 0.022485 0.049908 0.044888 0.5040
