0 0.299772 0.262953 0.043522 0.230266 0.9251
0 0.250519 0.182091 0.049881 0.128727 0.9177
0 0.301895 0.135858 0.044834 0.128971 0.9171
0 0.806106 0.740918 0.369397 0.517588 0.8852
0 0.356903 0.233804 0.038753 0.194169 0.8325
0 0.397456 0.246360 0.040799 0.169893 0.8261
0 0.126786 0.079895 0.036389 0.155257 0.8218
0 0.374028 0.068199 0.036102 0.136399 0.8210
0 0.096433 0.072351 0.032955 0.134560 0.8208
0 0.401649 0.056785 0.033608 0.113569 0.8204
0 0.047525 0.134886 0.036852 0.179760 0.8102
0 0.263145 0.331879 0.036207 0.199295 0.7385
0 0.302340 0.029377 0.033015 0.058753 0.7384
0 0.077855 0.189581 0.038633 0.166877 0.7193
0 0.100382 0.256360 0.038088 0.176893 0.7163
0 0.090429 0.376081 0.051541 0.149331 0.5534
0 0.271309 0.026483 0.038059 0.052501 0.5299
0 0.032763 0.194521 0.040808 0.183792 0.4974
0 0.068973 0.025170 0.028903 0.050340 0.4526
0 0.245080 0.025298 0.033248 0.049670 0.4123
