0 0.704650 0.174360 0.055936 0.142163 0.9367
0 0.115565 0.244583 0.055794 0.142502 0.9359
0 0.061047 0.334716 0.048282 0.258318 0.9279
0 0.650352 0.265866 0.049728 0.257149 0.9184
0 0.059579 0.193321 0.048570 0.146267 0.9092
0 0.294809 0.816611 0.219034 0.317350 0.9067
0 0.647112 0.120592 0.046497 0.148012 0.8861
0 0.686556 0.337154 0.044807 0.219612 0.8821
0 0.835217 0.079175 0.038774 0.157581 0.8356
0 0.681222 0.569808 0.055822 0.139877 0.8261
0 0.095508 0.053125 0.042314 0.105672 0.8253
0 0.569694 0.048685 0.041069 0.096312 0.8222
0 0.284794 0.121533 0.037726 0.151167 0.8084
0 0.541452 0.228471 0.042941 0.189404 0.8055
0 0.529050 0.566434 0.062670 0.144565 0.8024
0 0.056372 0.056154 0.045841 0.112308 0.8017
0 0.497639 0.049277 0.041379 0.097904 0.7956
0 0.280594 0.322247 0.040948 0.204683 0.7802
0 0.604241 0.598178 0.058458 0.081340 0.7802
0 0.478656 0.315307 0.060238 0.249244 0.7756
0 0.536296 0.043634 0.040763 0.085024 0.7675
0 0.100471 0.407617 0.041269 0.218135 0.7642
0 0.310149 0.257168 0.040125 0.190722 0.7638
0 0.922884 0.148801 0.039158 0.183793 0.7625
0 0.895509 0.162033 0.037516 0.172331 0.7554
0 0.887665 0.392671 0.066653 0.236281 0.7521
0 0.254478 0.124107 0.040368 0.168325 0.7483
0 0.873302 0.231410 0.036888 0.205576 0.7274
0 0.584384 0.220073 0.044730 0.202382 0.6916
0 0.010945 0.337352 0.021890 0.244823 0.6844
0 0.950981 0.108684 0.035107 0.179539 0.6691
0 0.869580 0.069811 0.039411 0.137181 0.6221
0 0.351555 0.258570 0.041628 0.189916 0.6106
0 0.335052 0.192332 0.042339 0.193628 0.6070
0 0.283680 0.031562 0.036128 0.062893 0.5779
0 0.288687 0.459336 0.059664 0.203105 0.5643
0 0.428933 0.348467 0.020081 0.212153 0.5616
0 0.027660 0.608405 0.052174 0.060326 0.5073
0 0.313896 0.042048 0.034725 0.084096 0.4838
0 0.366507 0.172876 0.041084 0.207725 0.4581
0 0.115224 0.408054 0.044501 0.215567 0.4102
