0 0.709558 0.539399 0.046798 0.219899 0.9485
0 0.735730 0.647416 0.048161 0.205858 0.9474
0 0.423127 0.210844 0.041104 0.131169 0.9379
0 0.328900 0.790863 0.055921 0.213037 0.9378
0 0.419738 0.333893 0.043064 0.222867 0.9361
0 0.652436 0.109879 0.047049 0.129627 0.9325
0 0.654065 0.049847 0.050018 0.099695 0.9320
0 0.969372 0.581455 0.060921 0.219935 0.9296
0 0.369344 0.401177 0.045052 0.186683 0.9259
0 0.372483 0.256441 0.049446 0.124609 0.9126
0 0.440627 0.571813 0.054520 0.216196 0.9012
0 0.528528 0.521776 0.055734 0.209698 0.8895
0 0.524352 0.044241 0.035031 0.087938 0.8864
0 0.599857 0.536877 0.050194 0.242179 0.8848
0 0.796968 0.066194 0.028557 0.132389 0.8813
0 0.473899 0.326165 0.036756 0.177470 0.8794
0 0.888371 0.084700 0.040481 0.157685 0.8684
0 0.522575 0.131926 0.041295 0.168415 0.8664
0 0.514018 0.340604 0.039500 0.162386 0.8588
0 0.493317 0.140760 0.037703 0.167319 0.8573
0 0.398324 0.096613 0.041030 0.173116 0.8470
0 0.257696 0.050314 0.030348 0.100628 0.8467
0 0.947771 0.273808 0.048008 0.167780 0.8444
0 0.377199 0.699564 0.036770 0.210375 0.8334
0 0.753814 0.197534 0.044320 0.167358 0.8308
0 0.854624 0.086320 0.031591 0.140338 0.8227
0 0.176124 0.194531 0.034048 0.158811 0.8108
0 0.903606 0.277812 0.042075 0.164182 0.7962
0 0.862593 0.375966 0.043561 0.173091 0.7882
0 0.443529 0.120156 0.039410 0.162998 0.7782
0 0.223500 0.044761 0.027605 0.089521 0.7659
0 0.198154 0.057088 0.029254 0.113697 0.7657
0 0.960297 0.359826 0.044067 0.190767 0.7489
0 0.569822 0.087824 0.037920 0.127529 0.6685
0 0.120278 0.353104 0.044715 0.181712 0.6479
0 0.175283 0.055211 0.025577 0.110421 0.6313
0 0.989103 0.360725 0.021795 0.184556 0.5805
0 0.148786 0.271413 0.043470 0.167835 0.5596
0 0.222799 0.163955 0.036061 0.155817 0.5537
0 0.211498 0.306704 0.038056 0.173626 0.5070
0 0.230831 0.356450 0.038252 0.183519 0.5016
0 0.249258 0.144029 0.036030 0.150727 0.4830
0 0.239403 0.515202 0.052041 0.217850 0.4818
0 0.555553 0.144633 0.038916 0.161763 0.4790
0 0.256824 0.213738 0.028933 0.153608 0.4772
0 0.170064 0.197105 0.037699 0.163898 0.4601
