0 0.544006 0.707895 0.082861 0.231031 0.9587
0 0.184647 0.754375 0.117835 0.352168 0.9270
0 0.076018 0.382900 0.051071 0.073143 0.8989
0 0.381335 0.242039 0.036610 0.235391 0.8986
0 0.136366 0.034963 0.052785 0.067926 0.8931
0 0.380670 0.110234 0.039155 0.138509 0.8674
0 0.150437 0.157127 0.055907 0.183094 0.8621
0 0.221874 0.308771 0.059348 0.217919 0.8584
0 0.285637 0.230408 0.042193 0.189290 0.8367
0 0.326336 0.219711 0.041864 0.198570 0.8254
0 0.013901 0.067538 0.027668 0.133616 0.8219
0 0.309493 0.053089 0.038774 0.106179 0.8205
0 0.277983 0.047381 0.037713 0.094763 0.8204
0 0.244044 0.050891 0.043564 0.101783 0.7909
