0 0.252146 0.097517 0.046541 0.195034 0.9354
0 0.305795 0.146031 0.047704 0.198881 0.9339
0 0.303435 0.030707 0.050399 0.061414 0.9141
0 0.197283 0.084235 0.038300 0.168470 0.8890
0 0.154557 0.087085 0.044542 0.168461 0.8847
0 0.065254 0.250833 0.048994 0.176823 0.8693
0 0.230202 0.278010 0.057118 0.121048 0.8657
0 0.139389 0.256020 0.060548 0.165805 0.8579
0 0.843124 0.205076 0.049371 0.155976 0.8459
0 0.893429 0.703666 0.212970 0.592667 0.8367
0 0.793874 0.748148 0.406016 0.503703 0.8137
0 0.381206 0.544669 0.313847 0.354907 0.8016
0 0.443425 0.243580 0.050453 0.190142 0.7571
0 0.743031 0.204870 0.047634 0.132485 0.7425
0 0.789333 0.211142 0.044944 0.138221 0.7143
0 0.449772 0.093657 0.039735 0.171742 0.6636
0 0.452131 0.071983 0.037119 0.142869 0.4301
0 0.797867 0.205322 0.036525 0.127761 0.4277
