0 0.726376 0.413027 0.181402 0.615055 0.9397
0 0.347625 0.061432 0.054540 0.122864 0.9334
0 0.295030 0.140912 0.048532 0.250672 0.9326
0 0.292173 0.035997 0.048454 0.071995 0.9243
0 0.353213 0.214638 0.053162 0.217826 0.9079
0 0.269760 0.508239 0.060420 0.270495 0.8975
0 0.286181 0.597602 0.060536 0.243708 0.8966
0 0.431764 0.432524 0.086508 0.575032 0.8948
0 0.113480 0.258235 0.059321 0.268119 0.8783
0 0.186884 0.142850 0.046902 0.199020 0.8781
0 0.176779 0.445914 0.060438 0.247370 0.8726
0 0.343625 0.553153 0.044056 0.224269 0.8718
0 0.378200 0.632283 0.022125 0.173955 0.8628
0 0.232466 0.125209 0.041733 0.216106 0.8577
0 0.450648 0.884253 0.122387 0.231494 0.8168
0 0.890196 0.405354 0.219446 0.627385 0.8075
0 0.556810 0.359329 0.223328 0.718659 0.7452
