0 0.571148 0.221742 0.057102 0.236817 0.9555
0 0.542196 0.110336 0.052443 0.220672 0.9460
0 0.104365 0.385964 0.063831 0.241024 0.9394
0 0.232368 0.176505 0.063643 0.263483 0.9083
0 0.839013 0.754983 0.319310 0.490033 0.8982
0 0.768615 0.348764 0.057228 0.183660 0.8968
0 0.331248 0.111222 0.062276 0.220558 0.8855
0 0.409152 0.112109 0.057968 0.224219 0.8603
0 0.158395 0.282322 0.045026 0.241570 0.8601
0 0.181150 0.310373 0.059295 0.263933 0.8272
0 0.016013 0.114822 0.032010 0.229644 0.7369
0 0.149408 0.023427 0.049100 0.046252 0.5532
