0 0.198706 0.427053 0.051712 0.237133 0.9466
0 0.947041 0.852783 0.061230 0.236222 0.9415
0 0.170381 0.547734 0.054512 0.228670 0.9404
0 0.574731 0.272622 0.049282 0.209854 0.9348
0 0.518304 0.200197 0.047160 0.248213 0.9321
0 0.570943 0.114439 0.053742 0.137674 0.9316
0 0.515548 0.068292 0.046490 0.133001 0.9143
0 0.498243 0.513377 0.063070 0.233781 0.9084
0 0.697519 0.488999 0.133670 0.356279 0.9038
0 0.438569 0.041852 0.041990 0.082938 0.9006
0 0.838886 0.813444 0.061355 0.282718 0.8961
0 0.406359 0.456918 0.059097 0.229900 0.8910
0 0.459073 0.190242 0.039529 0.206636 0.8822
0 0.414841 0.204804 0.046280 0.182471 0.8813
0 0.181806 0.079244 0.041668 0.158489 0.8807
0 0.334543 0.383317 0.054004 0.255086 0.8733
0 0.565798 0.578217 0.042518 0.183524 0.8599
0 0.545095 0.589263 0.059387 0.157790 0.8592
0 0.608177 0.627873 0.041576 0.079453 0.8584
0 0.893430 0.767961 0.041709 0.200756 0.8420
0 0.820519 0.741971 0.057909 0.147752 0.8086
0 0.061020 0.189778 0.047537 0.177201 0.7623
0 0.013671 0.113600 0.027343 0.176070 0.7517
0 0.735572 0.714969 0.056164 0.095027 0.7367
0 0.404969 0.032256 0.041448 0.062540 0.7353
0 0.364764 0.041038 0.048782 0.081340 0.6767
