0 0.452766 0.283266 0.055429 0.233977 0.9500
0 0.855146 0.787165 0.289528 0.425669 0.9466
0 0.422850 0.160509 0.052640 0.243377 0.9430
0 0.209688 0.223111 0.061172 0.245091 0.9026
0 0.329074 0.850958 0.093646 0.296258 0.9015
0 0.099474 0.400927 0.063378 0.287267 0.8994
0 0.273692 0.089886 0.057152 0.178174 0.8929
0 0.404724 0.845988 0.090573 0.301931 0.8901
0 0.245826 0.852453 0.100369 0.291017 0.8799
0 0.036848 0.053572 0.051036 0.106728 0.8596
0 0.120324 0.284900 0.056492 0.252373 0.8576
0 0.961265 0.255871 0.055589 0.336189 0.8539
0 0.481825 0.837473 0.121212 0.325054 0.8478
0 0.593482 0.832824 0.092137 0.331824 0.8414
0 0.050649 0.812259 0.101297 0.369547 0.8280
0 0.010081 0.449589 0.020132 0.236970 0.8082
0 0.170584 0.845299 0.132788 0.307744 0.7946
0 0.720204 0.276078 0.073655 0.351686 0.7928
0 0.045073 0.344090 0.042935 0.250551 0.7650
0 0.530455 0.829314 0.078714 0.341372 0.7642
0 0.814065 0.220051 0.021892 0.124672 0.7000
0 0.383495 0.708988 0.078950 0.080113 0.6820
0 0.665763 0.199559 0.018952 0.107552 0.6799
0 0.849203 0.211260 0.022962 0.146212 0.6594
0 0.789271 0.220384 0.014927 0.122320 0.6166
0 0.200322 0.015470 0.044601 0.030260 0.6063
0 0.255681 0.702444 0.069132 0.082646 0.5525
0 0.094026 0.025995 0.046476 0.051663 0.5158
0 0.130502 0.820353 0.099693 0.341766 0.5117
0 0.202256 0.701961 0.066450 0.083465 0.5104
0 0.012992 0.819700 0.025980 0.351279 0.4653
0 0.200304 0.715918 0.063518 0.062770 0.4371
