0 0.205126 0.317888 0.052346 0.164030 0.9276
0 0.596820 0.272787 0.126892 0.245024 0.8564
0 0.424105 0.147376 0.044293 0.178002 0.8391
0 0.459971 0.154116 0.021325 0.172727 0.8208
0 0.029421 0.173424 0.054602 0.205868 0.8182
0 0.717639 0.249944 0.126767 0.290512 0.8083
0 0.636798 0.157938 0.100308 0.152842 0.7898
0 0.767224 0.247098 0.218401 0.306876 0.7807
0 0.040005 0.829164 0.054243 0.252443 0.7749
0 0.393824 0.302582 0.052594 0.198742 0.7518
0 0.141074 0.027274 0.043426 0.054548 0.4817
0 0.826601 0.246032 0.335431 0.307709 0.4463
0 0.359825 0.035375 0.041787 0.070178 0.4322
