0 0.447688 0.040170 0.051237 0.079495 0.9429
0 0.446926 0.090676 0.051511 0.135100 0.9281
0 0.153998 0.241986 0.050759 0.128062 0.9125
0 0.203843 0.276868 0.048107 0.122650 0.8650
0 0.551055 0.171837 0.046177 0.180002 0.8589
0 0.206618 0.198596 0.044455 0.136339 0.8539
0 0.310550 0.118346 0.043348 0.182593 0.8538
0 0.184842 0.575665 0.366742 0.388957 0.8099
0 0.280970 0.120325 0.043024 0.183946 0.8039
0 0.596774 0.056628 0.027344 0.113255 0.8030
0 0.035078 0.045954 0.033982 0.091562 0.7808
0 0.309435 0.034598 0.040263 0.069196 0.7573
0 0.179652 0.087488 0.040585 0.173110 0.7554
0 0.232117 0.111855 0.046728 0.184943 0.7473
0 0.362289 0.201987 0.039726 0.177822 0.7301
0 0.369251 0.092347 0.038465 0.150271 0.7176
0 0.854505 0.160823 0.047242 0.179723 0.6232
0 0.036580 0.212920 0.038698 0.170776 0.5351
0 0.008994 0.215767 0.017955 0.185369 0.4738
