0 0.415295 0.841019 0.246702 0.315044 0.9338
0 0.250104 0.875372 0.294797 0.249255 0.9172
0 0.844578 0.855133 0.098500 0.286148 0.7907
0 0.902670 0.736259 0.067992 0.181759 0.7503
0 0.015716 0.548461 0.024939 0.095247 0.7351
0 0.589605 0.893656 0.080723 0.211960 0.7151
0 0.773532 0.846089 0.062709 0.306271 0.6731
0 0.293167 0.707183 0.105111 0.107611 0.6618
0 0.832715 0.668470 0.066200 0.101650 0.5883
0 0.963388 0.858415 0.072699 0.277346 0.5703
0 0.656956 0.788860 0.079091 0.225295 0.5672
0 0.917494 0.909991 0.079262 0.177184 0.4622
0 0.105343 0.853386 0.210470 0.291982 0.4469
