0 0.453888 0.112287 0.061033 0.223986 0.8768
0 0.015284 0.678545 0.027340 0.086860 0.7900
0 0.343138 0.808190 0.068583 0.253284 0.7864
0 0.276986 0.837847 0.081462 0.272096 0.7464
0 0.173457 0.798880 0.058743 0.223261 0.7336
0 0.879205 0.157338 0.012321 0.056247 0.5507
0 0.129177 0.649315 0.015908 0.057693 0.5225
0 0.176714 0.635263 0.015929 0.052945 0.4857
0 0.941169 0.313202 0.016633 0.037527 0.4245
0 0.323165 0.616926 0.013515 0.050396 0.4243
0 0.944129 0.209753 0.011059 0.040033 0.4057
0 0.806630 0.133175 0.010601 0.038945 0.4040
0 0.978791 0.171396 0.010999 0.042703 0.4012
0 0.962672 0.222614 0.011514 0.043998 0.4010
