0 0.281066 0.828978 0.105567 0.193692 0.9192
0 0.402236 0.827701 0.139794 0.195016 0.9143
0 0.281436 0.953611 0.103521 0.092454 0.8783
0 0.640445 0.761032 0.125343 0.114447 0.8746
0 0.653895 0.891124 0.210842 0.172807 0.8738
0 0.918556 0.813668 0.159660 0.188897 0.8721
0 0.884194 0.681340 0.181756 0.145023 0.8583
0 0.550460 0.796596 0.134083 0.198782 0.8557
0 0.730610 0.830451 0.140825 0.181156 0.8552
0 0.112230 0.498041 0.075594 0.203513 0.8551
0 0.269108 0.653440 0.078663 0.106621 0.8529
0 0.194184 0.467153 0.032998 0.104032 0.7347
0 0.340471 0.623333 0.073483 0.047966 0.6534
0 0.405821 0.624070 0.055312 0.048626 0.5537
0 0.636934 0.624804 0.099474 0.048326 0.4503
0 0.498257 0.626036 0.078117 0.052528 0.4207
0 0.447100 0.624664 0.073655 0.050236 0.4138
