0 0.954383 0.495982 0.054141 0.165686 0.9453
0 0.926141 0.408030 0.050550 0.236171 0.9414
0 0.612214 0.183779 0.044285 0.237823 0.9202
0 0.560943 0.101991 0.053931 0.135754 0.9131
0 0.726091 0.475490 0.061378 0.206178 0.8998
0 0.614876 0.062998 0.045547 0.125996 0.8995
0 0.714276 0.166683 0.043968 0.173529 0.8934
0 0.093400 0.291001 0.134562 0.574146 0.8810
0 0.671725 0.154911 0.041542 0.192604 0.8765
0 0.646973 0.503998 0.053624 0.148109 0.8722
0 0.777663 0.233449 0.061758 0.232898 0.8677
0 0.292161 0.297959 0.102061 0.563291 0.8364
0 0.556529 0.256408 0.048644 0.203598 0.8228
0 0.850166 0.100162 0.052171 0.178917 0.8210
0 0.630985 0.548823 0.057335 0.058796 0.6873
0 0.688003 0.023611 0.036696 0.047222 0.6554
0 0.754347 0.021833 0.040825 0.043029 0.5673
0 0.022871 0.259762 0.045475 0.406535 0.5004
0 0.719600 0.018460 0.038480 0.036920 0.4661
0 0.202154 0.794413 0.367188 0.304476 0.4306
