0 0.761895 0.833028 0.196483 0.333840 0.9215
0 0.433707 0.334617 0.173195 0.147374 0.8767
0 0.209013 0.776776 0.078051 0.195992 0.7546
0 0.325215 0.353346 0.158792 0.104814 0.7133
0 0.469108 0.726037 0.039290 0.128314 0.7055
0 0.063825 0.350352 0.076344 0.114173 0.6435
0 0.734210 0.746773 0.230661 0.496275 0.6364
0 0.390805 0.781063 0.064716 0.120218 0.6344
0 0.104402 0.362647 0.094095 0.095565 0.6047
0 0.072265 0.790489 0.088780 0.136480 0.5740
0 0.449263 0.733134 0.054846 0.119156 0.4685
0 0.390488 0.761391 0.062543 0.078799 0.4098
