0 0.226586 0.331038 0.111763 0.230529 0.7440
0 0.464238 0.327630 0.084038 0.184051 0.7183
0 0.538234 0.306565 0.084392 0.204812 0.7054
0 0.130571 0.806478 0.093186 0.206106 0.6904
0 0.702418 0.247444 0.051713 0.110737 0.6627
0 0.641654 0.283826 0.094707 0.140103 0.6041
0 0.251853 0.208702 0.112830 0.120544 0.5875
0 0.599957 0.187295 0.043671 0.079606 0.5593
0 0.541299 0.191148 0.073383 0.125859 0.5555
0 0.637177 0.209158 0.045024 0.089208 0.5343
0 0.367688 0.199846 0.091429 0.091045 0.4539
0 0.340923 0.316323 0.120674 0.237671 0.4430
