0 0.263777 0.221388 0.109257 0.224266 0.8233
0 0.175460 0.193161 0.098274 0.236193 0.7793
0 0.810294 0.229270 0.174689 0.458540 0.7657
0 0.043979 0.139886 0.087958 0.227837 0.7066
0 0.377932 0.215397 0.063017 0.240968 0.6841
0 0.463617 0.190197 0.053306 0.255631 0.6635
0 0.715317 0.381833 0.178077 0.153495 0.6438
0 0.501456 0.202557 0.047137 0.245696 0.6309
0 0.113077 0.176678 0.081047 0.212103 0.6168
0 0.541226 0.199495 0.050285 0.225753 0.5714
0 0.169529 0.042595 0.086045 0.085190 0.5415
0 0.463225 0.135143 0.054726 0.145645 0.5036
0 0.650425 0.241960 0.178323 0.434841 0.4246
