0 0.486700 0.258432 0.127172 0.360187 0.9256
0 0.829531 0.298948 0.055316 0.276048 0.8837
0 0.095837 0.748013 0.119435 0.498383 0.8707
0 0.893675 0.250009 0.041018 0.167242 0.8664
0 0.260975 0.243933 0.513295 0.394885 0.8552
0 0.192635 0.759730 0.113502 0.477746 0.8416
0 0.263672 0.785340 0.143494 0.426016 0.8293
0 0.709326 0.246567 0.034761 0.193947 0.8227
0 0.715340 0.943715 0.023642 0.104408 0.7092
0 0.094973 0.223759 0.189946 0.342241 0.7074
0 0.982229 0.947348 0.034041 0.102449 0.6874
0 0.352256 0.087189 0.120062 0.172104 0.5217
