0 0.936529 0.198863 0.126941 0.258828 0.8597
0 0.839669 0.226418 0.135798 0.207408 0.8454
0 0.212785 0.065285 0.057340 0.047843 0.8442
0 0.615138 0.237669 0.130782 0.182639 0.8292
0 0.386671 0.717723 0.090708 0.304112 0.8262
0 0.702830 0.151269 0.084254 0.186441 0.7739
0 0.093486 0.730767 0.091300 0.458518 0.7586
0 0.731179 0.232733 0.153526 0.193283 0.7550
0 0.712728 0.611496 0.055576 0.287935 0.7124
0 0.170513 0.141301 0.079901 0.034321 0.6858
0 0.606598 0.146027 0.086169 0.199727 0.6567
0 0.254298 0.822808 0.187189 0.300885 0.6470
0 0.213384 0.767844 0.091049 0.344157 0.6225
0 0.520550 0.149308 0.061329 0.170046 0.6217
0 0.537341 0.225653 0.091267 0.205327 0.6157
0 0.520616 0.119834 0.061922 0.108255 0.5328
0 0.897579 0.035230 0.079298 0.070460 0.5174
0 0.165129 0.691468 0.066935 0.421612 0.4941
0 0.365706 0.124906 0.040901 0.062780 0.4882
0 0.334184 0.647432 0.101584 0.129542 0.4797
0 0.808482 0.144908 0.104213 0.191422 0.4494
