0 0.778428 0.308461 0.437986 0.540920 0.9034
0 0.371005 0.364077 0.092946 0.428086 0.8903
0 0.445108 0.345748 0.127289 0.465759 0.8735
0 0.290332 0.346433 0.106382 0.467114 0.8560
0 0.080875 0.322980 0.161727 0.512852 0.8280
0 0.182004 0.289720 0.176162 0.579440 0.7993
0 0.536853 0.352183 0.045568 0.455891 0.7480
0 0.645592 0.904898 0.028083 0.127783 0.7115
0 0.941552 0.939713 0.049189 0.120574 0.6492
0 0.774228 0.909562 0.073282 0.180876 0.6092
0 0.233184 0.332380 0.078915 0.494322 0.6027
0 0.990794 0.935628 0.018412 0.128743 0.5915
0 0.521635 0.867837 0.079926 0.264325 0.5705
0 0.698178 0.899062 0.031182 0.127363 0.4742
