0 0.757700 0.132649 0.044225 0.152895 0.9451
0 0.785139 0.112758 0.033482 0.157144 0.9342
0 0.082878 0.184150 0.165757 0.366132 0.9315
0 0.747482 0.035716 0.031160 0.071431 0.9273
0 0.447777 0.183315 0.207333 0.366631 0.9263
0 0.781374 0.029650 0.041731 0.059300 0.9205
0 0.645974 0.102974 0.038581 0.150714 0.9201
0 0.668259 0.051794 0.036853 0.103144 0.9193
0 0.719299 0.036523 0.034869 0.073044 0.9141
0 0.824368 0.050797 0.029570 0.084153 0.9114
0 0.901715 0.028118 0.031821 0.056237 0.8976
0 0.275756 0.189682 0.266052 0.358654 0.8945
0 0.937262 0.045352 0.030619 0.090703 0.8910
0 0.241351 0.593435 0.107480 0.434789 0.8717
0 0.954407 0.110398 0.035992 0.150591 0.8626
0 0.794695 0.330504 0.036060 0.094616 0.8268
0 0.985546 0.046682 0.027372 0.093364 0.8203
0 0.951849 0.017554 0.027467 0.035108 0.8147
0 0.140189 0.797623 0.152590 0.401721 0.7714
0 0.082113 0.777530 0.163053 0.441992 0.7098
0 0.326564 0.769641 0.148773 0.460718 0.6495
0 0.868916 0.971707 0.030149 0.052917 0.6393
0 0.758719 0.839489 0.021696 0.107483 0.6272
0 0.927504 0.877260 0.030194 0.104216 0.6238
0 0.572019 0.642763 0.019244 0.099883 0.5746
0 0.729829 0.484803 0.011728 0.059389 0.5737
0 0.868822 0.594442 0.015352 0.088253 0.5628
0 0.628706 0.484659 0.012611 0.074601 0.5598
0 0.928091 0.025286 0.024906 0.050572 0.5552
0 0.758029 0.409997 0.014083 0.060201 0.5470
0 0.744647 0.483585 0.009831 0.062421 0.5020
0 0.562286 0.945834 0.024142 0.102210 0.4925
0 0.788683 0.440038 0.013568 0.075710 0.4815
0 0.689281 0.478491 0.009996 0.061943 0.4792
0 0.703822 0.593371 0.016141 0.073282 0.4715
0 0.874107 0.874986 0.022873 0.096662 0.4584
0 0.905731 0.560278 0.009420 0.057300 0.4389
0 0.691099 0.476251 0.011307 0.061445 0.4218
