0 0.731596 0.723809 0.048986 0.213682 0.9600
0 0.705024 0.839899 0.053639 0.236340 0.9470
0 0.983798 0.540538 0.032403 0.194559 0.8971
0 0.574624 0.618728 0.049299 0.193682 0.8838
0 0.569633 0.474331 0.036409 0.155983 0.8837
0 0.911956 0.561439 0.045022 0.199501 0.8826
0 0.600704 0.485904 0.038814 0.184459 0.8820
0 0.791124 0.308457 0.043607 0.054239 0.8696
0 0.969773 0.351847 0.038622 0.139341 0.8650
0 0.896906 0.348420 0.044059 0.140165 0.8352
0 0.591487 0.311324 0.031034 0.062672 0.7460
0 0.810112 0.964746 0.067172 0.070508 0.7454
0 0.688298 0.299435 0.037844 0.038556 0.7395
0 0.563604 0.433156 0.027768 0.144616 0.6805
0 0.613839 0.308106 0.026878 0.057745 0.6689
0 0.333322 0.706719 0.016572 0.100943 0.6450
0 0.647296 0.303119 0.034718 0.044596 0.6419
0 0.318473 0.709135 0.014096 0.101632 0.6112
0 0.993121 0.344314 0.013757 0.132019 0.5784
0 0.753160 0.187139 0.196315 0.108268 0.4163
