0 0.070799 0.891161 0.061442 0.217678 0.9497
0 0.101484 0.785999 0.056004 0.242130 0.9470
0 0.092747 0.276887 0.184164 0.552280 0.9400
0 0.441596 0.274934 0.158786 0.549867 0.9188
0 0.287615 0.275762 0.255184 0.551524 0.9124
0 0.400220 0.644976 0.056487 0.073001 0.9061
0 0.749608 0.512864 0.085870 0.193024 0.8927
0 0.305973 0.660032 0.055785 0.101675 0.8776
0 0.443974 0.915591 0.068748 0.168817 0.8306
0 0.435399 0.635322 0.045438 0.052253 0.7528
0 0.907505 0.748124 0.089552 0.275259 0.7232
0 0.641735 0.740976 0.121074 0.257402 0.5396
