0 0.946900 0.324044 0.052512 0.241663 0.9476
0 0.973551 0.395098 0.052158 0.141107 0.9234
0 0.792468 0.139046 0.060704 0.253798 0.9128
0 0.739498 0.385171 0.065504 0.169015 0.9077
0 0.729669 0.076402 0.044650 0.152803 0.9036
0 0.870107 0.048946 0.054921 0.097892 0.8907
0 0.825544 0.765797 0.111417 0.468407 0.8706
0 0.685114 0.074931 0.044359 0.149416 0.8640
0 0.749924 0.671236 0.053969 0.406453 0.8234
0 0.672514 0.416861 0.045777 0.103020 0.8088
0 0.393098 0.667093 0.199926 0.287338 0.7641
0 0.273022 0.390917 0.059168 0.095879 0.6966
0 0.200309 0.687805 0.086580 0.190875 0.5494
