0 0.842191 0.330941 0.027256 0.128914 0.9306
0 0.173711 0.435540 0.139199 0.320229 0.9288
0 0.855719 0.395822 0.029573 0.118516 0.9247
0 0.634825 0.489735 0.034003 0.118748 0.9117
0 0.683836 0.205784 0.025761 0.127623 0.9006
0 0.656103 0.247683 0.026391 0.105975 0.8791
0 0.310169 0.449868 0.148855 0.302156 0.8753
0 0.811748 0.028652 0.028330 0.057305 0.8676
0 0.811475 0.068108 0.030259 0.070853 0.8622
0 0.983267 0.359412 0.033143 0.121146 0.8531
0 0.657944 0.158423 0.027868 0.065781 0.8458
0 0.694437 0.330577 0.028316 0.121747 0.7939
0 0.587228 0.363557 0.027556 0.113512 0.7811
0 0.670548 0.434195 0.034075 0.133274 0.7787
0 0.733363 0.215276 0.026278 0.093304 0.7774
0 0.687025 0.135229 0.028074 0.071920 0.7734
0 0.544393 0.157699 0.026064 0.097018 0.7601
0 0.749683 0.308947 0.028930 0.121551 0.7562
0 0.714026 0.210712 0.020704 0.100121 0.7559
0 0.676698 0.054174 0.027290 0.087710 0.7337
0 0.793660 0.379050 0.034569 0.137519 0.7307
0 0.743054 0.025603 0.018884 0.050921 0.7238
0 0.868387 0.112817 0.026394 0.100385 0.7185
0 0.581317 0.283379 0.028639 0.090830 0.6939
0 0.140714 0.860512 0.280305 0.277384 0.6792
0 0.698730 0.073784 0.025952 0.090912 0.6751
0 0.594685 0.035054 0.022200 0.067317 0.6649
0 0.978735 0.233448 0.027295 0.095113 0.6643
0 0.768627 0.066880 0.022100 0.068553 0.6589
0 0.725747 0.086904 0.024141 0.087448 0.6418
0 0.741346 0.086748 0.022028 0.090686 0.6386
0 0.564541 0.033447 0.018778 0.062956 0.5954
0 0.966794 0.810118 0.066178 0.379763 0.5917
0 0.511213 0.236846 0.027759 0.113470 0.5866
0 0.575967 0.126131 0.021790 0.074007 0.5656
0 0.770502 0.023090 0.023528 0.046180 0.5644
0 0.956402 0.180508 0.028030 0.096514 0.5416
0 0.924852 0.229187 0.028850 0.087010 0.5291
0 0.766153 0.132951 0.021430 0.090929 0.5193
0 0.597307 0.134072 0.020323 0.080130 0.4930
0 0.992697 0.229880 0.014606 0.095186 0.4857
0 0.943413 0.067868 0.022045 0.075763 0.4745
