0 0.454215 0.879378 0.055502 0.214235 0.9495
0 0.070046 0.623255 0.047513 0.218216 0.9486
0 0.043851 0.731314 0.049878 0.206959 0.9387
0 0.362347 0.419657 0.043579 0.214343 0.9349
0 0.410943 0.355705 0.048757 0.088641 0.9260
0 0.098596 0.355819 0.040636 0.091346 0.9119
0 0.257022 0.688595 0.054687 0.225172 0.8949
0 0.338107 0.738990 0.053261 0.225662 0.8851
0 0.307404 0.403052 0.035540 0.179312 0.8784
0 0.267433 0.410614 0.042483 0.173957 0.8748
0 0.361185 0.332313 0.045590 0.043423 0.8734
0 0.413728 0.479710 0.046197 0.192653 0.8722
0 0.405894 0.782631 0.039513 0.211967 0.8719
0 0.352426 0.839793 0.056700 0.248410 0.8695
0 0.203113 0.511082 0.052975 0.234552 0.8652
0 0.750970 0.637901 0.067512 0.409210 0.8308
0 0.580313 0.371338 0.037304 0.121303 0.8192
0 0.556396 0.420010 0.036868 0.174470 0.8129
0 0.562052 0.566907 0.048242 0.210033 0.7907
0 0.865318 0.164500 0.267444 0.289903 0.7703
0 0.322023 0.071705 0.169179 0.072892 0.6526
0 0.620292 0.374774 0.038177 0.132198 0.6459
0 0.300855 0.166313 0.138666 0.127516 0.6003
0 0.603594 0.334119 0.035421 0.048292 0.5820
0 0.123736 0.181288 0.246856 0.186050 0.4704
