0 0.870287 0.705528 0.049554 0.223334 0.9554
0 0.898150 0.816491 0.052414 0.215608 0.9521
0 0.470117 0.927230 0.059851 0.144902 0.9462
0 0.537273 0.834686 0.052736 0.250591 0.9340
0 0.047258 0.420617 0.094517 0.317913 0.8909
0 0.685952 0.872283 0.059329 0.242403 0.8888
0 0.605628 0.916733 0.058373 0.164029 0.8859
0 0.261056 0.509740 0.090048 0.140661 0.8483
0 0.142849 0.731970 0.069338 0.302502 0.8345
0 0.663912 0.950990 0.070244 0.096549 0.8243
0 0.583420 0.610738 0.053979 0.062242 0.6546
0 0.367887 0.609249 0.035130 0.061870 0.4210
