0 0.644558 0.339694 0.057081 0.197772 0.9423
0 0.834187 0.621564 0.062339 0.220990 0.9340
0 0.086104 0.733901 0.128859 0.532198 0.9330
0 0.784232 0.920960 0.056995 0.158079 0.9238
0 0.742736 0.505672 0.040485 0.112565 0.9231
0 0.797218 0.595643 0.047860 0.233223 0.9219
0 0.729238 0.209164 0.057785 0.253426 0.9115
0 0.800964 0.478208 0.055936 0.076804 0.9069
0 0.588378 0.502426 0.040431 0.125190 0.9035
0 0.216881 0.748418 0.143565 0.488744 0.8905
0 0.895595 0.308582 0.072100 0.259539 0.8875
0 0.564770 0.593748 0.052008 0.216934 0.8788
0 0.954572 0.514106 0.050538 0.149524 0.8772
0 0.635188 0.477215 0.049338 0.077745 0.8637
0 0.602738 0.472087 0.030708 0.065084 0.8596
0 0.881838 0.485239 0.050235 0.091365 0.8556
0 0.282019 0.710551 0.101007 0.534664 0.8306
0 0.492515 0.485322 0.027608 0.091500 0.8200
0 0.520346 0.499299 0.040563 0.120095 0.8168
0 0.847301 0.484452 0.041993 0.088995 0.7926
0 0.788017 0.370171 0.074473 0.140976 0.7543
0 0.377431 0.724385 0.116263 0.541556 0.7247
0 0.163427 0.558990 0.073706 0.237617 0.6446
0 0.893885 0.413144 0.071834 0.053133 0.5242
0 0.121033 0.193963 0.124092 0.175476 0.4024
