0 0.436610 0.295161 0.251918 0.587420 0.9454
0 0.186512 0.302390 0.253623 0.571862 0.9209
0 0.799726 0.682037 0.053884 0.138275 0.9178
0 0.851474 0.752763 0.048669 0.187102 0.9129
0 0.867923 0.819028 0.058892 0.219744 0.8725
0 0.911304 0.672501 0.051737 0.166929 0.8531
0 0.872661 0.660566 0.051659 0.142247 0.8405
0 0.668164 0.650747 0.038650 0.125084 0.8082
0 0.942906 0.673709 0.043021 0.167338 0.7711
0 0.649589 0.812359 0.039036 0.217616 0.7212
0 0.986711 0.727976 0.026578 0.217721 0.6438
0 0.331211 0.806547 0.033494 0.069278 0.5506
0 0.638293 0.676536 0.017539 0.168563 0.4235
