0 0.273938 0.741145 0.048472 0.206497 0.9354
0 0.218939 0.683376 0.046228 0.209175 0.9276
0 0.271259 0.617061 0.050075 0.071569 0.9038
0 0.200536 0.893602 0.048443 0.212797 0.8812
0 0.160501 0.670673 0.040521 0.180786 0.8734
0 0.090537 0.855683 0.051132 0.230629 0.8653
0 0.118367 0.676736 0.044613 0.181607 0.8415
0 0.821614 0.290463 0.289966 0.575817 0.8376
0 0.434624 0.656463 0.043700 0.151460 0.7876
0 0.021457 0.898057 0.042915 0.203886 0.7876
0 0.265676 0.278581 0.066597 0.231500 0.7600
0 0.707245 0.875914 0.043576 0.202521 0.7463
0 0.420101 0.782459 0.048863 0.158388 0.7203
0 0.407610 0.908044 0.057043 0.183912 0.6163
0 0.258407 0.972406 0.042829 0.055188 0.5910
0 0.741245 0.753624 0.022418 0.110525 0.5688
0 0.490339 0.631993 0.039740 0.105037 0.5446
0 0.553537 0.710531 0.050471 0.206225 0.5395
