0 0.861298 0.495184 0.055134 0.150148 0.9443
0 0.832788 0.413773 0.050859 0.241160 0.9431
0 0.510713 0.186034 0.047235 0.248239 0.9340
0 0.631456 0.400830 0.063786 0.235057 0.9053
0 0.533813 0.454733 0.061140 0.226546 0.8981
0 0.513162 0.060832 0.046618 0.120902 0.8950
0 0.710782 0.414319 0.054392 0.284608 0.8921
0 0.568861 0.181707 0.040532 0.194811 0.8884
0 0.614936 0.198621 0.044751 0.175335 0.8717
0 0.567514 0.761497 0.184844 0.156518 0.8642
0 0.192905 0.752473 0.047903 0.150756 0.8268
0 0.589754 0.040271 0.040873 0.080494 0.8038
0 0.882321 0.063393 0.052144 0.126785 0.7913
0 0.472355 0.104405 0.026143 0.126555 0.7515
0 0.467970 0.258689 0.019037 0.204465 0.7307
0 0.626004 0.028795 0.045526 0.057590 0.6834
0 0.472028 0.521453 0.023881 0.096000 0.6727
0 0.988994 0.233137 0.022012 0.184969 0.6657
0 0.848060 0.069134 0.037984 0.138268 0.5649
0 0.664492 0.032839 0.044946 0.065679 0.5517
0 0.276778 0.256294 0.120577 0.341701 0.5084
