0 0.282191 0.645765 0.050233 0.129620 0.9444
0 0.285962 0.795284 0.047513 0.196066 0.9414
0 0.233626 0.726346 0.044008 0.227622 0.9384
0 0.231540 0.598095 0.042725 0.133201 0.9070
0 0.135352 0.729293 0.043514 0.171106 0.8901
0 0.711820 0.802444 0.122538 0.394879 0.8898
0 0.120514 0.906452 0.059480 0.187096 0.8830
0 0.909993 0.781038 0.118497 0.437923 0.8730
0 0.179024 0.719102 0.038385 0.186129 0.8706
0 0.816791 0.787364 0.084720 0.424801 0.8703
0 0.126039 0.434602 0.035782 0.074553 0.8543
0 0.211361 0.929961 0.056991 0.140079 0.8537
0 0.046125 0.902510 0.052023 0.194980 0.8536
0 0.489342 0.583770 0.033817 0.167357 0.8533
0 0.157450 0.531430 0.040605 0.175387 0.8508
0 0.256501 0.487351 0.041423 0.163542 0.8361
0 0.424704 0.222492 0.218145 0.357273 0.8318
0 0.127669 0.521644 0.040838 0.173572 0.8295
0 0.008205 0.487244 0.016410 0.132266 0.7952
0 0.134453 0.273859 0.239213 0.246613 0.7896
0 0.208668 0.495096 0.040822 0.167562 0.7706
0 0.545765 0.748689 0.047330 0.197631 0.7674
0 0.078189 0.474340 0.035100 0.135105 0.7657
0 0.416262 0.913068 0.051512 0.173389 0.7565
0 0.009473 0.440736 0.018758 0.079956 0.7492
0 0.405854 0.530954 0.036496 0.156633 0.7406
0 0.464472 0.443905 0.030649 0.088346 0.7394
0 0.399672 0.439099 0.027936 0.077093 0.7300
0 0.624124 0.231579 0.048965 0.339115 0.7251
0 0.924677 0.110013 0.032473 0.140783 0.7242
0 0.435249 0.523807 0.039667 0.154675 0.7013
0 0.092153 0.531626 0.043778 0.173816 0.6967
0 0.427924 0.736333 0.039834 0.176286 0.6936
0 0.660007 0.230437 0.050221 0.337325 0.6340
0 0.517370 0.661869 0.045766 0.180184 0.6213
0 0.439082 0.435570 0.031351 0.070484 0.5960
0 0.565253 0.113331 0.065163 0.075537 0.5816
0 0.963935 0.783138 0.049711 0.348736 0.5782
0 0.450970 0.673612 0.039604 0.180866 0.5321
0 0.734310 0.258029 0.060507 0.216683 0.4477
