0 0.570007 0.884200 0.042164 0.224656 0.7637
0 0.331350 0.887269 0.093710 0.221307 0.7489
0 0.137482 0.850052 0.025282 0.135610 0.7128
0 0.605080 0.897053 0.028291 0.185935 0.6740
0 0.190517 0.859631 0.027130 0.121438 0.6575
0 0.383798 0.888811 0.033363 0.167560 0.6475
0 0.498020 0.866320 0.024389 0.149818 0.5989
0 0.476641 0.894579 0.031732 0.206530 0.5965
0 0.517395 0.865767 0.023836 0.154452 0.5661
0 0.896851 0.758503 0.206097 0.468870 0.5593
0 0.087844 0.836513 0.019736 0.087706 0.5569
0 0.410918 0.883295 0.020728 0.157858 0.5447
0 0.430697 0.888116 0.024656 0.185544 0.5446
0 0.630461 0.897266 0.033203 0.195624 0.5050
0 0.032609 0.853193 0.026516 0.123074 0.5041
0 0.452038 0.890941 0.032602 0.199938 0.5035
0 0.544961 0.298770 0.017142 0.114233 0.4830
0 0.501599 0.299137 0.021043 0.095071 0.4533
0 0.578652 0.316319 0.026100 0.127572 0.4409
