0 0.717575 0.255154 0.296176 0.488339 0.9374
0 0.352878 0.673867 0.054965 0.255628 0.8766
0 0.401386 0.682724 0.062254 0.240153 0.8731
0 0.452804 0.681439 0.059952 0.241637 0.8527
0 0.496918 0.682513 0.049875 0.229280 0.8075
0 0.277271 0.850907 0.120350 0.297119 0.8056
0 0.197766 0.869479 0.115956 0.260709 0.7904
0 0.533341 0.867833 0.068483 0.260164 0.7873
0 0.306807 0.668155 0.067959 0.248290 0.7750
0 0.215894 0.674557 0.071516 0.274385 0.7642
0 0.437742 0.853948 0.075594 0.265130 0.7585
0 0.610523 0.887358 0.032362 0.153044 0.6844
0 0.263052 0.658284 0.057993 0.238848 0.6675
0 0.486440 0.852289 0.058675 0.253382 0.6623
0 0.388332 0.862269 0.066617 0.260957 0.6536
0 0.337490 0.851640 0.083382 0.286681 0.6491
0 0.536741 0.682405 0.060898 0.275999 0.6445
0 0.130777 0.751006 0.111671 0.495553 0.4930
0 0.128320 0.618240 0.108636 0.233997 0.4625
