0 0.696571 0.385322 0.051952 0.212643 0.9488
0 0.685043 0.733252 0.051590 0.214434 0.9445
0 0.722990 0.273676 0.048243 0.225921 0.9443
0 0.711785 0.656548 0.047338 0.152021 0.9164
0 0.925121 0.079033 0.043728 0.156361 0.8995
0 0.969448 0.076445 0.039096 0.152092 0.8917
0 0.898391 0.650000 0.054776 0.139228 0.8882
0 0.917090 0.303495 0.056972 0.222459 0.8781
0 0.850757 0.232284 0.049114 0.225767 0.8605
0 0.827060 0.662839 0.051332 0.163802 0.8460
0 0.331013 0.452968 0.077365 0.128784 0.8358
0 0.980953 0.679786 0.037949 0.199310 0.8289
0 0.591779 0.067459 0.047728 0.134033 0.8106
0 0.987077 0.347987 0.025846 0.230780 0.7170
0 0.538866 0.028278 0.039500 0.056001 0.6253
