0 0.335120 0.436580 0.098275 0.105203 0.8795
0 0.160048 0.746827 0.320095 0.505942 0.8592
0 0.564291 0.859826 0.122248 0.280348 0.8462
0 0.510550 0.425984 0.050080 0.124265 0.8459
0 0.253167 0.600326 0.175427 0.222534 0.8199
0 0.729781 0.432087 0.024927 0.095002 0.7642
0 0.800131 0.438108 0.025758 0.099749 0.7423
0 0.650109 0.432966 0.035989 0.106718 0.6922
0 0.985927 0.444420 0.022838 0.086253 0.6920
0 0.925456 0.437767 0.024634 0.094842 0.6883
0 0.675891 0.421533 0.019058 0.074556 0.6283
0 0.961560 0.442163 0.027348 0.079071 0.6251
0 0.765581 0.431405 0.020119 0.085105 0.6107
0 0.856222 0.437806 0.023714 0.095310 0.5564
0 0.825960 0.431473 0.026237 0.108365 0.5512
0 0.904566 0.440942 0.016891 0.082871 0.4877
0 0.886329 0.432904 0.013773 0.062602 0.4651
