0 0.573794 0.748510 0.176482 0.436366 0.9596
0 0.731538 0.753173 0.155722 0.438446 0.8898
0 0.881241 0.757213 0.178566 0.479313 0.8888
0 0.068109 0.175341 0.080083 0.172027 0.8692
0 0.689725 0.204269 0.073948 0.179355 0.8585
0 0.922793 0.552961 0.119535 0.161435 0.8263
0 0.619668 0.542901 0.056384 0.101388 0.7740
0 0.780882 0.564515 0.081932 0.125553 0.7421
0 0.691781 0.533772 0.100473 0.105574 0.7235
0 0.772970 0.513952 0.096537 0.087316 0.6529
0 0.660058 0.600357 0.089001 0.120412 0.5992
0 0.662180 0.677477 0.090195 0.273774 0.5954
