0 0.258481 0.246852 0.061644 0.177277 0.9167
0 0.200638 0.418233 0.054966 0.132601 0.8693
0 0.226469 0.623116 0.039712 0.173291 0.7893
0 0.789427 0.951134 0.034695 0.096616 0.7806
0 0.671761 0.897389 0.027631 0.115998 0.7757
0 0.319057 0.158061 0.039970 0.190391 0.7696
0 0.771881 0.236996 0.455500 0.396014 0.6945
0 0.016287 0.669980 0.032571 0.130998 0.6873
0 0.212422 0.566522 0.026849 0.127137 0.6872
0 0.733960 0.899025 0.028541 0.106407 0.6588
0 0.550541 0.930538 0.026020 0.109554 0.6484
0 0.670391 0.258727 0.255398 0.296366 0.6157
0 0.686527 0.952558 0.040116 0.094885 0.5677
0 0.444011 0.862294 0.022978 0.104829 0.5537
0 0.633356 0.898517 0.026804 0.094137 0.5435
0 0.461148 0.860767 0.017334 0.101376 0.5260
0 0.452658 0.966440 0.043137 0.067121 0.4465
0 0.630024 0.258048 0.177049 0.295901 0.4020
