0 0.181972 0.242604 0.057180 0.198426 0.9181
0 0.602388 0.251427 0.119394 0.153402 0.9116
0 0.800803 0.277042 0.127795 0.204404 0.9039
0 0.501210 0.747954 0.123652 0.504091 0.9008
0 0.273755 0.384047 0.085613 0.186698 0.8927
0 0.717452 0.250913 0.128696 0.155187 0.8856
0 0.911922 0.313638 0.105412 0.192882 0.8695
0 0.928923 0.354207 0.141766 0.273927 0.8430
0 0.495145 0.325858 0.112069 0.303462 0.7333
0 0.602731 0.764285 0.187712 0.471430 0.7005
0 0.855261 0.808068 0.063518 0.376948 0.6981
0 0.775301 0.817303 0.067596 0.365393 0.6422
0 0.675882 0.816560 0.055929 0.366881 0.5825
0 0.927753 0.742381 0.067683 0.281039 0.4903
