0 0.304973 0.303880 0.108219 0.202613 0.9335
0 0.708013 0.263840 0.248321 0.433018 0.9238
0 0.492304 0.775744 0.123885 0.414173 0.9135
0 0.416801 0.814216 0.139285 0.371567 0.8545
0 0.657261 0.874234 0.178088 0.249751 0.8460
0 0.255537 0.682369 0.122770 0.232086 0.8362
0 0.277960 0.835530 0.122629 0.324345 0.8196
0 0.864348 0.332574 0.270728 0.471959 0.8160
0 0.157384 0.828908 0.151431 0.328229 0.8112
0 0.162191 0.664294 0.111230 0.191930 0.8026
0 0.063405 0.767748 0.109973 0.401394 0.7613
0 0.370855 0.747802 0.124033 0.358626 0.6535
0 0.310606 0.602521 0.070263 0.069847 0.5985
0 0.183661 0.492786 0.104238 0.144807 0.5404
