0 0.923693 0.252592 0.141957 0.172124 0.8457
0 0.330946 0.829803 0.053546 0.170236 0.8078
0 0.772230 0.688540 0.454949 0.620688 0.7883
0 0.647558 0.086341 0.124474 0.172681 0.7819
0 0.526569 0.807865 0.027231 0.155862 0.7077
0 0.499973 0.793679 0.040623 0.145564 0.6578
0 0.231440 0.497249 0.050442 0.145741 0.5689
0 0.276914 0.812308 0.050239 0.159897 0.5446
0 0.460589 0.810528 0.055842 0.160499 0.4985
0 0.880938 0.676025 0.238124 0.647097 0.4913
0 0.407602 0.793534 0.034967 0.135806 0.4774
0 0.052016 0.059441 0.088694 0.118882 0.4624
0 0.169061 0.812502 0.047039 0.163207 0.4622
0 0.232247 0.818626 0.056192 0.178488 0.4076
