0 0.200869 0.124584 0.065207 0.249168 0.9127
0 0.634081 0.697298 0.105900 0.599829 0.8914
0 0.776206 0.697336 0.101006 0.600371 0.8863
0 0.715748 0.697582 0.075540 0.600231 0.8769
0 0.851267 0.694377 0.070683 0.591339 0.8726
0 0.925728 0.694653 0.108390 0.594651 0.8717
0 0.768745 0.203613 0.087442 0.159297 0.8712
0 0.377820 0.696949 0.093555 0.605441 0.8660
0 0.474430 0.695846 0.117201 0.608309 0.8632
0 0.254839 0.464230 0.032088 0.123398 0.8130
0 0.130704 0.329480 0.093125 0.141202 0.7953
0 0.552792 0.689944 0.084491 0.598588 0.7865
0 0.984048 0.696604 0.031905 0.606792 0.7228
0 0.653141 0.353253 0.078177 0.076084 0.4459
