0 0.226264 0.346786 0.071793 0.250770 0.9365
0 0.264381 0.610319 0.075301 0.138329 0.8736
0 0.854091 0.433847 0.067262 0.286368 0.8715
0 0.378580 0.877009 0.053163 0.168539 0.8086
0 0.309307 0.900660 0.078157 0.196999 0.7906
0 0.417259 0.892618 0.051154 0.150988 0.7736
0 0.781794 0.651335 0.064944 0.058240 0.7635
0 0.115601 0.865664 0.041847 0.102157 0.7579
0 0.221669 0.895127 0.071852 0.181961 0.7545
0 0.524068 0.901842 0.084720 0.188705 0.7241
0 0.480343 0.872794 0.053678 0.144831 0.5423
0 0.182177 0.872128 0.070774 0.145693 0.5200
0 0.089647 0.833708 0.030039 0.055655 0.5014
0 0.271149 0.855141 0.049467 0.095353 0.4786
0 0.850769 0.276113 0.056470 0.183496 0.4679
0 0.343194 0.836072 0.040006 0.071458 0.4063
