0 0.378254 0.874971 0.140901 0.249876 0.9554
0 0.535993 0.875109 0.174552 0.249782 0.9459
0 0.826591 0.900638 0.133904 0.198724 0.9342
0 0.245216 0.345700 0.123781 0.170174 0.9339
0 0.686672 0.887002 0.131398 0.225513 0.9336
0 0.111043 0.277249 0.114118 0.199771 0.9330
0 0.935774 0.838886 0.128452 0.218574 0.8993
0 0.457456 0.869755 0.087521 0.260490 0.8978
0 0.945615 0.917800 0.108535 0.164400 0.8927
0 0.908213 0.109304 0.077646 0.177404 0.8860
0 0.581276 0.785888 0.109152 0.188510 0.8829
0 0.573701 0.459594 0.130429 0.096780 0.8681
0 0.821801 0.819149 0.111004 0.176730 0.8450
0 0.709074 0.815439 0.101236 0.172298 0.7510
0 0.058667 0.565564 0.106006 0.066834 0.5668
