0 0.792008 0.817195 0.081221 0.181742 0.9257
0 0.257089 0.339669 0.048080 0.213920 0.9154
0 0.736940 0.971612 0.078902 0.055108 0.7320
0 0.644158 0.576724 0.031105 0.066631 0.6990
0 0.562277 0.579674 0.041166 0.072124 0.6842
0 0.706727 0.571548 0.026337 0.085557 0.6573
0 0.681755 0.576693 0.027942 0.079295 0.6527
0 0.623266 0.568457 0.021208 0.081951 0.5811
0 0.012108 0.933648 0.024216 0.132703 0.5569
0 0.601720 0.564582 0.026491 0.093596 0.5568
0 0.759221 0.575080 0.084683 0.076282 0.5361
0 0.229683 0.852229 0.172718 0.295045 0.4965
0 0.526285 0.578911 0.030521 0.062076 0.4059
