0 0.952096 0.628662 0.052556 0.245132 0.9464
0 0.976257 0.748774 0.047400 0.232282 0.9354
0 0.504029 0.215483 0.237430 0.285154 0.8921
0 0.828546 0.633638 0.056411 0.283511 0.8889
0 0.756535 0.601273 0.055294 0.228718 0.8739
0 0.744653 0.241619 0.059761 0.131317 0.8715
0 0.732212 0.428727 0.043032 0.140856 0.8682
0 0.308798 0.512070 0.089017 0.192341 0.8414
0 0.689628 0.429375 0.035502 0.140063 0.8187
0 0.365335 0.803293 0.226303 0.386683 0.8179
0 0.287155 0.179108 0.209917 0.358217 0.8094
0 0.426561 0.706059 0.173399 0.488456 0.8006
0 0.117660 0.198532 0.175632 0.318693 0.6734
0 0.630693 0.220488 0.079234 0.272268 0.4203
