0 0.812759 0.861760 0.060989 0.242112 0.9404
0 0.136420 0.252240 0.140427 0.326018 0.9119
0 0.290416 0.244898 0.140192 0.409718 0.9106
0 0.081601 0.264514 0.163202 0.494223 0.8815
0 0.490686 0.673821 0.058815 0.279268 0.8742
0 0.692887 0.612840 0.048960 0.169582 0.8718
0 0.739414 0.774512 0.055687 0.244557 0.8331
0 0.818247 0.270696 0.136858 0.201301 0.8156
0 0.165180 0.846448 0.146154 0.295543 0.8101
0 0.125505 0.777550 0.108319 0.343835 0.7819
0 0.901391 0.642285 0.052076 0.227636 0.7818
0 0.374207 0.258256 0.110198 0.409942 0.7794
0 0.202385 0.628946 0.057789 0.136335 0.7145
0 0.578838 0.590729 0.047952 0.122476 0.6684
0 0.758820 0.762445 0.044338 0.235486 0.5687
