0 0.475598 0.776556 0.049735 0.229214 0.9510
0 0.502659 0.889523 0.051945 0.216978 0.9459
0 0.809093 0.675187 0.193446 0.649626 0.9382
0 0.171962 0.563741 0.044875 0.227309 0.9196
0 0.122157 0.480607 0.051709 0.132173 0.9026
0 0.174201 0.433404 0.045144 0.131927 0.8999
0 0.283520 0.879056 0.062813 0.239641 0.8887
0 0.331073 0.612203 0.058877 0.217971 0.8713
0 0.140676 0.627988 0.043146 0.204397 0.8608
0 0.273063 0.533944 0.040395 0.169404 0.8598
0 0.401117 0.478168 0.048853 0.175471 0.8594
0 0.211055 0.909428 0.055654 0.176666 0.8438
0 0.141559 0.893648 0.053978 0.210193 0.8426
0 0.074526 0.964802 0.059381 0.068254 0.8408
0 0.231532 0.525213 0.039322 0.188008 0.8036
0 0.720068 0.669871 0.100933 0.655215 0.8034
0 0.415692 0.370110 0.046542 0.040817 0.7908
0 0.568606 0.484670 0.043055 0.156958 0.7590
0 0.628005 0.426211 0.037487 0.152996 0.7574
0 0.902562 0.671661 0.085589 0.654406 0.7337
0 0.247105 0.382199 0.034390 0.064665 0.7267
0 0.310478 0.381765 0.039042 0.063780 0.6666
0 0.564258 0.470154 0.037795 0.128897 0.6345
