0 0.321480 0.798838 0.041089 0.199597 0.9324
0 0.274018 0.722004 0.035528 0.100552 0.9320
0 0.342624 0.829114 0.034940 0.187465 0.9131
0 0.325887 0.656636 0.049964 0.149405 0.9076
0 0.076118 0.687610 0.034415 0.173844 0.9035
0 0.113593 0.794152 0.045794 0.192037 0.8914
0 0.135831 0.686921 0.037953 0.175646 0.8890
0 0.178645 0.645223 0.040155 0.168923 0.8700
0 0.147657 0.640774 0.028319 0.161581 0.8673
0 0.893517 0.751661 0.106947 0.303066 0.8672
0 0.046326 0.659901 0.030514 0.169420 0.8400
0 0.544508 0.746980 0.074306 0.298805 0.8052
0 0.165095 0.549227 0.032719 0.080970 0.7780
0 0.118359 0.616374 0.037441 0.154444 0.7737
0 0.075455 0.603172 0.031770 0.128961 0.7695
0 0.702991 0.737090 0.071640 0.365059 0.6547
0 0.102077 0.534986 0.041572 0.052389 0.6535
0 0.670467 0.783073 0.141827 0.416548 0.5713
0 0.198537 0.534245 0.025921 0.051673 0.5633
0 0.645530 0.778248 0.098367 0.408807 0.5565
0 0.352895 0.662092 0.013968 0.137768 0.4832
