0 0.743239 0.909610 0.048907 0.180780 0.9569
0 0.770342 0.963473 0.055096 0.072691 0.9242
0 0.892792 0.725935 0.043218 0.183948 0.9030
0 0.657950 0.348693 0.137522 0.555702 0.8993
0 0.918754 0.367255 0.146653 0.524622 0.8973
0 0.922370 0.722481 0.033984 0.175614 0.8962
0 0.182529 0.837446 0.084650 0.285810 0.8636
0 0.949739 0.690446 0.035350 0.122530 0.8625
0 0.796837 0.346881 0.099592 0.560511 0.8409
0 0.979468 0.869578 0.040665 0.218595 0.8258
0 0.112946 0.835002 0.080020 0.310859 0.8199
0 0.958849 0.893997 0.046570 0.209194 0.7743
0 0.978000 0.690936 0.032559 0.119309 0.7712
0 0.038934 0.827229 0.077867 0.320951 0.7429
0 0.600377 0.727898 0.019890 0.185391 0.6804
0 0.268037 0.824606 0.088413 0.233049 0.6742
0 0.348495 0.757090 0.117249 0.141727 0.6366
