0 0.502688 0.417408 0.211967 0.399986 0.9251
0 0.716001 0.395931 0.232209 0.437884 0.9219
0 0.031729 0.809517 0.063363 0.163160 0.7920
0 0.161453 0.817212 0.065689 0.132762 0.7352
0 0.051067 0.858775 0.102135 0.111817 0.7335
0 0.139507 0.867032 0.082613 0.109909 0.6963
0 0.207606 0.875122 0.090437 0.106343 0.6939
0 0.247794 0.830682 0.067377 0.164852 0.6670
0 0.285690 0.873701 0.086063 0.100738 0.6532
0 0.306886 0.822413 0.051948 0.167008 0.6036
0 0.969587 0.714598 0.038579 0.186900 0.5851
0 0.092043 0.831238 0.058182 0.118559 0.4750
