0 0.253597 0.274560 0.235499 0.318996 0.9588
0 0.350954 0.876450 0.052327 0.219233 0.9534
0 0.269520 0.769303 0.061385 0.224280 0.9518
0 0.081161 0.058146 0.162322 0.114322 0.9508
0 0.164666 0.249898 0.328398 0.311791 0.9479
0 0.523531 0.322993 0.062247 0.355075 0.9459
0 0.044989 0.905835 0.064636 0.188331 0.9340
0 0.671210 0.276960 0.046427 0.228801 0.9251
0 0.598013 0.285902 0.028218 0.214625 0.9216
0 0.121142 0.930293 0.066573 0.139414 0.9168
0 0.750148 0.273936 0.027769 0.165073 0.9135
0 0.633736 0.276085 0.024545 0.189148 0.9116
0 0.919175 0.265340 0.032860 0.189460 0.9088
0 0.809800 0.288415 0.032710 0.218195 0.9051
0 0.840684 0.253315 0.019832 0.163285 0.9032
0 0.128730 0.967704 0.055886 0.064593 0.9016
0 0.724066 0.274154 0.022523 0.175499 0.9003
0 0.453248 0.270121 0.026526 0.191581 0.8956
0 0.785663 0.261725 0.018023 0.143569 0.8938
0 0.486685 0.261854 0.026890 0.208872 0.8935
0 0.870706 0.269012 0.026464 0.199293 0.8860
0 0.883870 0.270259 0.026841 0.176814 0.8428
0 0.256277 0.991020 0.058879 0.017959 0.5637
