0 0.202289 0.761568 0.049806 0.219429 0.9500
0 0.174846 0.878488 0.055110 0.239775 0.9454
0 0.583925 0.657363 0.055027 0.097386 0.9369
0 0.616712 0.646205 0.041495 0.075082 0.9276
0 0.472499 0.642182 0.053242 0.065131 0.8960
0 0.616416 0.912856 0.050011 0.174288 0.8879
0 0.687732 0.281112 0.240853 0.555895 0.8833
0 0.980153 0.852082 0.039652 0.238336 0.8639
0 0.893932 0.305766 0.211878 0.609851 0.8519
0 0.594105 0.304768 0.168977 0.600643 0.8463
0 0.369932 0.640730 0.052455 0.062121 0.7890
0 0.502586 0.630510 0.036873 0.042264 0.7132
0 0.013675 0.708841 0.027336 0.190362 0.6659
0 0.834528 0.291259 0.114038 0.497124 0.6512
0 0.707619 0.976677 0.050649 0.046645 0.5881
0 0.492590 0.898308 0.036821 0.203384 0.4753
0 0.368369 0.978277 0.079163 0.043445 0.4734
