0 0.727749 0.084551 0.212121 0.169102 0.9390
0 0.275850 0.811149 0.039823 0.196448 0.9278
0 0.308403 0.835806 0.052534 0.194373 0.9263
0 0.229225 0.734715 0.035238 0.098890 0.9241
0 0.510545 0.542417 0.035940 0.070351 0.9164
0 0.509712 0.579426 0.038064 0.110761 0.8990
0 0.071925 0.802141 0.045547 0.181633 0.8962
0 0.280971 0.671738 0.047482 0.148593 0.8955
0 0.319907 0.676538 0.036584 0.160218 0.8857
0 0.352467 0.683649 0.041271 0.144879 0.8810
0 0.441568 0.800174 0.045756 0.186303 0.8693
0 0.035952 0.705170 0.036773 0.169319 0.8640
0 0.415724 0.706418 0.044868 0.185840 0.8585
0 0.094890 0.696973 0.037566 0.181188 0.8553
0 0.105817 0.656106 0.028152 0.155984 0.8287
0 0.155509 0.543082 0.025866 0.069500 0.8253
0 0.035805 0.618593 0.035790 0.138599 0.7947
0 0.011352 0.671284 0.022678 0.167723 0.7789
0 0.079201 0.621839 0.035397 0.165559 0.7779
0 0.119001 0.553308 0.036716 0.088110 0.7487
0 0.136279 0.657783 0.035962 0.167146 0.6437
0 0.058529 0.545022 0.040995 0.073103 0.6429
