0 0.287049 0.336911 0.154778 0.181095 0.9567
0 0.549590 0.618438 0.051926 0.230823 0.9515
0 0.521434 0.742394 0.056957 0.251899 0.9490
0 0.961178 0.892678 0.054480 0.210461 0.9377
0 0.718599 0.917634 0.072123 0.162239 0.9352
0 0.832011 0.476566 0.057882 0.098737 0.9342
0 0.867043 0.464791 0.044169 0.073879 0.9331
0 0.864573 0.776730 0.054360 0.251512 0.9229
0 0.332636 0.097435 0.036472 0.067378 0.9150
0 0.622985 0.932475 0.072307 0.132573 0.9131
0 0.729146 0.477812 0.058012 0.099907 0.8998
0 0.744073 0.968857 0.064836 0.059874 0.8601
