0 0.821523 0.910600 0.049846 0.178800 0.9612
0 0.551769 0.745804 0.055159 0.198582 0.9461
0 0.517844 0.719173 0.042460 0.203080 0.9418
0 0.848202 0.964381 0.055661 0.071239 0.9111
0 0.400705 0.765982 0.139812 0.468036 0.9103
0 0.662868 0.575896 0.052079 0.110268 0.8870
0 0.664121 0.730273 0.054841 0.200019 0.8790
0 0.523215 0.585564 0.050970 0.132945 0.8752
0 0.972676 0.719808 0.045590 0.192128 0.8379
0 0.991934 0.720492 0.016132 0.177833 0.7832
0 0.479855 0.641002 0.020063 0.100764 0.7566
0 0.096970 0.693478 0.115461 0.274229 0.7089
0 0.962955 0.588813 0.041981 0.138322 0.7037
0 0.575809 0.576131 0.047293 0.115161 0.6901
0 0.861909 0.535865 0.037688 0.035090 0.6503
0 0.727478 0.208586 0.100039 0.240754 0.6496
0 0.547318 0.563907 0.037404 0.087705 0.6022
0 0.504807 0.975417 0.057397 0.049166 0.5836
0 0.231100 0.780180 0.100569 0.271353 0.5347
