0 0.946729 0.856126 0.052243 0.230725 0.9596
0 0.631466 0.635556 0.043531 0.209625 0.9524
0 0.973352 0.926132 0.052853 0.147735 0.9480
0 0.666772 0.659631 0.056696 0.209144 0.9436
0 0.581438 0.549073 0.037869 0.109485 0.9233
0 0.636334 0.526476 0.051791 0.072481 0.9067
0 0.439565 0.551004 0.041023 0.118923 0.8701
0 0.756266 0.678675 0.051451 0.212981 0.8667
0 0.692544 0.512716 0.038189 0.046880 0.8289
0 0.494937 0.542114 0.044005 0.101739 0.8265
0 0.064558 0.743204 0.070035 0.199373 0.8094
0 0.426334 0.578633 0.043817 0.169607 0.7829
0 0.346683 0.560585 0.043759 0.138933 0.7198
0 0.385559 0.587514 0.042030 0.191397 0.7126
0 0.775299 0.510654 0.043449 0.040208 0.6889
0 0.624748 0.193003 0.155423 0.155504 0.5928
0 0.626433 0.949688 0.071734 0.100624 0.4302
