0 0.546565 0.539496 0.056609 0.254396 0.9524
0 0.887036 0.195640 0.043593 0.212105 0.9506
0 0.852811 0.222782 0.057722 0.201743 0.9469
0 0.574648 0.413991 0.051377 0.225209 0.9442
0 0.896017 0.555225 0.051987 0.237938 0.9248
0 0.936266 0.113940 0.036929 0.102098 0.9211
0 0.563878 0.786297 0.058186 0.173577 0.9173
0 0.881668 0.061767 0.052214 0.123533 0.9153
0 0.976664 0.640414 0.045893 0.122740 0.9121
0 0.598360 0.772714 0.042497 0.144772 0.9001
0 0.734645 0.203405 0.053441 0.210435 0.8973
0 0.976948 0.917126 0.044887 0.164435 0.8931
0 0.420222 0.197740 0.046167 0.199279 0.8566
0 0.736747 0.057864 0.051611 0.115051 0.8497
0 0.741871 0.644316 0.071091 0.111550 0.8370
0 0.422653 0.763738 0.049198 0.127724 0.8315
0 0.390863 0.197193 0.034679 0.180489 0.8263
0 0.817516 0.764336 0.049063 0.125648 0.8068
0 0.387773 0.114433 0.028567 0.109292 0.8001
0 0.429867 0.067103 0.041754 0.134205 0.7692
0 0.334972 0.137564 0.029741 0.181318 0.7539
0 0.075895 0.775952 0.034705 0.139423 0.7357
0 0.359443 0.139373 0.036719 0.185538 0.7303
0 0.354989 0.387675 0.046949 0.233486 0.7268
0 0.339164 0.357645 0.034725 0.248479 0.7071
0 0.833308 0.054923 0.042560 0.109845 0.6450
0 0.985509 0.078301 0.028017 0.153071 0.5504
0 0.858153 0.044974 0.034650 0.089948 0.4776
0 0.529975 0.021684 0.037321 0.041890 0.4486
