0 0.357875 0.560207 0.048361 0.214789 0.9548
0 0.383752 0.675726 0.053212 0.237107 0.9482
0 0.051612 0.689557 0.049093 0.227880 0.9399
0 0.094751 0.397645 0.054763 0.154617 0.9336
0 0.061437 0.386276 0.040126 0.132278 0.9274
0 0.197578 0.850089 0.068609 0.256239 0.9096
0 0.504756 0.384080 0.043649 0.131440 0.8944
0 0.616738 0.245886 0.043176 0.140232 0.8695
0 0.289955 0.899493 0.067110 0.201014 0.8669
0 0.198925 0.392092 0.057102 0.146176 0.8636
0 0.529361 0.378094 0.021857 0.118758 0.8527
0 0.653428 0.253705 0.044212 0.122230 0.8483
0 0.571187 0.246616 0.058281 0.143332 0.8421
0 0.849775 0.250413 0.040027 0.137579 0.8408
0 0.950113 0.257235 0.053130 0.124014 0.8316
0 0.881565 0.249479 0.031530 0.137835 0.8257
0 0.148120 0.921415 0.057932 0.157170 0.8238
0 0.985086 0.260090 0.029816 0.117671 0.7988
0 0.903409 0.262058 0.036400 0.115328 0.7746
0 0.695610 0.251763 0.045272 0.134789 0.7686
0 0.758671 0.241162 0.042895 0.145305 0.7240
0 0.720908 0.244105 0.033160 0.147608 0.7048
0 0.929807 0.255296 0.030226 0.127996 0.5934
0 0.806480 0.255976 0.042214 0.125856 0.5886
