0 0.377945 0.749011 0.102976 0.239996 0.9544
0 0.048774 0.721321 0.097547 0.272138 0.9543
0 0.740024 0.416408 0.055558 0.244251 0.9519
0 0.712771 0.296100 0.050283 0.220568 0.9456
0 0.580278 0.085159 0.046851 0.170318 0.9436
0 0.548802 0.502846 0.064268 0.131002 0.9420
0 0.449173 0.109216 0.039752 0.195256 0.9372
0 0.936717 0.073068 0.031604 0.144660 0.9367
0 0.169771 0.766140 0.108160 0.113350 0.9282
0 0.876902 0.115932 0.041580 0.198703 0.9251
0 0.553682 0.037541 0.045712 0.075032 0.9248
0 0.946684 0.303900 0.053857 0.229371 0.9207
0 0.909516 0.111495 0.039516 0.190758 0.9060
0 0.314030 0.760737 0.044885 0.072749 0.9009
0 0.968797 0.086085 0.032305 0.170480 0.8966
0 0.071185 0.902829 0.142290 0.094741 0.8908
0 0.489730 0.015405 0.043030 0.030809 0.8881
0 0.906880 0.599639 0.037921 0.048411 0.8859
0 0.876733 0.026005 0.044986 0.051880 0.8844
0 0.972803 0.275718 0.049300 0.248203 0.8800
0 0.906908 0.040236 0.028591 0.079387 0.8668
0 0.173546 0.750846 0.017152 0.057136 0.8663
0 0.991930 0.074306 0.016141 0.146757 0.7907
0 0.458216 0.015089 0.033665 0.030178 0.5636
