0 0.743749 0.907473 0.056080 0.185055 0.9544
0 0.737646 0.146654 0.045974 0.226405 0.9513
0 0.703115 0.482661 0.041646 0.105630 0.9512
0 0.774238 0.175505 0.059907 0.220616 0.9500
0 0.209716 0.700705 0.060488 0.219358 0.9495
0 0.793779 0.595134 0.060866 0.221981 0.9492
0 0.756612 0.567355 0.045962 0.225904 0.9483
0 0.172104 0.670547 0.046190 0.225820 0.9458
0 0.922646 0.575422 0.063810 0.221922 0.9437
0 0.223113 0.522296 0.042412 0.183266 0.9415
0 0.807422 0.469358 0.042622 0.079702 0.9404
0 0.177433 0.513003 0.056978 0.164672 0.9401
0 0.338705 0.680076 0.064277 0.222011 0.9381
0 0.332156 0.505057 0.056882 0.149484 0.9373
0 0.118621 0.583035 0.039999 0.115102 0.9363
0 0.885047 0.170699 0.059722 0.225558 0.9353
0 0.683774 0.057914 0.040306 0.114046 0.9342
0 0.261469 0.528461 0.047971 0.176250 0.9335
0 0.845284 0.469848 0.047318 0.080908 0.9332
0 0.523789 0.561125 0.052619 0.216101 0.9260
0 0.476755 0.095984 0.047770 0.191969 0.9250
0 0.448914 0.467217 0.035456 0.075238 0.9247
0 0.548483 0.484079 0.042047 0.107042 0.9240
0 0.742520 0.034933 0.056767 0.069309 0.9214
0 0.017169 0.511520 0.034338 0.162878 0.9200
0 0.583170 0.041964 0.038780 0.083828 0.9173
0 0.762130 0.460756 0.057096 0.061121 0.9133
0 0.443211 0.059960 0.053308 0.119164 0.9120
0 0.480506 0.483238 0.040946 0.107294 0.9116
0 0.596287 0.458838 0.046048 0.057045 0.9033
0 0.520376 0.085497 0.043333 0.170994 0.8995
0 0.532221 0.059650 0.042943 0.118847 0.8932
0 0.419815 0.017053 0.044488 0.033554 0.8905
0 0.158684 0.958566 0.057228 0.082869 0.8904
0 0.897379 0.026337 0.056080 0.051875 0.8890
0 0.916585 0.451971 0.056460 0.044752 0.8738
0 0.560863 0.453636 0.030645 0.046029 0.8701
0 0.803383 0.023786 0.041820 0.047572 0.8482
