0 0.395546 0.687628 0.279028 0.466943 0.9494
0 0.917640 0.702424 0.040978 0.068413 0.7400
0 0.950139 0.690310 0.035905 0.082693 0.7105
0 0.914770 0.652496 0.025851 0.089812 0.6952
0 0.756171 0.689886 0.035809 0.068165 0.6829
0 0.819151 0.697856 0.037910 0.062504 0.6367
0 0.868419 0.337204 0.012456 0.063325 0.6335
0 0.980015 0.692916 0.032917 0.066673 0.6142
0 0.846859 0.373601 0.012503 0.066156 0.5858
0 0.881759 0.688241 0.034961 0.072416 0.5640
0 0.793708 0.692841 0.029392 0.066119 0.5557
0 0.896440 0.667272 0.020937 0.090947 0.5522
0 0.854283 0.697363 0.035540 0.059886 0.5306
0 0.724184 0.689678 0.031032 0.058452 0.4915
0 0.895549 0.417133 0.010946 0.060791 0.4835
0 0.951065 0.647207 0.038368 0.109715 0.4661
0 0.880972 0.417649 0.009954 0.059000 0.4622
0 0.685910 0.737908 0.048713 0.252953 0.4568
0 0.864979 0.657056 0.021083 0.086968 0.4519
0 0.992733 0.414584 0.014001 0.071352 0.4512
