0 0.811580 0.067348 0.051423 0.134697 0.9430
0 0.783716 0.229111 0.055291 0.195644 0.9400
0 0.816197 0.202617 0.042114 0.201668 0.9369
0 0.864243 0.123243 0.036119 0.102435 0.9367
0 0.770393 0.075574 0.036708 0.151148 0.9294
0 0.736479 0.079303 0.043396 0.147734 0.9159
0 0.675736 0.096548 0.050098 0.193097 0.9156
0 0.958682 0.066517 0.039736 0.133034 0.8952
0 0.475240 0.815274 0.204406 0.366875 0.8720
0 0.828033 0.458725 0.048581 0.078990 0.8611
0 0.647480 0.194560 0.044409 0.190020 0.8330
0 0.329058 0.693513 0.112805 0.331722 0.8222
0 0.988773 0.062998 0.022455 0.124988 0.8216
0 0.243163 0.761707 0.078048 0.267834 0.8050
0 0.941642 0.750980 0.116221 0.487692 0.7816
0 0.114562 0.077279 0.131302 0.154557 0.7266
0 0.203539 0.772153 0.124422 0.309613 0.6403
