0 0.392574 0.859277 0.138965 0.281447 0.9643
0 0.471491 0.858015 0.197523 0.283970 0.9580
0 0.867124 0.083089 0.044515 0.118860 0.9562
0 0.613224 0.768986 0.051522 0.228769 0.9543
0 0.117692 0.768692 0.107445 0.176757 0.9473
0 0.591377 0.884326 0.043178 0.231349 0.9470
0 0.249785 0.750250 0.156042 0.285392 0.9466
0 0.866145 0.041940 0.045135 0.083527 0.9461
0 0.232265 0.802875 0.097605 0.181328 0.9453
0 0.805878 0.515936 0.051470 0.149456 0.9436
0 0.940224 0.889166 0.053194 0.221667 0.9379
0 0.803862 0.058815 0.038168 0.117630 0.9337
0 0.631296 0.293670 0.041030 0.165661 0.9333
0 0.638537 0.443390 0.051769 0.206395 0.9323
0 0.759163 0.062378 0.040524 0.124475 0.9284
0 0.656509 0.081532 0.039227 0.161549 0.9265
0 0.893671 0.633657 0.056933 0.087095 0.9241
0 0.717532 0.065856 0.039314 0.131711 0.9163
0 0.621906 0.074345 0.032112 0.145659 0.9136
0 0.584894 0.243441 0.029985 0.157729 0.9117
0 0.594628 0.424887 0.042821 0.222081 0.9105
0 0.784867 0.969741 0.074442 0.060518 0.9073
0 0.675344 0.072879 0.036779 0.145758 0.9041
0 0.665606 0.304872 0.041600 0.195807 0.9005
0 0.928626 0.622433 0.044043 0.062310 0.8969
0 0.981072 0.122456 0.037467 0.199526 0.8930
0 0.984987 0.386681 0.029494 0.207524 0.8867
0 0.625847 0.250719 0.033874 0.156000 0.8857
0 0.593497 0.231908 0.026838 0.153380 0.8840
0 0.772536 0.625677 0.061189 0.068810 0.8832
