0 0.687361 0.769935 0.218854 0.460130 0.9743
0 0.524123 0.797583 0.148941 0.404450 0.9679
0 0.822162 0.761762 0.146362 0.473623 0.9603
0 0.949745 0.752647 0.100236 0.494706 0.9513
0 0.281495 0.739488 0.086161 0.249950 0.9500
0 0.732148 0.091253 0.055233 0.182506 0.9489
0 0.467176 0.271207 0.034602 0.223104 0.9454
0 0.778205 0.389255 0.051146 0.219671 0.9448
0 0.765993 0.079218 0.041876 0.158436 0.9425
0 0.614546 0.082620 0.058924 0.165239 0.9293
0 0.977468 0.077963 0.044401 0.155177 0.9249
0 0.857133 0.466590 0.051659 0.065366 0.9142
0 0.814819 0.014157 0.037248 0.027985 0.9029
0 0.627115 0.467055 0.072346 0.062491 0.8901
