0 0.914155 0.267533 0.039944 0.168341 0.9466
0 0.699885 0.126739 0.042975 0.150420 0.9401
0 0.935652 0.357643 0.044452 0.185243 0.9386
0 0.672258 0.107564 0.032801 0.152836 0.9368
0 0.601234 0.454342 0.042140 0.129321 0.9350
0 0.663278 0.365702 0.038966 0.183008 0.9294
0 0.677096 0.026403 0.040027 0.052805 0.9211
0 0.709122 0.033200 0.030645 0.066401 0.9198
0 0.736543 0.033761 0.033884 0.067522 0.9154
0 0.634515 0.043099 0.029184 0.083250 0.9085
0 0.791661 0.113171 0.045527 0.150851 0.9071
0 0.557107 0.025436 0.033553 0.050871 0.9002
0 0.524075 0.043195 0.030114 0.086389 0.8969
0 0.784240 0.451680 0.054229 0.133737 0.8927
0 0.574629 0.651521 0.063120 0.263033 0.8886
0 0.787623 0.022947 0.041159 0.045894 0.8720
0 0.792846 0.629719 0.058123 0.221598 0.8488
0 0.511514 0.102409 0.025802 0.146652 0.8406
0 0.743130 0.640443 0.053286 0.237326 0.8035
0 0.776228 0.864562 0.123561 0.270229 0.7980
0 0.618958 0.902435 0.091139 0.191728 0.7922
0 0.255713 0.745026 0.018182 0.089800 0.7426
0 0.701751 0.624011 0.055681 0.204219 0.6878
0 0.526421 0.643043 0.052879 0.247124 0.6711
0 0.315547 0.721802 0.016399 0.092611 0.6195
0 0.288117 0.740072 0.017444 0.088462 0.5767
0 0.351067 0.883757 0.021196 0.096040 0.5526
0 0.326141 0.895804 0.026390 0.102326 0.5493
0 0.268224 0.574565 0.013441 0.069191 0.5100
0 0.726192 0.496725 0.048202 0.045368 0.4883
0 0.291077 0.661364 0.014681 0.074813 0.4714
0 0.329096 0.596272 0.009937 0.069975 0.4425
0 0.216506 0.578917 0.011713 0.064651 0.4359
0 0.320761 0.596161 0.010875 0.066549 0.4265
0 0.468893 0.873166 0.018508 0.091141 0.4159
