0 0.507746 0.608259 0.091008 0.229688 0.9045
0 0.422759 0.828026 0.086080 0.339820 0.8938
0 0.427639 0.616273 0.096400 0.257716 0.8934
0 0.496799 0.853797 0.137156 0.288100 0.8859
0 0.043413 0.272164 0.086755 0.328571 0.8838
0 0.585021 0.637921 0.095823 0.238905 0.8835
0 0.809735 0.606298 0.088328 0.249951 0.8725
0 0.727014 0.653076 0.073485 0.339487 0.8672
0 0.353399 0.234013 0.051353 0.317400 0.8645
0 0.628701 0.841760 0.121401 0.313626 0.8610
0 0.683428 0.685103 0.108292 0.354465 0.7869
0 0.908632 0.614309 0.084364 0.192131 0.7613
0 0.162754 0.204591 0.031592 0.115788 0.7376
0 0.565573 0.809286 0.084594 0.337360 0.7267
0 0.134854 0.203719 0.023027 0.114742 0.7197
0 0.214538 0.203237 0.028668 0.132059 0.7095
0 0.979989 0.671117 0.039839 0.339401 0.6349
0 0.567582 0.754344 0.084877 0.226398 0.5646
