0 0.655897 0.267194 0.060617 0.220283 0.9442
0 0.692796 0.241887 0.046736 0.226894 0.9441
0 0.745938 0.156190 0.039395 0.109985 0.9204
0 0.687255 0.082801 0.057687 0.165603 0.8653
0 0.542586 0.067615 0.055734 0.135229 0.8625
0 0.557041 0.287229 0.057543 0.228514 0.8529
0 0.747178 0.779559 0.062079 0.148478 0.8497
0 0.822558 0.800190 0.069854 0.203120 0.8492
0 0.585240 0.769634 0.052322 0.132196 0.8163
0 0.627354 0.067330 0.047380 0.134661 0.8162
0 0.940445 0.771671 0.100638 0.275783 0.8026
0 0.313230 0.785480 0.040715 0.226505 0.7746
0 0.017107 0.850329 0.034215 0.286487 0.7661
0 0.169064 0.805648 0.045312 0.247057 0.7563
0 0.677533 0.762238 0.084158 0.170625 0.7338
0 0.366807 0.902784 0.072802 0.194432 0.7300
0 0.835695 0.102472 0.046424 0.186952 0.7224
0 0.389269 0.769259 0.051960 0.148880 0.7219
0 0.132418 0.812694 0.037520 0.256087 0.7022
0 0.272234 0.779485 0.049974 0.215872 0.7003
0 0.057529 0.791722 0.058865 0.191911 0.6946
0 0.869786 0.753768 0.030766 0.127328 0.6886
0 0.342122 0.811816 0.050663 0.246939 0.6382
0 0.951011 0.191566 0.047961 0.194268 0.6242
0 0.389906 0.824538 0.053663 0.258504 0.6205
0 0.113695 0.850905 0.062906 0.280678 0.6030
0 0.050213 0.911035 0.094877 0.177930 0.5872
0 0.898996 0.143622 0.040566 0.181610 0.5815
0 0.679500 0.553574 0.065073 0.071033 0.5296
0 0.903960 0.165538 0.042096 0.192164 0.5159
0 0.219371 0.765340 0.046806 0.147599 0.4764
0 0.937604 0.056704 0.040543 0.112095 0.4372
0 0.109937 0.827418 0.049964 0.238595 0.4087
