0 0.933417 0.575203 0.035943 0.099951 0.7073
0 0.957599 0.589500 0.025799 0.076571 0.6569
0 0.241635 0.488485 0.020349 0.067989 0.6177
0 0.905667 0.452851 0.019860 0.061129 0.5559
0 0.390740 0.526010 0.034047 0.083385 0.5539
0 0.797294 0.390780 0.017553 0.050744 0.5304
0 0.726232 0.360153 0.015795 0.039614 0.5282
0 0.698256 0.346482 0.013614 0.043257 0.4814
0 0.639474 0.406891 0.020153 0.055136 0.4768
0 0.678834 0.333341 0.013085 0.045099 0.4749
0 0.286101 0.462887 0.022908 0.079276 0.4547
0 0.766429 0.356206 0.013715 0.053465 0.4413
0 0.587681 0.335704 0.011124 0.034776 0.4075
0 0.140629 0.593235 0.026831 0.083514 0.4073
