0 0.137002 0.583962 0.027698 0.079397 0.7572
0 0.184098 0.541456 0.031211 0.083168 0.7507
0 0.647326 0.322285 0.015638 0.038766 0.7255
0 0.895152 0.544265 0.029451 0.079407 0.7182
0 0.154999 0.460758 0.019511 0.061672 0.7101
0 0.921920 0.545083 0.020647 0.074230 0.6277
0 0.028632 0.548235 0.023954 0.075264 0.6103
0 0.665355 0.321491 0.015779 0.037438 0.5799
0 0.942034 0.546347 0.020280 0.073310 0.5718
0 0.717051 0.348652 0.014146 0.044755 0.5591
0 0.686542 0.328486 0.013001 0.041247 0.4569
0 0.320551 0.415789 0.021185 0.055301 0.4418
