0 0.562018 0.132193 0.038153 0.113994 0.7392
0 0.436507 0.306402 0.041533 0.176282 0.7338
0 0.602333 0.709935 0.114989 0.331845 0.7256
0 0.588817 0.059230 0.032101 0.115812 0.7209
0 0.888830 0.638593 0.079341 0.220735 0.6464
0 0.502883 0.030885 0.023830 0.061769 0.6044
0 0.542073 0.047168 0.027630 0.091445 0.5338
0 0.878435 0.241791 0.027712 0.059683 0.5157
0 0.956492 0.257785 0.033656 0.146665 0.5073
0 0.426481 0.033052 0.027280 0.058884 0.4677
0 0.909755 0.251605 0.024170 0.095111 0.4278
0 0.561809 0.510641 0.059880 0.188908 0.4049
