0 0.143667 0.617196 0.034540 0.093738 0.7536
0 0.849236 0.498991 0.024695 0.077117 0.7120
0 0.809511 0.411088 0.020425 0.055938 0.6658
0 0.936068 0.519088 0.029527 0.105563 0.6520
0 0.013873 0.566042 0.024993 0.082700 0.6144
0 0.869169 0.489767 0.021815 0.067399 0.5738
0 0.311474 0.455478 0.020078 0.067956 0.5503
0 0.988225 0.508509 0.022577 0.073705 0.5412
0 0.835424 0.417154 0.016587 0.060710 0.5326
0 0.683273 0.315285 0.011135 0.042806 0.4981
0 0.915853 0.491247 0.022665 0.072720 0.4823
0 0.101106 0.525252 0.021346 0.073484 0.4651
0 0.590224 0.326247 0.011969 0.038751 0.4105
