0 0.645948 0.394954 0.017488 0.058210 0.7798
0 0.026952 0.729505 0.034362 0.124374 0.7438
0 0.980943 0.505589 0.021684 0.079534 0.7017
0 0.865210 0.418420 0.020222 0.061664 0.6311
0 0.668602 0.391896 0.013386 0.046471 0.5950
0 0.919450 0.495497 0.024450 0.077554 0.5645
0 0.706644 0.352465 0.012756 0.042534 0.5608
0 0.723645 0.356225 0.014029 0.044492 0.5304
0 0.061749 0.702928 0.042614 0.105538 0.4703
0 0.339821 0.391541 0.017966 0.045572 0.4466
0 0.302470 0.412048 0.018810 0.047798 0.4198
0 0.784989 0.417232 0.014731 0.047700 0.4012
