0 0.881843 0.509647 0.029152 0.074849 0.7875
0 0.095504 0.531893 0.019737 0.065861 0.6499
0 0.015147 0.695385 0.030294 0.122769 0.6464
0 0.862397 0.432039 0.027212 0.067384 0.6049
0 0.262161 0.449203 0.019157 0.062822 0.5908
0 0.768309 0.411720 0.025016 0.070208 0.5541
0 0.068115 0.613930 0.027227 0.096620 0.5388
0 0.081284 0.648494 0.031446 0.086459 0.5028
0 0.945296 0.486440 0.020927 0.098072 0.4754
0 0.955627 0.899794 0.086087 0.194110 0.4591
0 0.832003 0.402997 0.014999 0.048133 0.4553
0 0.962175 0.480460 0.016650 0.067456 0.4543
0 0.399887 0.337033 0.019105 0.051211 0.4017
