0 0.148308 0.227698 0.041181 0.147168 0.7982
0 0.710952 0.189581 0.032704 0.118456 0.7065
0 0.746052 0.538166 0.093415 0.263788 0.6631
0 0.514660 0.457762 0.071467 0.235241 0.6397
0 0.543708 0.174822 0.039946 0.144426 0.6329
0 0.864018 0.283020 0.041976 0.169628 0.6255
0 0.897298 0.281833 0.038525 0.154791 0.6186
0 0.399849 0.589137 0.082775 0.211431 0.5832
0 0.973360 0.453345 0.052596 0.270735 0.5187
0 0.572368 0.250091 0.049148 0.158014 0.4865
0 0.937699 0.258417 0.035284 0.149784 0.4381
0 0.969401 0.414064 0.048827 0.191624 0.4184
