0 0.979533 0.499433 0.022173 0.078845 0.6930
0 0.084431 0.622029 0.026672 0.093071 0.6451
0 0.949922 0.494450 0.023520 0.087501 0.6365
0 0.877964 0.440716 0.018521 0.062875 0.6031
0 0.158939 0.537956 0.025327 0.066907 0.5561
0 0.743858 0.382376 0.017461 0.053118 0.5370
0 0.968666 0.494101 0.015986 0.081767 0.5055
0 0.179202 0.440060 0.023791 0.056400 0.5011
0 0.261499 0.441654 0.018559 0.053348 0.4441
0 0.808023 0.457960 0.027549 0.067783 0.4271
0 0.765184 0.394272 0.017553 0.036176 0.4153
0 0.975636 0.496007 0.023957 0.082945 0.4089
