0 0.251667 0.479087 0.022707 0.080520 0.6848
0 0.177159 0.585389 0.027614 0.074829 0.6662
0 0.192814 0.445307 0.015369 0.054747 0.6075
0 0.359303 0.416033 0.018965 0.055563 0.5558
0 0.722014 0.349962 0.013436 0.044860 0.5129
0 0.689468 0.334345 0.014491 0.031461 0.4988
0 0.862365 0.425325 0.021498 0.056055 0.4850
0 0.638932 0.338151 0.015026 0.038592 0.4815
0 0.803692 0.465978 0.022931 0.072068 0.4659
0 0.337141 0.396461 0.020418 0.057855 0.4433
0 0.880025 0.429219 0.021303 0.051116 0.4057
0 0.801227 0.381927 0.017511 0.049494 0.4018
