0 0.134971 0.652610 0.034927 0.101762 0.8366
0 0.984461 0.524277 0.027847 0.083717 0.7055
0 0.849027 0.518819 0.029710 0.083193 0.6599
0 0.065491 0.699914 0.039908 0.107861 0.6562
0 0.085690 0.599154 0.024780 0.061699 0.6280
0 0.223897 0.534016 0.022108 0.068623 0.5952
0 0.257468 0.488007 0.015353 0.069960 0.5612
0 0.656426 0.380014 0.016888 0.050134 0.5493
0 0.896437 0.444791 0.014788 0.057406 0.5002
0 0.751682 0.440859 0.017122 0.062593 0.4837
0 0.684551 0.370279 0.016414 0.051845 0.4467
0 0.427719 0.614967 0.041178 0.108647 0.4189
0 0.626854 0.382808 0.018031 0.049849 0.4139
