0 0.042530 0.750304 0.039249 0.126701 0.7560
0 0.110943 0.611033 0.028998 0.090978 0.7445
0 0.812776 0.483301 0.023090 0.066695 0.6462
0 0.045301 0.721772 0.036945 0.107051 0.6428
0 0.636238 0.674256 0.043194 0.138822 0.6366
0 0.136992 0.612695 0.031260 0.080201 0.6310
0 0.839236 0.407763 0.015111 0.049764 0.5650
0 0.165369 0.447539 0.021583 0.056699 0.5134
0 0.761578 0.441811 0.017971 0.061695 0.5066
0 0.030830 0.586674 0.020819 0.082612 0.4818
0 0.204080 0.450337 0.017230 0.049733 0.4420
0 0.431619 0.435407 0.017535 0.052620 0.4278
