0 0.198004 0.509604 0.024222 0.070346 0.7029
0 0.008638 0.567886 0.017276 0.083310 0.6877
0 0.234048 0.507630 0.021451 0.067817 0.6840
0 0.950535 0.493950 0.023287 0.088394 0.5811
0 0.847456 0.407226 0.016852 0.048127 0.4927
0 0.216760 0.506752 0.018811 0.069092 0.4755
0 0.485993 0.375042 0.015360 0.046398 0.4651
0 0.783250 0.423731 0.016235 0.054577 0.4578
0 0.640134 0.334738 0.013268 0.040349 0.4561
0 0.430380 0.289027 0.010852 0.039009 0.4553
0 0.679824 0.316838 0.012306 0.038720 0.4451
0 0.455061 0.280392 0.010771 0.036599 0.4363
