0 0.262101 0.479742 0.025764 0.070311 0.7222
0 0.125559 0.580259 0.029960 0.083152 0.7204
0 0.949446 0.492578 0.022662 0.092009 0.6770
0 0.785294 0.450661 0.022338 0.071217 0.6568
0 0.209897 0.538641 0.018768 0.074381 0.5760
0 0.805718 0.394394 0.015031 0.052120 0.5510
0 0.713483 0.359130 0.015661 0.046871 0.5381
0 0.346959 0.492613 0.029177 0.076896 0.5248
0 0.187426 0.540156 0.018213 0.074109 0.4822
0 0.018820 0.572726 0.022884 0.082071 0.4664
0 0.019761 0.583161 0.021788 0.062267 0.4509
0 0.807132 0.454625 0.025396 0.063370 0.4465
0 0.468919 0.336497 0.015414 0.045121 0.4170
