0 0.239373 0.540096 0.025408 0.080780 0.8147
0 0.019209 0.775517 0.037769 0.115814 0.8105
0 0.091148 0.619670 0.031059 0.095910 0.7864
0 0.116772 0.599818 0.033115 0.088708 0.7586
0 0.958802 0.490108 0.018360 0.087940 0.6962
0 0.194359 0.611684 0.031532 0.096222 0.6691
0 0.921069 0.467499 0.019290 0.068990 0.6581
0 0.377751 0.383407 0.018626 0.050829 0.5377
0 0.770689 0.458868 0.023645 0.066173 0.5244
0 0.807650 0.476310 0.023204 0.061561 0.5154
0 0.733896 0.409491 0.013825 0.051991 0.4814
0 0.618438 0.343614 0.015409 0.045908 0.4756
0 0.645705 0.276089 0.012348 0.045380 0.4361
0 0.259162 0.476012 0.018252 0.050995 0.4201
