0 0.477509 0.662557 0.026400 0.112391 0.7516
0 0.913708 0.466760 0.026765 0.076184 0.7065
0 0.631148 0.325079 0.012088 0.036442 0.6375
0 0.303334 0.443574 0.021199 0.064006 0.6134
0 0.275971 0.746449 0.066794 0.140796 0.5872
0 0.804910 0.398105 0.014989 0.041763 0.5807
0 0.840465 0.419046 0.015705 0.058676 0.5605
0 0.392852 0.457186 0.025971 0.064283 0.5311
0 0.609693 0.314926 0.011464 0.033760 0.4810
0 0.391640 0.687485 0.047414 0.121635 0.4803
0 0.741219 0.389787 0.016012 0.049118 0.4582
0 0.866817 0.436373 0.013251 0.038423 0.4394
0 0.262855 0.501530 0.016716 0.050737 0.4378
0 0.676451 0.386041 0.016586 0.050858 0.4269
0 0.611554 0.314753 0.011698 0.036973 0.4062
